Iter0 t(s)	Iter0 HV	Iter1 t(s)	Iter1 HV	Iter2 t(s)	Iter2 HV	Iter3 t(s)	Iter3 HV	Iter4 t(s)	Iter4 HV	Iter5 t(s)	Iter5 HV	Iter6 t(s)	Iter6 HV	Iter7 t(s)	Iter7 HV	Iter8 t(s)	Iter8 HV	Iter9 t(s)	Iter9 HV	
0.0030012130737304688	919692.5999733093	0.004204988479614258	926506.8306040792	0.0040018558502197266	993945.4907885552	0.0035049915313720703	935599.3335203198	0.0030014514923095703	945449.1569193545	0.0045070648193359375	975350.8801841306	0.004506826400756836	881587.1928196179	0.0039997100830078125	981540.6819411915	0.0035021305084228516	952770.7413171211	0.002995729446411133	910924.5257021944	
0.00850367546081543	962414.2894405972	0.015233755111694336	947261.6855680668	0.015014886856079102	1015493.6671666614	0.018047809600830078	976124.9603337897	0.011507034301757812	1025125.6368947334	0.01501917839050293	1012312.6526673372	0.018521785736083984	923388.6426557347	0.015532255172729492	1003870.7450843973	0.014008045196533203	966229.1927818499	0.008268356323242188	961063.2513157726	
0.022010326385498047	1017619.7806808949	0.03224802017211914	982000.0648223049	0.050186872482299805	1041298.9392977915	0.04116415977478027	990732.280598828	0.025521039962768555	1046868.380230442	0.031543731689453125	1034408.7779267922	0.03875470161437988	976165.2839677457	0.0337529182434082	1063437.4750572925	0.03073859214782715	1011321.576159253	0.01627373695373535	1018889.4092850394	
0.03351259231567383	1045624.8165470485	0.05527162551879883	998977.097475446	0.07496476173400879	1053438.8901619737	0.06061840057373047	1036683.5170265385	0.03854489326477051	1069695.381123184	0.05006885528564453	1054511.7291018197	0.05977368354797363	1021162.8632832195	0.05626964569091797	1090398.5142362714	0.05553865432739258	1036068.223151459	0.02979278564453125	1054530.8070139156	
0.04703950881958008	1066163.825535688	0.07755446434020996	1035214.8620283736	0.09989452362060547	1072955.9099570867	0.08259820938110352	1051596.1288105831	0.05162978172302246	1086861.9144368316	0.07159781455993652	1067953.4365484011	0.08544778823852539	1049584.2296912246	0.08130598068237305	1113371.4298014077	0.08015942573547363	1073737.5722396057	0.04330182075500488	1086815.6457299523	
0.06055021286010742	1093110.756343397	0.10211753845214844	1050087.943075056	0.12381815910339355	1100434.4492061748	0.104736328125	1067842.898383231	0.06513619422912598	1108637.1613512998	0.09838986396789551	1090757.0058340568	0.11250901222229004	1066582.8755113625	0.1069631576538086	1130241.3161960437	0.10675048828125	1097053.7453342471	0.05700254440307617	1102009.9790647572	
0.07571554183959961	1105841.4729470648	0.1300184726715088	1082809.665634569	0.1495811939239502	1133899.2518119968	0.1264665126800537	1090301.9634244684	0.08216571807861328	1116145.171964126	0.12843084335327148	1103945.2586067584	0.1480391025543213	1081245.6146913616	0.13311505317687988	1142665.0167483627	0.13408327102661133	1113611.7818491205	0.07201766967773438	1112879.4354615824	
0.08890533447265625	1116773.7871317042	0.1533653736114502	1105547.53091904	0.172590970993042	1141054.3226700823	0.1506824493408203	1113755.503065292	0.09817910194396973	1130467.525973981	0.16067075729370117	1120716.0201652595	0.1761760711669922	1115470.2900508572	0.16113853454589844	1160495.5945240573	0.16062068939208984	1125216.5117650232	0.08652472496032715	1127606.365769049	
0.10540938377380371	1123587.4597657397	0.17930889129638672	1117973.6130036677	0.19807815551757812	1153130.057429255	0.17323875427246094	1126756.4137993674	0.11537623405456543	1139498.9279471496	0.19375014305114746	1142165.3763197057	0.2027299404144287	1125944.5310924253	0.19016504287719727	1172075.87896204	0.19487476348876953	1138792.0058227968	0.10354351997375488	1139073.692028996	
0.12192893028259277	1142266.5646142203	0.20677590370178223	1124388.4638271357	0.2221522331237793	1159778.4429877955	0.19736528396606445	1136734.1992030835	0.13190937042236328	1160947.286833639	0.22328543663024902	1147281.7014939457	0.23171162605285645	1132610.6948225095	0.22220444679260254	1177010.3594364494	0.22438883781433105	1154487.365594749	0.11805009841918945	1172378.8801903117	
0.13555550575256348	1151126.7103490715	0.23529648780822754	1149011.8746365232	0.24617862701416016	1171518.3221141254	0.22609877586364746	1145800.4239772265	0.14995098114013672	1168678.2143380365	0.25281429290771484	1154657.7514953278	0.2638978958129883	1148135.4816067938	0.2546861171722412	1187479.6111827365	0.25176501274108887	1166107.314222997	0.13483643531799316	1177448.297511569	
0.15179157257080078	1161231.2926569697	0.2608189582824707	1156813.8769242733	0.2709846496582031	1178390.0833215	0.256793737411499	1154878.2803448294	0.1664578914642334	1178871.8430080535	0.2798738479614258	1177230.838195533	0.29251766204833984	1153803.3245161988	0.28830885887145996	1198425.9979732814	0.27773356437683105	1170684.6389518778	0.15090465545654297	1188115.0421818993	
0.16679787635803223	1188010.871774157	0.2909519672393799	1166354.8559483842	0.2949965000152588	1186325.7786068302	0.2828848361968994	1174054.9763110236	0.18449187278747559	1183400.632459267	0.30890464782714844	1184589.1630711744	0.3200511932373047	1158098.5044695642	0.31670498847961426	1204837.7599137963	0.30124878883361816	1176506.0544171354	0.16541123390197754	1202229.902580113	
0.1833043098449707	1193464.0667450305	0.3203294277191162	1186259.1064299012	0.3210935592651367	1211278.6545893943	0.3108534812927246	1178484.5225903117	0.20202064514160156	1189127.4904826488	0.3371148109436035	1191686.693344703	0.3465690612792969	1170992.4938193846	0.34888386726379395	1219914.0714064294	0.32662510871887207	1180231.2825491976	0.18242573738098145	1214707.333056453	
0.2003164291381836	1202168.3249131087	0.3454883098602295	1188996.086852808	0.34867262840270996	1224117.0041601516	0.34255409240722656	1182355.1884535193	0.21954965591430664	1203220.3164229062	0.3671529293060303	1198197.4684180862	0.3776116371154785	1182032.5381223194	0.3769199848175049	1222122.4168815254	0.35192251205444336	1189158.0346775025	0.1964406967163086	1220475.4942958069	
0.22032856941223145	1213899.2720522536	0.3721764087677002	1194983.2815826351	0.3822031021118164	1234740.1000738896	0.37059950828552246	1189714.1071894672	0.245713472366333	1208402.0852854287	0.3976902961730957	1203310.002131421	0.40485405921936035	1186137.1154518663	0.40346264839172363	1227561.465175439	0.3812370300292969	1196667.4465870298	0.21016478538513184	1224443.5275681447	
0.23791122436523438	1218477.0127446514	0.39841318130493164	1204344.3680250547	0.4087355136871338	1237239.8024726666	0.4004364013671875	1195035.9195916862	0.26212120056152344	1214847.0148094867	0.43423962593078613	1209292.0347548074	0.42937564849853516	1200358.046523959	0.4304931163787842	1231949.8877001281	0.41658496856689453	1203653.6815389576	0.2246716022491455	1234472.8754825038	
0.255889892578125	1224021.1650603847	0.4274418354034424	1214015.3403733203	0.4352600574493408	1243358.0404820761	0.4308631420135498	1199969.8103242344	0.27965307235717773	1219037.825369408	0.46668529510498047	1215342.3392929872	0.45723891258239746	1213495.3429688176	0.4618642330169678	1234054.6420800956	0.4467651844024658	1207242.5068736658	0.2446904182434082	1237325.0963162947	
0.27309536933898926	1227948.6902121245	0.4568781852722168	1222280.4651079809	0.4630320072174072	1252609.6770130894	0.4557301998138428	1207172.48644341	0.29918432235717773	1229238.0675734512	0.499906063079834	1218000.6228426495	0.48476123809814453	1221661.6746605518	0.490694522857666	1241550.0069606763	0.4725964069366455	1210946.0819849058	0.25949811935424805	1248394.4037933112	
0.29210543632507324	1234943.092493746	0.4835948944091797	1227546.1859888597	0.48978638648986816	1253900.2012160213	0.48425960540771484	1210010.4735698272	0.3150057792663574	1236942.5858318051	0.5280795097351074	1222148.9180209436	0.5137946605682373	1225610.3861200556	0.5224697589874268	1245993.2608446241	0.5017538070678711	1217444.1330967608	0.27707552909851074	1251890.3603074702	
0.3153834342956543	1240560.7308689773	0.5136218070983887	1238558.3647172772	0.5185732841491699	1259503.5470507683	0.5123164653778076	1212582.6866169919	0.33353471755981445	1242276.8268012975	0.5583043098449707	1227119.9153490043	0.5463531017303467	1227138.2595672978	0.5532493591308594	1252681.947697569	0.5259394645690918	1225672.398645809	0.29316258430480957	1254185.716086448	
0.3343980312347412	1243006.4149657208	0.5430593490600586	1240069.2343210527	0.5558521747589111	1262316.0815869216	0.5438482761383057	1230277.4853049105	0.34906721115112305	1245145.1665199418	0.5868468284606934	1236501.7371528964	0.5752637386322021	1229404.8653775505	0.582319974899292	1257087.6506202088	0.5498013496398926	1229299.3702729056	0.30918240547180176	1257974.0928969558	
0.36118340492248535	1247400.826169061	0.5756831169128418	1241147.9886811706	0.5910313129425049	1266234.5421472646	0.5729217529296875	1233098.43904814	0.36557531356811523	1251962.9358225695	0.6178891658782959	1239649.7213124002	0.6057682037353516	1232546.4645237676	0.6126923561096191	1259483.9241801822	0.572317361831665	1237367.1671029874	0.3256876468658447	1259475.5796384232	
0.3791921138763428	1250384.115381158	0.6048257350921631	1244637.3668530807	0.6270673274993896	1273200.328677305	0.6064767837524414	1241049.5216192165	0.3816108703613281	1255289.5026072853	0.6479339599609375	1243586.7692636605	0.6393084526062012	1235501.635721676	0.643906831741333	1261484.5720395243	0.5982513427734375	1243747.9438608196	0.34070611000061035	1260475.9804320238	
0.39820241928100586	1253666.153625597	0.6343474388122559	1247882.26492048	0.6580708026885986	1274910.1005321317	0.6363906860351562	1246757.8284986294	0.39914989471435547	1256162.5644489725	0.6777541637420654	1248277.7330558214	0.6678822040557861	1239631.7262298511	0.6734392642974854	1263936.6327953835	0.621762752532959	1253363.6619655932	0.35872626304626465	1261793.2433861776	
0.4127063751220703	1257904.9758166522	0.6593418121337891	1250664.5782632418	0.6901588439941406	1275334.9455224532	0.6659181118011475	1254977.6323809184	0.4193575382232666	1258753.6040955808	0.7072865962982178	1248968.994795285	0.6968810558319092	1243483.463328978	0.7017252445220947	1266677.7297100953	0.6496844291687012	1259591.581942347	0.3742389678955078	1261903.77098064	
0.4272124767303467	1260277.8452240292	0.6855082511901855	1253285.0471499567	0.7218565940856934	1277267.6214883374	0.6969563961029053	1257436.7885559197	0.43787693977355957	1261213.5608861432	0.7353334426879883	1250880.9761076665	0.7224297523498535	1245133.599587943	0.7317655086517334	1269976.672333453	0.6754546165466309	1262845.8822978744	0.38925719261169434	1264184.0549257225	
0.44335126876831055	1262226.1994983472	0.7133505344390869	1256539.551384618	0.7512836456298828	1285211.6975366427	0.7245101928710938	1259372.3016140074	0.4561769962310791	1263873.12784644	0.7635009288787842	1252683.290589406	0.74611496925354	1248015.3865599483	0.7577879428863525	1273023.704824797	0.7026128768920898	1264491.8446899322	0.40427303314208984	1266844.6731052161	
0.46087217330932617	1268764.5660300131	0.7409975528717041	1260241.6237362649	0.7838015556335449	1286919.4509599926	0.7520396709442139	1261573.6091641164	0.474215030670166	1264901.6885002698	0.794058084487915	1254731.4711089511	0.7758743762969971	1248395.5264855574	0.7885546684265137	1275830.5022173831	0.7311348915100098	1265996.41877219	0.41878819465637207	1266985.1411885691	
0.47607922554016113	1270569.494905671	0.7690219879150391	1263329.309026859	0.8145971298217773	1290432.1478949243	0.7818076610565186	1263437.0299756061	0.4917469024658203	1266693.163690628	0.8202712535858154	1257870.3073746564	0.8043997287750244	1250035.0844106504	0.8163151741027832	1278701.1087711498	0.7533550262451172	1267220.7222330284	0.4353063106536865	1268676.480550507	
0.49409914016723633	1275563.7067220593	0.7975337505340576	1267425.7033680205	0.85247802734375	1294719.2705348062	0.81484055519104	1264969.739319614	0.5102801322937012	1267685.3271744435	0.8498189449310303	1261401.9568045915	0.8354330062866211	1251734.3382760976	0.8471033573150635	1280040.7605025587	0.7798800468444824	1269208.8451721738	0.4518699645996094	1272644.5112539178	
0.509117841720581	1278274.6108470901	0.8240220546722412	1267757.7419224163	0.8885018825531006	1296460.7532712778	0.8456566333770752	1270686.242889112	0.5295956134796143	1269737.3650465105	0.8793544769287109	1263146.5036921443	0.8615727424621582	1253276.1513325684	0.8766324520111084	1282600.2759314377	0.8078970909118652	1272334.000174572	0.4696781635284424	1279390.4432595759	
0.5236251354217529	1279396.1024082594	0.8490357398986816	1269976.1541076347	0.9282782077789307	1297368.6646626324	0.8741896152496338	1272226.1284885418	0.5486114025115967	1271433.5089173862	0.9073872566223145	1264509.5991259424	0.8875894546508789	1256481.1376371928	0.9089882373809814	1285408.7075476144	0.831413984298706	1273915.2642204354	0.48718786239624023	1280639.3680835932	
0.5411913394927979	1281817.1682379274	0.8777453899383545	1271501.1671641804	0.9587626457214355	1298511.1910980584	0.9012479782104492	1274232.801528289	0.5681402683258057	1274371.4424646983	0.9379315376281738	1269759.2117668635	0.91861891746521	1262642.4035794775	0.9370303153991699	1287726.712888244	0.8571949005126953	1274800.076211582	0.5032033920288086	1282129.8320959988	
0.5567920207977295	1283211.1735903143	0.9062108993530273	1274084.5460136093	0.9882888793945312	1298866.0821127328	0.9317760467529297	1273888.751476633	0.586679220199585	1275873.0744986825	0.968256950378418	1274392.804852289	0.9546501636505127	1264255.138671309	0.9667348861694336	1289198.8831291818	0.8793694972991943	1277987.5453555856	0.5212230682373047	1282318.3833658393	
0.5723047256469727	1284590.4354729436	0.9347333908081055	1274446.9097181226	1.0178172588348389	1299501.7903462432	0.9622974395751953	1278813.432332799	0.6022076606750488	1276985.9274901347	0.9967794418334961	1275347.1891076842	0.9814658164978027	1267717.295172748	0.9960553646087646	1292521.906548333	0.9053869247436523	1280102.1467238222	0.537250280380249	1282927.8707370455	
0.5883219242095947	1284894.3822730337	0.9645018577575684	1276547.4305710504	1.0483388900756836	1299654.9546689577	0.9875752925872803	1280219.44937198	0.6177291870117188	1278403.467810835	1.0268073081970215	1277563.4591364723	1.0166454315185547	1269680.4758541354	1.0281152725219727	1296439.1239638377	0.9337456226348877	1283228.459364008	0.5532643795013428	1283617.4728423632	
0.6038315296173096	1286761.9936603908	0.9915025234222412	1279205.2044905778	1.0775532722473145	1300760.8318510975	1.0146000385284424	1281724.8487743984	0.6347544193267822	1278444.5440388406	1.0600664615631104	1279760.4374147484	1.0421710014343262	1270734.8913740965	1.0606446266174316	1298697.2939231806	0.961341142654419	1284431.4546035866	0.5682754516601562	1284004.718515835	
0.6188490390777588	1288568.7091807409	1.0196824073791504	1281973.578321584	1.1062579154968262	1301033.5139074242	1.0443055629730225	1286084.4551724906	0.6527252197265625	1278651.9250703917	1.0916671752929688	1280929.098771508	1.0699090957641602	1272107.3088482153	1.0897932052612305	1299450.1663310209	0.9873645305633545	1285013.5075387682	0.5827858448028564	1284636.897433728	
0.6353569030761719	1289112.7844880593	1.047515869140625	1285144.6834291727	1.1357982158660889	1301580.8939505294	1.072840929031372	1287359.6731557273	0.6682605743408203	1280171.3642489698	1.1207044124603271	1283367.1835832305	1.0984292030334473	1273900.9902670123	1.1225602626800537	1300905.357079892	1.0196566581726074	1288888.7829732965	0.5973660945892334	1285883.5690947087	
0.650886058807373	1290938.4163517118	1.0753448009490967	1287390.8431648705	1.168257474899292	1303665.6008403571	1.1075265407562256	1288318.6166704174	0.6832952499389648	1280682.5894570586	1.1512610912322998	1285805.525209592	1.1254615783691406	1278261.7823994702	1.153088092803955	1301440.9466526103	1.045762062072754	1292619.9343481038	0.6133923530578613	1286408.845017115	
0.666203498840332	1292592.2831598038	1.1028728485107422	1289419.6556514965	1.2087018489837646	1304091.106245075	1.1381874084472656	1290240.6699585826	0.6988391876220703	1282975.9880685136	1.1832940578460693	1289795.7641090485	1.1539850234985352	1283253.1222377804	1.1826269626617432	1304411.2105721852	1.0744941234588623	1297956.7653861316	0.6274068355560303	1286605.1411342027	
0.6827192306518555	1294202.8954073638	1.1336779594421387	1294699.4946835954	1.2517151832580566	1304190.5791047486	1.1714527606964111	1290544.9537163398	0.7153890132904053	1283011.6665263514	1.2214791774749756	1291858.6015697408	1.1817173957824707	1285424.8805726469	1.2100398540496826	1305798.0439071977	1.1046903133392334	1298859.5795203976	0.643939733505249	1286925.8046043087	
0.69773268699646	1295972.619936677	1.1612505912780762	1296567.6405841457	1.283956527709961	1304227.9934371505	1.2037734985351562	1291543.0983754974	0.7326138019561768	1283162.538727434	1.257030963897705	1292173.8840799695	1.2138125896453857	1287303.3624700715	1.2376933097839355	1305242.6085130959	1.1385166645050049	1300246.4981641585	0.6585359573364258	1287232.6888285915	
0.713242769241333	1296611.9150148698	1.189417839050293	1297666.6444050386	1.3181698322296143	1305811.5839212027	1.2386317253112793	1292606.6304020952	0.7471246719360352	1282633.028709444	1.2922663688659668	1292731.18547619	1.2456152439117432	1287111.505821762	1.264282464981079	1306439.304051824	1.1699233055114746	1300347.110023737	0.6737806797027588	1288445.8854881523	
0.7288784980773926	1298499.358901077	1.2175681591033936	1298522.3940056195	1.3480958938598633	1306324.12112563	1.2716596126556396	1293543.6291075153	0.761648416519165	1285615.1223603333	1.3229856491088867	1293796.772378301	1.2787840366363525	1287888.7657808184	1.2862906455993652	1307386.8046282767	1.19899582862854	1300753.8687497526	0.6907994747161865	1289683.6614055734	
0.7466366291046143	1299150.2287096204	1.2482402324676514	1298699.1590965814	1.378617286682129	1306984.1752351671	1.2991797924041748	1293889.0204654885	0.7786784172058105	1287712.1200907205	1.358358383178711	1295160.2139244867	1.311316728591919	1288254.9525848913	1.3140101432800293	1307898.4722318186	1.2293856143951416	1302393.3327674547	0.7073047161102295	1287416.12803701	
0.7604539394378662	1298515.1386349571	1.274362325668335	1299077.5593889896	1.4071593284606934	1308319.8049717834	1.3307011127471924	1293972.6694151107	0.7927007675170898	1287651.0772379823	1.3898940086364746	1296552.9478359665	1.3393373489379883	1288780.0658370708	1.338960886001587	1308389.468590868	1.2628066539764404	1301920.9062827793	0.7223203182220459	1288203.5555803988	
0.7769637107849121	1299490.9081485807	1.306962490081787	1299516.199769701	1.4363906383514404	1308741.4982805	1.3583111763000488	1295042.3392544223	0.8062114715576172	1288212.6075075008	1.424541711807251	1298875.613188864	1.3658583164215088	1289130.5181266505	1.3659727573394775	1309085.4650820356	1.2934226989746094	1304120.063625335	0.7383489608764648	1290068.0486182543	
0.7929785251617432	1304835.948767319	1.3388350009918213	1302106.7618389067	1.4651191234588623	1309045.383764694	1.3881285190582275	1295119.4440078528	0.8227427005767822	1289470.6089911659	1.4686369895935059	1299036.94477431	1.392578125	1289916.9443501586	1.3990387916564941	1313119.1363023042	1.3277361392974854	1305322.4843261892	0.7570548057556152	1290998.6856743565	
0.8079884052276611	1306639.382036443	1.3708891868591309	1303133.558592822	1.4956388473510742	1308367.8195472378	1.416170358657837	1296621.5025866758	0.83927321434021	1291280.6116774161	1.4947898387908936	1299996.2876633934	1.4216039180755615	1290212.970782134	1.4290688037872314	1312769.2872703765	1.3651340007781982	1305533.5787350899	0.7749154567718506	1291390.4415821438	
0.8255002498626709	1306397.6328373323	1.4001846313476562	1305597.6060979716	1.5254085063934326	1308531.3547577662	1.4430055618286133	1297161.7010245165	0.8554525375366211	1293214.5451084978	1.524343729019165	1301166.9708639954	1.4526336193084717	1292030.8054619252	1.4552216529846191	1312559.5997812122	1.396195888519287	1306984.7671908939	0.7919297218322754	1293441.5480977697	
0.839679479598999	1306701.3608940109	1.428948163986206	1306187.2200852898	1.5525767803192139	1308646.920649577	1.4690396785736084	1297458.3895052713	0.8714756965637207	1295612.2730520277	1.5564887523651123	1301091.055166047	1.4828848838806152	1292710.5578432835	1.479764461517334	1312789.35174471	1.4217123985290527	1308964.3976977111	0.8102090358734131	1294837.0586400914	
0.8561868667602539	1306613.0227564874	1.4575390815734863	1306795.875936702	1.590627908706665	1309554.2964788356	1.4950997829437256	1298256.4462473006	0.8869879245758057	1296721.0286137057	1.583009958267212	1302194.1056548622	1.5179145336151123	1293455.6865949365	1.5043153762817383	1314084.725769024	1.4603033065795898	1308798.5279961985	0.8247227668762207	1296029.9276944224	
0.8733789920806885	1310594.7791791817	1.4877104759216309	1306804.4384908518	1.6226263046264648	1309920.6400696277	1.5216460227966309	1299027.7928722533	0.902512788772583	1297056.7792349579	1.6135447025299072	1303300.2294712937	1.5539436340332031	1293553.046946071	1.5320687294006348	1313266.5585215357	1.485978364944458	1310918.6427932903	0.841740608215332	1297273.309684746	
0.8903982639312744	1310887.1172831808	1.5159776210784912	1306626.9611297671	1.648144006729126	1311038.2346557048	1.554171085357666	1301059.6480132001	0.9160401821136475	1297159.05312085	1.6470942497253418	1302987.8447098788	1.5856895446777344	1295727.3150967557	1.5555822849273682	1313554.0450956705	1.5144972801208496	1312306.6162380774	0.8592710494995117	1298087.1756967597	
0.9069046974182129	1312170.5217385036	1.542745590209961	1307951.7006031552	1.6799416542053223	1312165.8707720484	1.5822303295135498	1301398.2979056383	0.9312572479248047	1297681.7250324131	1.670116662979126	1303195.4971704	1.6187198162078857	1296041.5745218794	1.5801188945770264	1313849.6112369196	1.5463953018188477	1312056.2180140843	0.8744893074035645	1297917.134416001	
0.9255847930908203	1313026.661353511	1.5727958679199219	1308178.0815510608	1.7064855098724365	1313267.0611295507	1.6101610660552979	1303407.1905328836	0.9492752552032471	1298360.3402273934	1.6998109817504883	1303296.067130313	1.6495282649993896	1295610.6476900387	1.605710744857788	1314237.4666238083	1.5734279155731201	1312856.350930846	0.8905019760131836	1301981.2284437495	
0.9416780471801758	1313584.681573992	1.6050074100494385	1308186.0589376462	1.7339417934417725	1313799.6999354376	1.6334936618804932	1303982.1319832606	0.9652895927429199	1299391.316202931	1.7279036045074463	1305563.545236761	1.678053855895996	1296628.0284113486	1.6330718994140625	1314246.0919122216	1.6004993915557861	1313332.4328683997	0.9105193614959717	1302808.46613685	
0.9579463005065918	1313905.353225474	1.6383264064788818	1308566.346354045	1.761979341506958	1314254.1741915701	1.660013198852539	1305648.6857883781	0.9810802936553955	1301301.9490527133	1.75508451461792	1306121.253365813	1.7086272239685059	1297648.3649846995	1.6587114334106445	1314786.3220718845	1.6378428936004639	1313378.1140076048	0.9265308380126953	1303123.1897796826	
0.9760622978210449	1314495.0724729367	1.6703588962554932	1308886.2564629023	1.7839901447296143	1314607.4769684759	1.6860244274139404	1305883.1982451074	0.9962539672851562	1301836.8122389978	1.785684585571289	1309730.7873468867	1.7396619319915771	1298928.807486401	1.6858594417572021	1315063.9875123785	1.6684787273406982	1313888.4908254358	0.9425475597381592	1302159.559698124	
0.9924848079681396	1314699.0892481974	1.7002370357513428	1310312.1883189017	1.8159301280975342	1315630.8351510395	1.711064338684082	1306408.2872176485	1.0128107070922852	1301451.0963921458	1.8145434856414795	1310996.5927277529	1.7773759365081787	1299601.449630924	1.7105696201324463	1316658.999285177	1.6997509002685547	1316587.2043324723	0.960561990737915	1302426.7592036964	
1.0099687576293945	1315117.7675298753	1.7304425239562988	1311342.7819566284	1.8476698398590088	1315643.7819162423	1.7416093349456787	1307820.1009261883	1.0293331146240234	1302623.6003694132	1.840078353881836	1311344.33545992	1.811795711517334	1300526.7086752295	1.73897123336792	1318398.4619138741	1.7287328243255615	1318449.1767477621	0.9785716533660889	1303607.7187982483	
1.0269782543182373	1315583.747491127	1.7648112773895264	1313212.1043536023	1.8754847049713135	1315158.0618891008	1.769620656967163	1308543.5795075765	1.0438745021820068	1302569.5250153304	1.8701374530792236	1314294.8128063777	1.8475213050842285	1302262.935343518	1.765505075454712	1318753.5323761445	1.7605633735656738	1317903.9868098279	0.9955911636352539	1302634.7778152232	
1.0430033206939697	1317395.9191919474	1.7975597381591797	1314478.0181841184	1.9090065956115723	1315963.5682882778	1.8016602993011475	1309028.1363566683	1.0585815906524658	1303602.8323584779	1.8998222351074219	1315061.086481765	1.8779077529907227	1302150.9458101776	1.7932684421539307	1319137.4416795757	1.7909116744995117	1315646.6665662783	1.0115184783935547	1302996.9441779067	
1.0602281093597412	1319991.7439944705	1.8290855884552002	1313212.5259566575	1.9469962120056152	1316493.5791308046	1.8336923122406006	1309957.2911555981	1.0741117000579834	1304217.9574700997	1.9292693138122559	1314968.676737949	1.9054336547851562	1304217.4502848473	1.816422462463379	1320078.1583127608	1.8188486099243164	1315487.3315686085	1.0292081832885742	1304838.149171461	
1.0758826732635498	1320204.7384141234	1.8603417873382568	1313890.5430530573	1.9865267276763916	1316206.051607173	1.8697381019592285	1310497.0537111405	1.0886363983154297	1304202.5786614586	1.9595186710357666	1315443.1137796477	1.9404690265655518	1304137.6503041033	1.8452599048614502	1320820.250605849	1.854649543762207	1315645.0300682383	1.045715570449829	1307004.782179404	
1.0928959846496582	1320150.6659029997	1.8921043872833252	1315180.316456334	2.0180463790893555	1317532.585165343	1.9032363891601562	1310946.968937162	1.1056594848632812	1304939.34468829	1.9885516166687012	1315717.3980670425	1.9705016613006592	1306712.3259429245	1.8688478469848633	1321342.1117116269	1.886446475982666	1315971.9660678774	1.06123948097229	1308041.543994733	
1.1079096794128418	1320387.8798098715	1.9200589656829834	1316015.947999463	2.050258159637451	1318660.5490770047	1.932771921157837	1311211.7876558942	1.1211943626403809	1305158.8748531912	2.019075393676758	1315564.1331522532	1.999746561050415	1306513.0666451342	1.8927643299102783	1321515.0979243761	1.9257354736328125	1315973.7217936732	1.0775065422058105	1308398.684011741	
1.1244187355041504	1320672.8554181706	1.9466831684112549	1316304.9280766223	2.082707166671753	1317989.580514761	1.9652912616729736	1311452.1462507157	1.1362147331237793	1306775.6395711328	2.048863410949707	1317237.824107672	2.0312838554382324	1307324.8000854747	1.9179768562316895	1321197.152510143	1.9598875045776367	1315825.6267770594	1.0935254096984863	1313938.44105917	
1.139195203781128	1320568.665812087	1.9735331535339355	1317951.7758203656	2.111295700073242	1318010.945124864	1.9946515560150146	1312853.392932317	1.152745246887207	1307081.8464366056	2.075042247772217	1317211.052221118	2.061253070831299	1307646.9709902338	1.9480855464935303	1321079.4928798971	2.0009360313415527	1320807.8452116405	1.1105387210845947	1314084.133002968	
1.1560401916503906	1320590.4827607302	2.0059220790863037	1318020.796036484	2.140226364135742	1318048.0240661646	2.0285279750823975	1314044.606875761	1.168764352798462	1308179.0921662627	2.106320381164551	1318545.502969843	2.0947916507720947	1307613.9279609262	1.9731500148773193	1320897.5981891523	2.0482468605041504	1320580.497661898	1.1255502700805664	1314264.9582763591	
1.173048496246338	1320561.167503386	2.037977457046509	1317720.7945527488	2.171297788619995	1318815.2457412384	2.064584255218506	1314657.4192493707	1.1842925548553467	1308354.474057465	2.134870767593384	1319578.1816842307	2.1278233528137207	1308883.5065372977	1.9987528324127197	1321373.2518015793	2.0900919437408447	1320376.7153662222	1.1424362659454346	1315226.1293028092	
1.1890590190887451	1320660.4437456427	2.0683095455169678	1318025.397288374	2.1970303058624268	1316555.0292406105	2.098633050918579	1314594.5771645422	1.2028241157531738	1307649.7947406233	2.168586254119873	1318485.6253665518	2.1559417247772217	1307784.5239567193	2.026348352432251	1321455.2826407887	2.140939474105835	1320483.329863259	1.1604576110839844	1315915.6477818019	
1.2045645713806152	1320058.19893582	2.098881959915161	1319072.2863003078	2.2233686447143555	1316267.825307746	2.1415843963623047	1315287.3753925564	1.2178375720977783	1307792.2768965398	2.203122138977051	1318886.8479105467	2.1832709312438965	1308165.2719149424	2.051370620727539	1321787.472131292	2.1874423027038574	1320606.4355372027	1.176964521408081	1315518.8358338557	
1.222580909729004	1320683.237564661	2.129575252532959	1319255.4858669036	2.246460199356079	1316461.6359476445	2.176128387451172	1316815.783743809	1.2328646183013916	1309853.1081742195	2.229151725769043	1319097.100825141	2.209792375564575	1307839.3354419535	2.0739426612854004	1321959.7388208206	2.2199013233184814	1320053.375174473	1.1954858303070068	1315491.6722790452	
1.239161491394043	1320877.742758318	2.1576504707336426	1319752.1112921336	2.2739036083221436	1316555.308185574	2.209909200668335	1318626.7792974557	1.2478930950164795	1310779.1124214272	2.2536869049072266	1319205.494040065	2.244323492050171	1307982.365484066	2.1014692783355713	1322060.2756749943	2.244516611099243	1320212.8909485056	1.211212158203125	1315288.7865160643	
1.2571711540222168	1322130.2165999387	2.1972901821136475	1320600.4777201796	2.30208683013916	1316061.9389781873	2.2439515590667725	1317352.6607076975	1.2646961212158203	1309693.1869802384	2.2814888954162598	1320807.2432965569	2.2715864181518555	1308118.177796538	2.1326711177825928	1322348.507411853	2.273973226547241	1320456.919982233	1.2272262573242188	1315543.67209931	
1.2714831829071045	1322214.5676006125	2.2244768142700195	1321112.5024915945	2.3292462825775146	1316144.1717370378	2.281512498855591	1318237.3468005883	1.2812204360961914	1310991.727310293	2.311016082763672	1321114.3738656275	2.2996044158935547	1308649.5542696961	2.1627345085144043	1322683.835818285	2.3035032749176025	1320590.596030092	1.243260383605957	1316021.7755645532	
1.2890236377716064	1325953.8392035072	2.2575273513793945	1321278.943689594	2.3559939861297607	1316588.6803662637	2.3070356845855713	1317951.257625826	1.2972359657287598	1310307.4376760584	2.339559316635132	1322454.0939981197	2.337148427963257	1311220.3215985831	2.187743663787842	1320643.6792448685	2.3350212574005127	1320901.6157704764	1.2596030235290527	1316877.4330794886	
1.3070340156555176	1326011.2390204584	2.286834478378296	1322449.7028636301	2.38000750541687	1316631.3820765794	2.3345489501953125	1318031.0168318118	1.31276273727417	1310347.3130303887	2.3642220497131348	1323424.7002407114	2.3626763820648193	1311994.6406019954	2.2128026485443115	1321223.2989722213	2.363753080368042	1320374.4020907525	1.275749683380127	1317978.0515154817	
1.3225469589233398	1326599.2531311775	2.3196253776550293	1323265.2441361833	2.4110357761383057	1316520.547912011	2.3620831966400146	1318236.7814345972	1.3277826309204102	1312023.7644464013	2.3927552700042725	1323654.858331777	2.3899435997009277	1311974.1328710797	2.238760471343994	1321182.7708547928	2.392390727996826	1320473.1728060485	1.292433261871338	1318209.3239663818	
1.3390710353851318	1327442.0754852092	2.348923444747925	1323756.7994349352	2.436082601547241	1316542.6258882328	2.390310764312744	1318385.5564589244	1.3438091278076172	1311163.0211300408	2.419278144836426	1323950.5639099767	2.4234797954559326	1311677.0066361318	2.262169122695923	1321375.9070126202	2.423799991607666	1322449.497500725	1.3084430694580078	1318409.6879712688	
1.353804588317871	1327542.0577148923	2.384265661239624	1324617.5284056782	2.4660093784332275	1316442.8395765729	2.4198296070098877	1320101.8269702778	1.3583300113677979	1311835.4770153088	2.449864149093628	1323994.002909602	2.4486258029937744	1311844.441219874	2.286682367324829	1321469.8157769516	2.458540678024292	1322691.7427166314	1.3276476860046387	1319425.94128335	
1.3678138256072998	1327391.0520983145	2.4170608520507812	1323540.9077586925	2.4961555004119873	1316795.3946359602	2.4500977993011475	1320030.9254770514	1.373870611190796	1312046.192058617	2.477144241333008	1325060.779614701	2.477149724960327	1312672.928085286	2.311265707015991	1321693.8205658246	2.488837242126465	1321771.948534455	1.3466668128967285	1319634.2606407949	
1.3810622692108154	1327456.3501290167	2.4505457878112793	1323801.6402990941	2.52388596534729	1316760.02418535	2.479120969772339	1320325.8906121766	1.388892650604248	1311960.0993555402	2.503687858581543	1324023.5223905346	2.505671501159668	1312544.1661410101	2.3368988037109375	1322119.1978380806	2.5199978351593018	1321698.3762516198	1.362694263458252	1319770.3449767353	
1.3977992534637451	1327555.5347318547	2.482245922088623	1323839.41636693	2.5484044551849365	1316755.3994568484	2.5126750469207764	1320597.5078682802	1.4039123058319092	1312646.6434072854	2.537816286087036	1324306.8364585543	2.535701274871826	1312764.9659407507	2.3635671138763428	1322119.5140513887	2.5528171062469482	1324609.931346089	1.3797082901000977	1320416.1744020623	
1.4168050289154053	1327496.4357138681	2.5124921798706055	1324405.9762151733	2.573570966720581	1318185.5942639308	2.5422356128692627	1320797.5904269977	1.4214413166046143	1312718.2974070224	2.5653414726257324	1326966.7869436177	2.5712215900421143	1312162.0163920834	2.3865866661071777	1322130.813172669	2.5886096954345703	1324505.6541312588	1.3957176208496094	1320531.0104697368	
1.4358854293823242	1327832.123252608	2.541278600692749	1324907.3699330525	2.5990891456604004	1318191.2223074203	2.5672483444213867	1320715.225610122	1.4379687309265137	1312829.6419866374	2.5913734436035156	1329742.2797959514	2.5973997116088867	1312192.7366058119	2.413357734680176	1324086.4495157127	2.621126174926758	1324563.4486834533	1.4153811931610107	1321307.3904378582	
1.4569754600524902	1328100.764582601	2.5737662315368652	1325238.633017634	2.621103048324585	1318288.095036041	2.6000707149505615	1320873.0021256055	1.4551856517791748	1312742.681834688	2.620401382446289	1329770.2163954836	2.631561517715454	1312419.4194508083	2.4393787384033203	1324012.771152926	2.650442361831665	1324623.006553709	1.4344000816345215	1321888.2080706174	
1.4736278057098389	1328107.8080016705	2.603581190109253	1325573.9147075391	2.6431190967559814	1318392.2625691895	2.6287031173706055	1321338.8231926719	1.4733037948608398	1312567.8195306114	2.6504480838775635	1330009.8047525364	2.6663265228271484	1313028.21570506	2.464043140411377	1323811.4999841666	2.6828973293304443	1324740.9438978739	1.4549849033355713	1322154.0796300897	
1.4947025775909424	1328153.3390139479	2.6275954246520996	1325558.799182973	2.669008255004883	1318363.7075713777	2.6550629138946533	1322739.9139460006	1.4879920482635498	1312638.9692703898	2.6769826412200928	1329054.1838430401	2.6968472003936768	1312452.939344291	2.4940848350524902	1323371.3487405675	2.714421033859253	1324783.0664587577	1.47402024269104	1322243.3825995792	
1.5131278038024902	1328361.190807094	2.6577279567718506	1325422.9663900137	2.6970441341400146	1318508.610283527	2.6815907955169678	1322824.1767922852	1.5045225620269775	1312959.557834363	2.7022252082824707	1329372.2487024101	2.720372200012207	1313247.0120290862	2.5200397968292236	1323452.5600778884	2.744901657104492	1324816.8778372514	1.4908447265625	1321975.401950336	
1.5294125080108643	1328417.8436328154	2.695274591445923	1325449.6138248243	2.724207878112793	1318555.9725568704	2.7126286029815674	1323577.86959137	1.5203125476837158	1313249.340231834	2.7317657470703125	1329404.4190706727	2.7505736351013184	1313144.9128365875	2.5477633476257324	1323701.6989964107	2.7745823860168457	1324794.5894486513	1.5090699195861816	1322860.6058106306	
1.5511136054992676	1328461.2865871133	2.7216134071350098	1325631.4451334435	2.7518973350524902	1318874.5947308014	2.7411530017852783	1323403.377495807	1.5368409156799316	1313462.5517636742	2.7614753246307373	1329115.6697668615	2.775582790374756	1313150.8914587172	2.574908971786499	1323364.3072441262	2.806806802749634	1324870.030305613	1.527083158493042	1323209.95011206	
1.575129747390747	1328588.739184443	2.7511348724365234	1325791.718003753	2.779923439025879	1318887.5540400166	2.770667314529419	1323508.3715185286	1.5523786544799805	1313486.2820324255	2.786012887954712	1329060.7415842905	2.8062355518341064	1313073.1663198047	2.6049604415893555	1323411.7758682314	2.838622808456421	1324965.1483190742	1.5461223125457764	1322779.7541688723	
1.596146821975708	1328655.688486645	2.774219512939453	1326768.927467175	2.802955150604248	1319130.862121539	2.8029677867889404	1322464.216235363	1.568904161453247	1316927.6247453876	2.8167779445648193	1330066.230656666	2.829451084136963	1312090.6466174584	2.633863687515259	1323512.5996036862	2.868682861328125	1325023.951704914	1.5631904602050781	1322789.9206963994	
1.6171643733978271	1328740.3477191725	2.802419424057007	1326696.2527575651	2.8325178623199463	1319202.4361070795	2.832139492034912	1322454.1748039047	1.5849244594573975	1315926.6273196498	2.84682559967041	1330107.756894663	2.8603053092956543	1312697.8552051457	2.6578786373138428	1323444.9941086632	2.9011216163635254	1324065.6530997758	1.5822110176086426	1323980.4638527331	
1.637176513671875	1328763.167752483	2.8311328887939453	1326450.4409280524	2.8571410179138184	1319156.4661115888	2.8588478565216064	1322926.734996474	1.5984501838684082	1316217.1785340512	2.8760080337524414	1330032.420262619	2.888827323913574	1312749.5877350045	2.6813931465148926	1323487.4502872217	2.9327280521392822	1323966.3864061104	1.5987329483032227	1323817.8120017082	
1.6587834358215332	1325987.9613502417	2.857649087905884	1326647.5598598868	2.8828704357147217	1319196.4871265488	2.8873651027679443	1323241.27629994	1.614473581314087	1316270.5268798193	2.905374765396118	1329690.2343858203	2.9138550758361816	1312588.0196182607	2.704585313796997	1325323.9259360584	2.9611399173736572	1324131.4336059617	1.6162471771240234	1324640.4198226607	
1.6799662113189697	1325779.6755947773	2.8904359340667725	1326767.9056110906	2.912663221359253	1319099.9316659323	2.9153928756713867	1323299.517283493	1.6320044994354248	1317960.7846446037	2.9359257221221924	1329723.3370784307	2.9388694763183594	1314687.188798237	2.731894016265869	1325367.5568090773	2.9925167560577393	1324343.121956269	1.6328270435333252	1324631.741354707	
1.6969757080078125	1325749.553007063	2.9125378131866455	1326853.9761877465	2.9386203289031982	1319212.0139861584	2.9459149837493896	1323319.694900334	1.6480369567871094	1319435.1033572007	2.961121082305908	1330232.157461442	2.9598848819732666	1314771.4580387843	2.7559149265289307	1325580.0585464193	3.0180695056915283	1323408.1051369077	1.6498422622680664	1325170.3693720817	
1.7174694538116455	1325563.5484658396	2.939560651779175	1326761.9523059744	2.963752269744873	1319202.582592716	2.974436044692993	1323322.8603213243	1.665567398071289	1319564.5170234847	2.9906444549560547	1330948.2782870391	2.986102819442749	1323404.6308851829	2.783212661743164	1326348.4832364602	3.0466790199279785	1322860.0876617094	1.666585922241211	1326436.9939382763	
1.7411739826202393	1325575.6206803918	2.9631004333496094	1326849.3335685597	2.986553192138672	1319240.529211816	3.006580352783203	1325046.2553515565	1.6810977458953857	1319260.027891893	3.016674280166626	1330766.8856531014	3.0131282806396484	1323469.5484042256	2.812450408935547	1326481.603436149	3.0725669860839844	1322420.6299647684	1.6825997829437256	1326479.6180055393	
1.7555012702941895	1325671.2935169875	2.990243434906006	1326853.3055283467	3.0095815658569336	1319358.458152715	3.033097505569458	1325771.1549094012	1.7006256580352783	1319238.0106952605	3.043710947036743	1330985.4904131116	3.0411415100097656	1323446.312318209	2.8358285427093506	1326381.636844417	3.0970985889434814	1322522.3681239367	1.6971099376678467	1326544.0853261533	
1.7715187072753906	1325632.965292594	3.0150036811828613	1326868.2492631765	3.0350966453552246	1319832.3349188368	3.070749044418335	1326733.4397586407	1.721900463104248	1319236.6323549468	3.0697431564331055	1330677.4062297074	3.0714962482452393	1323925.1223770988	2.864358425140381	1326560.4912383312	3.1206133365631104	1322509.5416272979	1.7161269187927246	1326549.0646027918	
1.7870333194732666	1325404.3370626273	3.0405313968658447	1326975.7316189548	3.0642125606536865	1319864.6821740812	3.1027989387512207	1325403.0869489138	1.738426923751831	1319398.469270897	3.0960500240325928	1330583.851088975	3.104022741317749	1323497.7354350227	2.8913748264312744	1326530.9161464628	3.1474609375	1322528.6229066409	1.730668544769287	1326620.1013890863	
1.802809715270996	1328218.165752673	3.0654327869415283	1326512.9067046714	3.09073805809021	1319919.8169738331	3.1309921741485596	1325213.951833451	1.75644850730896	1321246.2862919644	3.122083902359009	1330890.5431866006	3.133051872253418	1323611.1896209726	2.917919397354126	1326775.7228073955	3.1725282669067383	1322652.8067090008	1.7441747188568115	1326635.239850974	
1.815321922302246	1328229.1296258317	3.0904746055603027	1326412.0227631037	3.1160073280334473	1320052.460735967	3.158231019973755	1325171.8580109803	1.7744879722595215	1321349.8029958676	3.149874687194824	1330864.0069640973	3.1600654125213623	1323379.842006124	2.9441113471984863	1326402.8318192854	3.1985480785369873	1322915.1488401105	1.761188268661499	1326637.5562147538	
1.828331708908081	1328256.9149741775	3.116356372833252	1326641.712068184	3.1479358673095703	1320150.9004942824	3.1878111362457275	1325075.5200213327	1.7890186309814453	1321475.6617037673	3.1799559593200684	1331901.8514203788	3.1912972927093506	1323796.2956079869	2.9686331748962402	1326603.0698769093	3.2267203330993652	1323139.0544210142	1.778700590133667	1326423.8377633074	
1.8428473472595215	1328431.5990803463	3.1393887996673584	1326645.0318413547	3.177978754043579	1320073.7386955195	3.215242624282837	1325425.924478105	1.8040390014648438	1321232.829798739	3.211494207382202	1331751.0623043466	3.2148220539093018	1323674.890532371	2.9991726875305176	1327403.0974919626	3.2511441707611084	1323091.3014869576	1.7947287559509277	1326425.8298337597	
1.857358455657959	1328456.2045143615	3.1669180393218994	1326631.372466624	3.203998565673828	1321129.872979049	3.24177622795105	1326066.911829429	1.8180546760559082	1321227.1115291498	3.238407611846924	1332174.9359978405	3.2413382530212402	1325171.7603052766	3.0241873264312744	1327389.261502452	3.275062322616577	1323114.9387282762	1.8108367919921875	1326583.2275014229	
1.871476650238037	1328231.3036646356	3.190614700317383	1326454.296866705	3.2370243072509766	1315734.555742707	3.26678466796875	1325708.4912042995	1.8345959186553955	1328282.805399624	3.263441324234009	1332438.9489443118	3.268951177597046	1324912.1234035576	3.0467638969421387	1327410.7355851997	3.2990942001342773	1323220.3197035824	1.8274836540222168	1327349.3184347085	
1.8843379020690918	1328231.3036646356	3.2173707485198975	1326429.982597742	3.262545347213745	1315667.9013467934	3.2923598289489746	1325700.988697986	1.8529021739959717	1328316.8938320957	3.290984630584717	1332570.7585970499	3.308112859725952	1324900.2529862677	3.077883005142212	1327436.5102308574	3.327730655670166	1323845.832883375	1.8431856632232666	1327398.5171061368	
1.900355339050293	1328216.3219045573	3.241161584854126	1326475.1127218895	3.290762186050415	1315678.2266762727	3.3253886699676514	1325974.669088173	1.8679203987121582	1328701.4339766768	3.3164963722229004	1332624.4428016415	3.3419394493103027	1325005.9970837524	3.105767250061035	1327638.54797073	3.353996515274048	1322686.2191886764	1.8603947162628174	1326280.0897785227	
1.9138615131378174	1328254.4463253752	3.266172170639038	1326555.1886879974	3.319800853729248	1315684.2127202041	3.3604233264923096	1326051.6163645287	1.8809571266174316	1328713.085660237	3.3415374755859375	1332663.670895242	3.373969793319702	1324661.209500127	3.1326122283935547	1327963.084947949	3.3780171871185303	1323224.4130938377	1.8769166469573975	1326308.6567153588	
1.9288783073425293	1331365.833003012	3.2938082218170166	1326568.7328600094	3.345876693725586	1315058.569130288	3.394728660583496	1326088.6895302434	1.8969779014587402	1328626.9010307193	3.368779182434082	1332676.570297855	3.4072670936584473	1324639.3108127161	3.1571273803710938	1328082.8998632084	3.4025323390960693	1323271.3445194652	1.8909785747528076	1326389.980108288	
1.947406530380249	1331854.9041900714	3.3178720474243164	1326599.9782695798	3.370401382446289	1315046.5185503403	3.442962408065796	1326122.6093041527	1.9106686115264893	1329175.2113386972	3.395198345184326	1332671.0321377676	3.432380437850952	1325681.5254920737	3.182150363922119	1327926.645236271	3.427060604095459	1323241.9602957447	1.9074828624725342	1326000.2704722632	
1.9694256782531738	1331904.7493027267	3.344224214553833	1324714.4004952905	3.396925687789917	1315378.5387416498	3.471492052078247	1326329.9771073577	1.9254436492919922	1329226.1908341213	3.4187839031219482	1332760.161421534	3.461402416229248	1327208.6564238404	3.206667900085449	1327760.333225887	3.4540793895721436	1323272.4597615076	1.926999807357788	1326022.5946515691	
1.9893720149993896	1332595.9113809504	3.3701910972595215	1325269.4395329282	3.425218343734741	1315800.1826128054	3.504516124725342	1326514.8382134615	1.9419770240783691	1330101.4075177303	3.445317506790161	1332744.9380391482	3.4894213676452637	1327205.9750518652	3.2329001426696777	1327371.8217458343	3.48384690284729	1322992.2274518108	1.9410369396209717	1326073.4353518237	
2.0113813877105713	1332628.553740908	3.396109104156494	1324757.8063521862	3.459296464920044	1315713.4955388366	3.5300452709198	1327173.241153175	1.9585037231445312	1330316.3422047794	3.4735774993896484	1332842.185434889	3.5185279846191406	1327554.8907700265	3.258301258087158	1327691.896756061	3.508866310119629	1323010.1097481695	1.9610497951507568	1326090.054889192	
2.0293896198272705	1332647.1490706045	3.423205614089966	1325188.7614725395	3.4873147010803223	1316259.3835178365	3.5540831089019775	1327344.6021365637	1.9750335216522217	1330272.7878594506	3.5081169605255127	1333851.9866153628	3.5490565299987793	1327579.660304763	3.2841012477874756	1327785.756705446	3.54015851020813	1323031.6423594025	1.9810643196105957	1326001.6889879885	
2.0473997592926025	1332648.367938576	3.44905686378479	1325996.674696814	3.513479471206665	1316265.0156482058	3.5761005878448486	1327412.6042443013	1.9915618896484375	1330282.1828393433	3.5351619720458984	1333883.2485606552	3.579092264175415	1327927.479944084	3.3091835975646973	1327846.950831118	3.5651209354400635	1322987.642366542	2.0052995681762695	1327124.298936297	
2.0712456703186035	1331753.9929435425	3.474379301071167	1326250.9354504715	3.547849655151367	1316186.3678245728	3.5968382358551025	1327298.604854755	2.00557804107666	1330217.4315912386	3.5628457069396973	1334557.1709239532	3.605654001235962	1327908.9320502565	3.336768388748169	1327910.4389841047	3.588636636734009	1322884.8442989497	2.0268166065216064	1327652.171666434	
2.094257354736328	1331805.8242910362	3.4980664253234863	1326807.9854128372	3.5798823833465576	1316181.7352304838	3.617863178253174	1327482.4897841364	2.021944999694824	1329966.8744100782	3.5911054611206055	1334558.2273733646	3.6346852779388428	1328045.855434697	3.362366199493408	1327944.229195174	3.6176552772521973	1324587.8313550786	2.0513436794281006	1327862.2268547926	
2.117776870727539	1331801.8497072314	3.522204875946045	1326777.394092833	3.6109232902526855	1316203.9362069033	3.636890411376953	1327392.0904601975	2.038469076156616	1330037.588284755	3.617217540740967	1334515.6315056055	3.6665267944335938	1328270.6484931281	3.388942241668701	1328003.8932815539	3.6436753273010254	1324682.25905197	2.0660645961761475	1327405.4472140803	
2.1413047313690186	1331821.9017103177	3.548835039138794	1326756.2688009243	3.6374425888061523	1317142.8443842693	3.6566996574401855	1327380.3535823615	2.052295446395874	1330067.720710071	3.643204927444458	1335539.794431248	3.6970467567443848	1328473.611379072	3.4133262634277344	1327192.515477488	3.66900634765625	1324690.5565477025	2.0831186771392822	1327858.515656641	
2.1610920429229736	1331848.146778923	3.5763654708862305	1326738.6008538199	3.6624767780303955	1317314.089837571	3.6758551597595215	1327361.6909492167	2.0678231716156006	1330226.1665204088	3.67022705078125	1334998.9598830764	3.7290990352630615	1327930.1491120474	3.4393553733825684	1327318.299233969	3.7000582218170166	1324594.5903226968	2.1001312732696533	1327460.568843625	
2.175196886062622	1332336.0229961486	3.6015594005584717	1326741.0842019683	3.687274694442749	1317307.4358899535	3.6930251121520996	1327396.497090359	2.084352493286133	1330100.755359828	3.6985487937927246	1334577.5985976344	3.758617877960205	1327764.1534020642	3.4641222953796387	1327721.8181660448	3.726080894470215	1324223.7720651524	2.116637945175171	1327452.924570957	
2.1912424564361572	1332647.5979311764	3.6265735626220703	1326642.8544085915	3.7091732025146484	1317420.9548248725	3.7116198539733887	1327590.095373341	2.099879264831543	1330113.6824824314	3.723069667816162	1334494.2217633652	3.7888572216033936	1328215.874719871	3.490142345428467	1327671.4790271858	3.750610113143921	1324526.966781397	2.130864143371582	1327526.8227167283	
2.2063755989074707	1332472.7224453324	3.653731107711792	1327167.3076648687	3.7388787269592285	1317430.6730704808	3.7271227836608887	1327590.4825875424	2.115403175354004	1330174.2070681173	3.751751184463501	1334454.2959148074	3.8135714530944824	1328421.5857853824	3.5214107036590576	1328346.2375194887	3.7766363620758057	1324541.4005736234	2.1473708152770996	1327673.4537589294	
2.2219152450561523	1332825.393558386	3.6813745498657227	1327299.1977417485	3.761977195739746	1316707.350528679	3.740649461746216	1327485.6328207531	2.134570360183716	1330187.1568456094	3.7838218212127686	1334469.650284242	3.839592218399048	1328480.7238313677	3.5490336418151855	1329279.043928137	3.814934253692627	1324355.0160332585	2.164386034011841	1327715.2060624207	
2.235924243927002	1332573.4446082932	3.7074203491210938	1328007.9069316916	3.7856647968292236	1317049.1209687209	3.760664463043213	1327171.2021804983	2.1515867710113525	1330244.1838542365	3.810347080230713	1334583.9156579135	3.8655312061309814	1328551.670900357	3.5730717182159424	1329452.8969728083	3.844468832015991	1324254.889639793	2.1804049015045166	1327851.9208840413	
2.2531960010528564	1332635.1715043858	3.7310075759887695	1327402.8580485072	3.8136959075927734	1316852.7299850257	3.7781667709350586	1327174.6189723625	2.1701924800872803	1330230.371442697	3.8374204635620117	1334616.0987417654	3.889479637145996	1329197.0859788782	3.6005947589874268	1329443.2886948616	3.8699913024902344	1324284.158886864	2.194911241531372	1327617.2134121624	
2.2703797817230225	1332543.4583143285	3.757676601409912	1326958.0662318908	3.8392274379730225	1316116.4828961021	3.801043748855591	1327193.5665822795	2.1887738704681396	1330420.934047992	3.863464117050171	1334647.2949279093	3.9168670177459717	1329229.9312723607	3.6250553131103516	1329442.1931175967	3.8961868286132812	1324403.9185185453	2.2161834239959717	1327244.521934534	
2.2847838401794434	1332659.1731141068	3.7819151878356934	1327644.7979156193	3.8657898902893066	1317006.045903273	3.8175480365753174	1327325.1738950768	2.2067959308624268	1330462.5434481204	3.8942854404449463	1334698.1480316636	3.9431281089782715	1329348.3808424782	3.6538310050964355	1329507.4304872397	3.9222068786621094	1324466.6963454622	2.236707925796509	1327281.728355258	
2.3007962703704834	1332492.14503581	3.8076937198638916	1327669.5793905102	3.8933024406433105	1317176.0963296718	3.837111473083496	1327728.9338460516	2.2222819328308105	1330615.149724791	3.923217535018921	1334750.4465570673	3.9700353145599365	1328979.6853872808	3.6805882453918457	1329598.7974829553	3.9455184936523438	1324485.388337101	2.2552385330200195	1327479.2767308308	
2.31630277633667	1332498.4342588852	3.8316686153411865	1327696.7364055635	3.926846504211426	1317186.254472722	3.855130434036255	1328339.2776601047	2.238971471786499	1331316.7633524826	3.9487762451171875	1334448.779191697	3.9955966472625732	1329032.7623256035	3.7030577659606934	1331470.13160382	3.971416711807251	1325969.6706500184	2.277022361755371	1327537.6361319788	
2.33232045173645	1332552.3854255483	3.8597280979156494	1327706.5474917905	3.9529008865356445	1316756.0978825982	3.8751440048217773	1328357.6733413513	2.2568302154541016	1331549.2171798986	3.9748053550720215	1334486.503777743	4.021622657775879	1329011.0106996836	3.7305119037628174	1331339.1854421564	3.996938943862915	1326189.8767205875	2.2970449924468994	1327531.1704699877	
2.3473360538482666	1332531.5187661794	3.8824872970581055	1327739.3268801817	3.97642183303833	1316859.697955788	3.894155263900757	1328380.6052302716	2.2733516693115234	1331588.9574029867	4.01034140586853	1333942.7742344995	4.054076433181763	1329266.2699767237	3.7565243244171143	1330969.9561325016	4.021947860717773	1326185.9396709546	2.317058801651001	1327546.8683553517	
2.3623499870300293	1332595.4415198418	3.909289836883545	1327766.2498128738	4.000306844711304	1316883.4562440813	3.911223888397217	1328410.4795416212	2.292371988296509	1331979.57378828	4.037404298782349	1334005.49646457	4.08385157585144	1329293.606571001	3.7811057567596436	1330993.3195039572	4.045012712478638	1326143.589516361	2.3375861644744873	1327666.4305414485	
2.3773603439331055	1332240.8510352734	3.9345710277557373	1327806.6854854191	4.025217056274414	1316986.6021193424	3.929729700088501	1328910.3804801782	2.3083815574645996	1331874.1602241802	4.0634307861328125	1334007.129645244	4.120338678359985	1328910.501742663	3.8039591312408447	1331640.6744908127	4.071039438247681	1327711.7937227974	2.3566670417785645	1328550.4279656112	
2.3908724784851074	1332275.6245530986	3.958858013153076	1328272.4477197928	4.050745964050293	1317026.6707514366	3.948758125305176	1328968.2089862353	2.326568365097046	1331851.1409865953	4.094616889953613	1334018.2133639175	4.154368162155151	1328953.897233618	3.828124761581421	1332254.664517826	4.096308708190918	1327708.7181301387	2.3736863136291504	1328585.4773285512	
2.4068801403045654	1332312.1350885334	3.9846396446228027	1328259.499696285	4.072572946548462	1317041.8409166194	3.9668192863464355	1328965.174170476	2.3465819358825684	1331866.3733779276	4.127649784088135	1334137.6549467412	4.1902079582214355	1329805.0199902349	3.8532164096832275	1331929.6936911184	4.121878385543823	1327932.4083932221	2.3917007446289062	1328708.9146637956	
2.421386480331421	1332380.6002353323	4.007357597351074	1327873.2847548486	4.100695371627808	1316955.5479452538	3.9863531589508057	1329003.2807750553	2.368105888366699	1331843.974512119	4.152889013290405	1333991.709273073	4.22976541519165	1329826.6461548286	3.8763298988342285	1332164.4321389657	4.151026010513306	1327131.6941359406	2.4084458351135254	1328736.2707868426	
2.434894561767578	1332452.2020718283	4.032360315322876	1327872.3370964043	4.125723838806152	1316979.0533960941	4.005071401596069	1328338.45848632	2.391634702682495	1331982.4040329335	4.180413246154785	1334118.7114448547	4.268990993499756	1329852.3365409311	3.9064877033233643	1331972.4169243742	4.177838087081909	1327698.5886580313	2.4244601726531982	1328800.0996367577	
2.451076030731201	1332495.0940493126	4.060641765594482	1327910.7130102864	4.1505913734436035	1316957.3855986279	4.026092052459717	1328451.8439526598	2.4198710918426514	1332053.9748237254	4.203449964523315	1334161.8068210874	4.299515008926392	1330063.5523657782	3.930204391479492	1331985.7446348548	4.202965021133423	1327700.8728805822	2.43997859954834	1328940.2860013172	
2.4670872688293457	1333735.1310156817	4.084731101989746	1328141.0512972602	4.177940368652344	1317011.9444508813	4.041849851608276	1328718.291204	2.4446067810058594	1332185.2174968785	4.23048734664917	1333652.17144981	4.333049297332764	1329923.6606890643	3.952906847000122	1332201.9050129247	4.2309019565582275	1327773.4683277716	2.460498332977295	1329767.9782226773	
2.482821464538574	1334251.1401910873	4.112746953964233	1327814.7557819427	4.204964637756348	1317037.2139258627	4.059859037399292	1329481.4670100608	2.4613378047943115	1332375.1944518425	4.257019758224487	1333624.2186970282	4.377607107162476	1329997.7075679041	3.9823737144470215	1332202.761358531	4.254729747772217	1327769.326885877	2.4767253398895264	1329673.328545155	
2.4978325366973877	1334269.0122924007	4.1390674114227295	1327376.1379579098	4.236696720123291	1317076.4006916955	4.076367139816284	1329478.3778201933	2.475353717803955	1332387.150552867	4.280049085617065	1333615.5125121472	4.4113686084747314	1330152.1076939167	4.005892515182495	1332719.27103141	4.2850658893585205	1327566.6054146471	2.492739677429199	1329922.3210381374	
2.5163447856903076	1333811.868080608	4.163587808609009	1327379.888039285	4.260544538497925	1317117.2650506438	4.098895072937012	1329767.751216903	2.4893739223480225	1332385.6010281818	4.30560040473938	1333633.2537081123	4.449894428253174	1330196.6041177695	4.034358024597168	1332737.1610199607	4.30818772315979	1327587.0451602999	2.507248640060425	1330658.042122116	
2.5330309867858887	1334815.1710169958	4.188764333724976	1327364.3538843775	4.286058187484741	1317100.3841640314	4.114912271499634	1329591.1015258327	2.504879951477051	1332374.9125852094	4.330122232437134	1333654.7030459628	4.4835364818573	1330918.4213185038	4.05910849571228	1332746.3587405602	4.334314346313477	1327358.4479359575	2.5252633094787598	1330891.0972708093	
2.547217845916748	1334538.4955150553	4.218794584274292	1327478.0630415697	4.3112547397613525	1317643.4830845925	4.134986162185669	1329559.985838058	2.519254684448242	1332267.6638571548	4.353869199752808	1333579.254768799	4.513577938079834	1330925.9774862584	4.085123538970947	1332376.9123625876	4.361416578292847	1327441.5226817306	2.541797399520874	1330044.3218020694	
2.5624454021453857	1334542.8577378497	4.244290351867676	1327381.847965739	4.3432793617248535	1317636.0613406168	4.153017044067383	1329579.1561877073	2.5337650775909424	1332258.4589865261	4.3818981647491455	1333818.2325170385	4.5385942459106445	1332253.5634506142	4.110169172286987	1332341.8115722244	4.384450197219849	1327421.6398268654	2.5573084354400635	1330073.1800494855	
2.5757718086242676	1334559.0057649824	4.271813154220581	1329372.326285258	4.374266862869263	1317587.2115370587	4.17204475402832	1329634.9013911462	2.546271324157715	1332242.1147748472	4.408929824829102	1333939.833204375	4.564112424850464	1332213.0392259143	4.134388208389282	1332347.418833076	4.415476322174072	1327594.609632696	2.572326898574829	1330058.2197005418	
2.5906221866607666	1334596.640367118	4.300863027572632	1329370.0732098152	4.399229288101196	1317508.106339346	4.190571308135986	1329174.5929440726	2.5592896938323975	1332044.4100107758	4.434960603713989	1334012.844339121	4.593423128128052	1332071.7071566228	4.156661033630371	1331073.2577944682	4.44123101234436	1327830.518308176	2.58833646774292	1330530.8400583714	
2.605128049850464	1334347.7587998544	4.335542917251587	1329302.4718163086	4.421763896942139	1317489.1928905519	4.207546710968018	1329907.1012007315	2.575308322906494	1332053.701370884	4.461989641189575	1334063.9427914806	4.624254465103149	1332162.3734940696	4.183176279067993	1331146.8809125498	4.465686798095703	1327853.7863003018	2.601853609085083	1330567.986799528	
2.6211366653442383	1334485.6247362965	4.3670594692230225	1329354.9905357673	4.446778297424316	1317482.409527272	4.225574016571045	1329915.9513566257	2.5893266201019287	1332486.746278697	4.486022233963013	1334128.2022675727	4.6522839069366455	1332182.432776843	4.214217901229858	1330536.3772570216	4.4904069900512695	1327911.4398282734	2.61708402633667	1330659.8259938804	
2.635643243789673	1334506.1176611783	4.392388820648193	1329355.6052794645	4.471044063568115	1317148.5269947846	4.248672723770142	1330780.9373905864	2.6028361320495605	1332558.9964344967	4.510238170623779	1334130.661071143	4.689810037612915	1331019.3084006794	4.240346431732178	1330539.401897568	4.518094539642334	1327928.1077681365	2.6316025257110596	1330661.631021946	
2.6491756439208984	1334567.8275615787	4.4190309047698975	1328958.5001584115	4.495243072509766	1317176.1073847364	4.26526951789856	1330246.508852092	2.6153407096862793	1332611.365289636	4.533283710479736	1334195.6715442277	4.71733283996582	1330803.3704129574	4.2682695388793945	1330488.3100890762	4.546757459640503	1327991.8411101338	2.6471097469329834	1330671.226712709	
2.6646816730499268	1334581.2672283584	4.449543714523315	1328561.8972280407	4.521517038345337	1317216.3712152445	4.2830846309661865	1330255.369177036	2.6283535957336426	1332616.546390475	4.5600011348724365	1334240.0377721353	4.7418529987335205	1330964.7588547464	4.294318437576294	1330962.0882312981	4.572432041168213	1327519.1280642883	2.663632392883301	1329809.7134796411	
2.679414749145508	1334633.1341891924	4.4755778312683105	1328558.4597568298	4.544002532958984	1317235.1848643224	4.299108982086182	1330107.7552552773	2.641862154006958	1332658.5551689782	4.587538242340088	1334226.333006705	4.766869306564331	1330981.022640864	4.32164454460144	1330965.4756860945	4.5947394371032715	1327603.122318393	2.677642583847046	1330826.799677118	
2.693922519683838	1334616.5894437372	4.504217624664307	1328847.9407265193	4.572032451629639	1317292.9673367746	4.322631597518921	1329968.7027145394	2.6565141677856445	1332005.1467002966	4.620572805404663	1334234.2574042322	4.792666912078857	1331080.503275185	4.348986864089966	1330538.2489227767	4.620888710021973	1327646.9193154525	2.6906564235687256	1330892.4482292845	
2.7089450359344482	1335220.6423752909	4.528722047805786	1328871.9845290242	4.597561359405518	1317212.3840200263	4.34264874458313	1329991.020994986	2.67052960395813	1331893.0264608453	4.655127048492432	1334205.6450692618	4.820457458496094	1331058.2535018632	4.378196716308594	1330524.8393451145	4.646571636199951	1327057.1874981194	2.704166889190674	1330879.1178943096	
2.72244930267334	1335230.3576746283	4.5538856983184814	1328877.931278904	4.62157678604126	1317349.022207219	4.36015772819519	1330117.22830291	2.6855406761169434	1331949.5823366803	4.686441898345947	1334282.6737160175	4.847479820251465	1331511.4958917482	4.406569004058838	1330588.6614599081	4.6718833446502686	1327067.0161359687	2.719181537628174	1330903.545150805	
2.738467216491699	1335285.7912219123	4.582843542098999	1328871.0993290066	4.645105361938477	1317371.0625892992	4.375678062438965	1330192.3176070703	2.6985509395599365	1331980.014568091	4.71733546257019	1334304.6078305328	4.872485876083374	1331566.6879055838	4.433224201202393	1330601.3136214325	4.697438955307007	1326104.0246101054	2.733107566833496	1330738.7885500672	
2.7541921138763428	1335597.3972185403	4.610519647598267	1328926.5678927724	4.669774770736694	1317360.682444328	4.39420747756958	1330192.632959758	2.7133233547210693	1332118.5027610199	4.748398065567017	1334250.9709583921	4.895500659942627	1331629.2356401575	4.459141254425049	1330493.3362524882	4.722464561462402	1326307.1878794986	2.7473440170288086	1330740.57484755	
2.7712016105651855	1335257.184928847	4.633673667907715	1328922.236144845	4.692906141281128	1315911.774176322	4.410470724105835	1330170.2453116828	2.727832555770874	1332020.5508483509	4.775634288787842	1334327.3519107492	4.923531532287598	1331626.3832972336	4.485924959182739	1330497.9171601543	4.745250940322876	1326332.847461367	2.7603578567504883	1330801.6145037657	
2.789346694946289	1334970.848797226	4.659682989120483	1328994.33685921	4.716262340545654	1315649.870160613	4.425979375839233	1329766.228939814	2.7418503761291504	1332012.5918733976	4.803170442581177	1334342.9512834663	4.949547290802002	1331618.1506174074	4.513449192047119	1330865.2321859465	4.7702765464782715	1327142.2744910268	2.773408889770508	1330891.8857084718	
2.8058578968048096	1334961.7398101096	4.685334205627441	1328987.0417373874	4.74225926399231	1315577.6396897642	4.442502498626709	1329810.9670434701	2.757861852645874	1332189.7099270748	4.831204652786255	1334391.9411628807	4.976069211959839	1331116.303407484	4.5370934009552	1330913.4945456008	4.796797037124634	1327169.3172822092	2.7866063117980957	1330945.9712085112	
2.8228747844696045	1334998.395822248	4.7103352546691895	1326774.1891742614	4.773291826248169	1315686.9324470523	4.457719326019287	1329832.7427508493	2.773373603820801	1332059.5608505795	4.857237815856934	1334411.3550760646	5.003781318664551	1331025.0249767336	4.563122034072876	1330883.4331294356	4.822818994522095	1327132.8819173463	2.8027186393737793	1330947.9331068008	
2.8378825187683105	1334850.7754801514	4.740352153778076	1326789.673347976	4.807275056838989	1315720.265147835	4.473736524581909	1329804.552333404	2.7878940105438232	1332103.2461135187	4.88580322265625	1334359.5100953395	5.0297932624816895	1331009.9909269891	4.5909600257873535	1331030.4903266518	4.846149682998657	1327119.9545761512	2.8183953762054443	1330984.5203943944	
2.85740327835083	1335418.7501630483	4.771755933761597	1326793.6864968105	4.83678936958313	1315908.6872748912	4.489748239517212	1329837.1481829456	2.8004050254821777	1332104.4122206066	4.912608861923218	1334382.9092734072	5.0603156089782715	1330996.8594446601	4.617727041244507	1331020.107602864	4.8778791427612305	1326982.8232815294	2.8322129249572754	1331021.0392832428	
2.8724210262298584	1336511.9379843217	4.806468725204468	1326814.2262233845	4.8725903034210205	1315911.5170595075	4.507761478424072	1329848.7853924695	2.8150951862335205	1331819.1955312977	4.940651893615723	1337321.8986124902	5.086526870727539	1331012.453471388	4.64388632774353	1331970.3631825168	4.907060861587524	1326950.6041894627	2.846719741821289	1331067.4074696952	
2.889173984527588	1336520.9449373842	4.846195697784424	1326822.6000537581	4.903913497924805	1315674.84392354	4.524771213531494	1329942.0589538733	2.8291072845458984	1332057.5698337976	4.96752142906189	1337327.2184169046	5.115572452545166	1331024.6037578413	4.670905113220215	1332587.9540750978	4.93548583984375	1327600.002008266	2.859247922897339	1331076.5254433875	
2.904191255569458	1335402.5362436022	4.875679016113281	1326547.2646288583	4.934719800949097	1315780.6709557292	4.538276433944702	1329945.8792093259	2.8426201343536377	1332020.030562083	5.0021069049835205	1337722.8485772214	5.140587091445923	1331460.1203893092	4.69890284538269	1332628.0738931864	4.9623167514801025	1327856.3093327994	2.872645139694214	1331090.0284079593	
2.9210622310638428	1336922.32554947	4.906843900680542	1326578.2782133722	4.965752124786377	1315754.8011482183	4.552288770675659	1329941.6482881191	2.857821226119995	1332023.0549825095	5.029644250869751	1337935.8001378903	5.168107986450195	1331649.8549752415	4.729126691818237	1332629.3947094937	4.989336013793945	1327841.7576174391	2.888667106628418	1331206.5136301059	
2.945577621459961	1336955.109871461	4.94059419631958	1326642.1581503379	4.997809171676636	1315888.2369293796	4.5657947063446045	1329910.3723734864	2.8713362216949463	1332014.7183478794	5.057181119918823	1337959.5424068097	5.19726300239563	1331345.463434478	4.761171817779541	1332429.2965064566	5.0135276317596436	1327850.8600393883	2.9031858444213867	1331185.713858267	
2.9674150943756104	1336945.1341758296	4.975622892379761	1326662.809571596	5.0312981605529785	1315958.7893062087	4.580554723739624	1329937.1006260433	2.8833537101745605	1332162.214452037	5.086716413497925	1337391.9940912686	5.22909951210022	1331362.2518717789	4.788226366043091	1332515.1963890784	5.041552782058716	1327911.4946594252	2.916692018508911	1331218.387452601	
2.987427234649658	1336935.676539831	5.012705326080322	1326668.6832917358	5.063962697982788	1315834.4929371865	4.593356132507324	1329970.649846656	2.898372173309326	1332177.893032345	5.1144092082977295	1337418.764328562	5.256435871124268	1331377.8713300566	4.815321683883667	1332497.7077492545	5.068389415740967	1327911.329830326	2.9312334060668945	1330967.584336183	
3.0074403285980225	1336934.02344421	5.052051544189453	1326670.8897575499	5.100513219833374	1316394.9833343918	4.606372356414795	1329949.560608199	2.9134109020233154	1334280.2429951322	5.143024444580078	1337402.978786281	5.281479835510254	1331330.339899001	4.839672565460205	1332503.949762597	5.096738576889038	1325013.3630574818	2.9467403888702393	1331330.754646032	
3.030454635620117	1336953.4785135498	5.085583925247192	1326651.5668952847	5.137770652770996	1321076.5436446993	4.62089204788208	1329435.9469727888	2.9279279708862305	1334289.8635920868	5.175242900848389	1337448.587141551	5.309001445770264	1331748.9391501865	4.86515474319458	1332606.0691612195	5.11775016784668	1325017.2075174905	2.961827278137207	1332762.6599209453	
3.050628423690796	1337341.0703042608	5.125791311264038	1326716.3780481215	5.164803504943848	1321089.7367585935	4.634404420852661	1329337.0508134728	2.9449615478515625	1333859.593979339	5.201272964477539	1337409.6453582742	5.332527160644531	1331439.1589769735	4.890698671340942	1332553.9477557265	5.1444268226623535	1325090.901647874	2.976335048675537	1332798.0164295132	
3.0758056640625	1337328.9975138793	5.156954765319824	1326744.1513296897	5.191830158233643	1321506.5698518918	4.649960994720459	1329517.5129625462	2.9594838619232178	1333969.4642219662	5.2287938594818115	1337422.4504554842	5.35554051399231	1331509.2437049414	4.916388511657715	1332586.5749003228	5.170485973358154	1325529.9587979484	2.988344430923462	1332883.4606990307	
3.0992462635040283	1337372.7455439863	5.19320821762085	1326756.492366286	5.218355417251587	1321583.7785410169	4.665468215942383	1329558.507899658	2.9754998683929443	1333886.8387769435	5.259838104248047	1337428.9870826788	5.383446931838989	1331557.7353947384	4.9435813426971436	1332564.6888498652	5.198237895965576	1324465.3237252138	3.003361701965332	1332828.3046994344	
3.1226553916931152	1337293.0847490777	5.234793424606323	1326783.1900503496	5.248876333236694	1321427.5734109383	4.677973031997681	1329558.5400864847	2.9890244007110596	1334017.721659138	5.2895355224609375	1337417.259063554	5.412618398666382	1331453.6567115993	4.969103574752808	1332597.9745583804	5.223753213882446	1324504.0061409692	3.0165488719940186	1332865.91189572	
3.1458661556243896	1337342.0246330542	5.275685787200928	1327067.0849847242	5.273724794387817	1321403.7990224548	4.692986965179443	1329728.4156459917	3.0045316219329834	1334061.063408606	5.320646286010742	1337427.6133058325	5.436634063720703	1331632.3695264845	4.997117042541504	1332016.150043091	5.247849225997925	1324114.8041404192	3.0310685634613037	1332953.6328363726	
3.1641621589660645	1337418.495158179	5.311372518539429	1327094.6737142804	5.299263954162598	1321502.5472998486	4.705994129180908	1329754.7910025117	3.018549919128418	1334036.1023877927	5.349085807800293	1337456.8354069435	5.4653613567352295	1331792.4344783067	5.022146940231323	1331957.1870457903	5.2718706130981445	1325527.0479717222	3.0448288917541504	1332728.13974488	
3.181182384490967	1337455.5057049056	5.352597951889038	1327977.080223825	5.325803518295288	1321543.252078063	4.720000267028809	1331061.4177991082	3.032060146331787	1334039.8119567626	5.383727550506592	1337454.6639301847	5.489396810531616	1331771.4362519667	5.049347639083862	1331963.115285902	5.298137903213501	1325680.0746838273	3.0596327781677246	1332728.17393866	
3.1981935501098633	1337409.8825838799	5.38551926612854	1328004.5007751521	5.35015344619751	1321506.4363553082	4.732509613037109	1331060.1320749354	3.0477306842803955	1332794.672262383	5.412761449813843	1337494.6537838457	5.516916751861572	1332341.2359937853	5.075913906097412	1331971.6455023182	5.327009201049805	1325756.1178234397	3.0741424560546875	1333310.8794842989	
3.2164149284362793	1337455.1581030153	5.422297477722168	1328259.210479527	5.379199743270874	1321754.2793871097	4.747066020965576	1331467.2187021205	3.0651979446411133	1331849.4328051568	5.444831132888794	1337524.173318891	5.54343843460083	1333215.7644557043	5.100532293319702	1332020.3441707687	5.35199761390686	1325779.5628334861	3.0881526470184326	1333355.3135161716	
3.2331132888793945	1337467.5819651994	5.46068263053894	1328271.1176347944	5.401854991912842	1321798.2041661127	4.758523225784302	1331473.3673980897	3.080092430114746	1332209.0614657833	5.479994297027588	1337559.6191587085	5.566452503204346	1333227.264154015	5.125342130661011	1332300.2809826697	5.3775315284729	1325774.6025989193	3.102665901184082	1333345.7612420677	
3.2513177394866943	1337469.9485204585	5.499203443527222	1328318.883628632	5.42640233039856	1322397.3091097642	4.773534059524536	1331436.5519051915	3.0936007499694824	1332290.7809365874	5.513094186782837	1337466.7916819793	5.589946746826172	1333267.030450865	5.154138803482056	1332086.532365512	5.400131940841675	1325782.1126350814	3.1172192096710205	1334283.8178060623	
3.267831563949585	1337464.0615501618	5.537903070449829	1328344.4020387765	5.453920841217041	1327884.813369246	4.786540508270264	1331555.8438668444	3.1111247539520264	1332489.270618935	5.5468432903289795	1338407.102852313	5.615473031997681	1333433.5777794507	5.179160833358765	1332106.2476248646	5.431440591812134	1325778.4987018988	3.130403995513916	1334580.0999562673	
3.2874956130981445	1337464.0298975918	5.5763022899627686	1328353.3685342057	5.479051113128662	1328338.7161741739	4.800366640090942	1331562.5006961746	3.1251912117004395	1332522.5787589594	5.578505516052246	1338423.7284719492	5.639564752578735	1333453.757871819	5.205681562423706	1332020.9175226025	5.459155559539795	1325805.0760151786	3.1449100971221924	1335152.8410426234	
3.3040037155151367	1337470.7489912747	5.613718271255493	1328369.033909864	5.500065803527832	1328347.5117778925	4.813874244689941	1331587.303374232	3.1376965045928955	1332540.2767845104	5.615122079849243	1338429.291026538	5.6682939529418945	1333451.3207484258	5.232547760009766	1332035.443434873	5.491835355758667	1325778.5622065219	3.1599221229553223	1335213.4700114264	
3.324021339416504	1337479.6020496055	5.650354385375977	1330191.8806717386	5.5251240730285645	1327972.9517506198	4.826378345489502	1331568.2359128334	3.152214527130127	1332549.5275889155	5.649174451828003	1338089.6836300022	5.693811655044556	1333470.8435296617	5.256723165512085	1332031.2830304054	5.5218541622161865	1325795.0310369662	3.1754331588745117	1334092.0554163812	
3.3395490646362305	1337488.9682375917	5.690351486206055	1330231.6832853062	5.550504207611084	1327972.644432267	4.83910346031189	1331556.649751429	3.1667184829711914	1332529.1734297276	5.685417890548706	1337297.1319081325	5.719830513000488	1333469.1464581867	5.282342910766602	1332027.7106087606	5.551896095275879	1325944.5477736264	3.188460350036621	1334093.573109002	
3.3599917888641357	1337433.6254245618	5.73196268081665	1330227.0952112705	5.5930516719818115	1328057.0386960516	4.854115724563599	1331575.6458463627	3.18123722076416	1332528.5112061268	5.71495246887207	1337321.2192535312	5.750352382659912	1333384.8168829766	5.3128821849823	1332281.4186808944	5.584675312042236	1325939.8958123694	3.2055106163024902	1333883.584658563	
3.378002405166626	1337421.204676858	5.776939153671265	1330232.569729234	5.629631757736206	1327919.6107036076	4.868620157241821	1331579.4670318658	3.196748971939087	1332582.4139014226	5.745043516159058	1337354.3070661551	5.7900025844573975	1333403.871887395	5.3364434242248535	1332309.098639479	5.618189096450806	1326177.6363835258	3.2212729454040527	1334313.7565816147	
3.397012233734131	1337520.0383169635	5.814762353897095	1330218.5720709923	5.664156913757324	1328117.074735144	4.881629705429077	1331654.4989669782	3.2107672691345215	1332564.6338745032	5.773757219314575	1338218.415580557	5.826664447784424	1333418.5910244395	5.3631370067596436	1332325.8120607452	5.645707845687866	1325935.7601876531	3.2343010902404785	1334423.3398454813	
3.4145185947418213	1337532.6258087596	5.850277662277222	1330536.4036787318	5.694945335388184	1328148.1136371233	4.894139051437378	1331900.462783285	3.224273920059204	1332524.8319368323	5.806793689727783	1337877.7247717301	5.862431764602661	1333421.2536114373	5.388151407241821	1332324.677112946	5.675936937332153	1325967.1248755578	3.2483110427856445	1334443.5575556797	
3.431529998779297	1337436.8794741563	5.885601997375488	1330204.642638814	5.7229533195495605	1328156.2174870824	4.909148454666138	1331969.4327903627	3.238292932510376	1332268.3910320778	5.833326101303101	1337889.227034936	5.903101444244385	1333426.613687442	5.417804002761841	1332331.794886144	5.713558197021484	1326006.9058896163	3.2630527019500732	1334465.9676302702	
3.4490439891815186	1337446.691603364	5.9266602993011475	1330217.1015517714	5.760669469833374	1328215.4987940977	4.923158407211304	1331766.2821462576	3.251309871673584	1332326.1396770577	5.864868640899658	1337897.6441638146	5.941131591796875	1333442.5993332209	5.4461259841918945	1332308.1746540596	5.74609375	1326011.1704573426	3.276560068130493	1334400.9410516606	
3.4645533561706543	1337350.846376275	5.970327138900757	1330237.3900508047	5.796298265457153	1328125.9273720402	4.936664581298828	1331776.5620248509	3.2654285430908203	1332413.585090357	5.89560604095459	1337915.6685547996	5.983524560928345	1333466.3108093124	5.474048137664795	1332916.1775189086	5.78693699836731	1325507.084817712	3.290581464767456	1334354.0600961817	
3.479076623916626	1337413.7907011108	6.01603364944458	1330253.1247556906	5.835321664810181	1327627.4715956077	4.950229644775391	1331767.6727684212	3.281956434249878	1332455.2532008665	5.922633647918701	1337948.0461720298	6.027858018875122	1333519.2433812665	5.501567840576172	1332916.575414039	5.815685749053955	1325471.5516714547	3.3052079677581787	1334374.0181948664	
3.4943008422851562	1337467.3471628283	6.055091857910156	1330285.2606448105	5.866623163223267	1327686.3950809096	4.964281797409058	1331682.591964562	3.2979698181152344	1332468.1484082297	5.951126575469971	1337950.1631098187	6.061125993728638	1333534.1155642308	5.524735450744629	1333120.8168604851	5.844942092895508	1325479.4309581777	3.3194143772125244	1334512.3567326653	
3.511317491531372	1337495.0452934464	6.086610794067383	1330572.7311500139	5.903988838195801	1327667.4874838805	4.976787090301514	1331946.087191631	3.313491106033325	1332458.6489140876	5.989077091217041	1337877.7319580987	6.096339464187622	1333547.0014877017	5.550959587097168	1333139.6277785636	5.875829219818115	1325475.6689858993	3.3330583572387695	1334517.4019723553	
3.5258243083953857	1337507.2519682401	6.134322881698608	1330574.9923753564	5.939306974411011	1327678.3711242173	4.990962028503418	1331942.6340272455	3.328171491622925	1332764.2812721627	6.0214409828186035	1337883.558704901	6.1375110149383545	1333533.9240472906	5.580481767654419	1333148.2392900253	5.901944398880005	1325429.6574189442	3.3471896648406982	1334540.2994370852	
3.5411276817321777	1337510.934920182	6.167435169219971	1330744.615989149	5.976377487182617	1327968.0068532368	5.004987001419067	1331742.9528111974	3.3426833152770996	1332446.9847766857	6.053717374801636	1337867.3108824054	6.18204927444458	1333584.5995994972	5.610048770904541	1333084.5119198088	5.93172287940979	1325430.8342664577	3.360816478729248	1334612.810644188	
3.556354522705078	1337543.4161679216	6.203655004501343	1330781.951262645	6.01290488243103	1328458.2213924513	5.0235090255737305	1333625.956400611	3.355189323425293	1332444.4510050917	6.090407133102417	1338064.0362046552	6.222305774688721	1333559.5072064023	5.6337890625	1333105.8971274213	5.966657400131226	1325394.4174132675	3.374326467514038	1334639.4608436844	
3.5713517665863037	1337545.4826427668	6.2395265102386475	1330786.895695427	6.058006286621094	1328496.8434445963	5.038092374801636	1333637.6456962842	3.3714253902435303	1332385.6945446124	6.127448797225952	1338078.2499236744	6.261836051940918	1334760.2916631622	5.6681742668151855	1333075.7580243277	5.995325088500977	1325464.4719761054	3.3893394470214844	1334636.4928444198	
3.5856730937957764	1337549.471636102	6.2790515422821045	1331007.9004772955	6.0932323932647705	1328766.8042250131	5.057155609130859	1333616.1962718724	3.3864388465881348	1332537.3689400936	6.157543182373047	1338060.482503099	6.301582098007202	1334801.7213727178	5.698191165924072	1333094.9275175543	6.02584171295166	1322873.1227891368	3.403869152069092	1334624.712738037	
3.6002659797668457	1337551.321677453	6.322506904602051	1331039.1155793273	6.132092714309692	1328923.187249935	5.076171875	1333689.5627174317	3.3994503021240234	1332590.130384578	6.1895740032196045	1338045.1256922295	6.341636657714844	1335033.3054232765	5.725954294204712	1333110.6444072123	6.059864521026611	1322926.300506808	3.4163949489593506	1334687.008979934	
3.6157705783843994	1337551.464325784	6.358762741088867	1331633.3314805594	6.165806531906128	1328912.0737545395	5.092184543609619	1333765.6392948087	3.4169564247131348	1332570.4241645157	6.215107440948486	1338098.3445142703	6.390998363494873	1335410.4871344354	5.7544779777526855	1333188.9289623646	6.09098744392395	1322932.2616519989	3.4314723014831543	1334713.4713922688	
3.6317789554595947	1337559.853920123	6.4071245193481445	1331916.0199235214	6.197330713272095	1329229.1788101394	5.11069655418396	1333965.7320769953	3.42996883392334	1332532.914028493	6.2447521686553955	1338098.724096879	6.429521799087524	1335417.5106517521	5.782485008239746	1333196.306952562	6.118518829345703	1322953.0119468488	3.446979284286499	1334740.5560829171	
3.6487958431243896	1338093.9733201836	6.451677322387695	1331903.6991119727	6.226855039596558	1329287.1249512732	5.125204801559448	1333971.0047753789	3.444471836090088	1332584.5283113972	6.274782419204712	1338184.6917266909	6.472371816635132	1335479.5686626162	5.806855201721191	1333109.9671516886	6.147761344909668	1322948.453378857	3.4622061252593994	1334739.4634655102	
3.6633002758026123	1338101.3747122039	6.492876052856445	1331941.065464495	6.259944438934326	1329206.4411923422	5.142216682434082	1334048.4342776276	3.4579904079437256	1332572.3138530196	6.301565408706665	1338213.3003759314	6.513921022415161	1335493.894726011	5.831409454345703	1333117.3671357506	6.178938865661621	1322965.325681931	3.4784364700317383	1334777.2707055428	
3.6775033473968506	1338134.8609614861	6.534052848815918	1331944.3482134738	6.289280652999878	1329290.4787376565	5.155720472335815	1334031.9133783288	3.472158670425415	1332629.1896895093	6.333648681640625	1338666.7657963957	6.562463760375977	1334781.5463782314	5.856104373931885	1333263.741204201	6.211455345153809	1323427.9811841182	3.491091012954712	1334789.4067718256	
3.6927478313446045	1338136.8004442838	6.57409143447876	1331946.1542371286	6.320263385772705	1329352.9694968935	5.170225620269775	1334042.874169234	3.4851701259613037	1332638.3496021742	6.36139178276062	1338961.2145535888	6.601640701293945	1334316.411915287	5.883845329284668	1333340.1018185227	6.2375328540802	1323585.4786871222	3.5062055587768555	1334876.1649230046	
3.7072525024414062	1338017.2162218546	6.614817142486572	1331939.6083077865	6.352454423904419	1328467.8046610176	5.18760871887207	1334049.302454761	3.5001893043518066	1333064.2409707198	6.3889312744140625	1338940.2513642276	6.638685941696167	1334353.1213525904	5.919670343399048	1333345.6618826557	6.263953685760498	1323544.440717538	3.523226499557495	1334901.60811126	
3.721262216567993	1337979.064450008	6.654472589492798	1331946.3953789151	6.379263162612915	1328484.7957439658	5.201655864715576	1333998.2956442155	3.5145797729492188	1333073.6479180534	6.420979261398315	1339045.6271041944	6.675933599472046	1334432.0963559353	5.945453405380249	1333334.3871187244	6.288360595703125	1323248.3678919836	3.538235664367676	1334941.6046587154	
3.735764980316162	1337965.771854086	6.698866367340088	1331950.8874920225	6.405361652374268	1328587.153138139	5.2171690464019775	1333931.9814181314	3.530670166015625	1333360.484803785	6.449068784713745	1338645.0481898477	6.711958646774292	1334434.2982535008	5.969138860702515	1333357.2119102757	6.310370206832886	1323277.4232455788	3.5522520542144775	1334902.6633255298	
3.7509491443634033	1337902.4013325982	6.740411996841431	1331975.9439391776	6.430317163467407	1328333.1716739999	5.233788251876831	1333933.526876774	3.5451571941375732	1333394.144283228	6.476608753204346	1338654.672024489	6.745229959487915	1334406.2821186977	6.000856399536133	1333363.555403025	6.324918031692505	1323274.439895434	3.571267604827881	1334875.0486370078	
3.7644553184509277	1337907.9852372294	6.78327488899231	1332015.1178558208	6.452563762664795	1328308.8016280585	5.248312473297119	1333948.9443827583	3.5592288970947266	1333413.7497415035	6.5044779777526855	1338220.8481369342	6.775039196014404	1334395.450306151	6.02424693107605	1333370.1784300995	6.343451499938965	1322191.5048936927	3.5882821083068848	1334906.0055498003	
3.780083656311035	1338256.8529311754	6.821125507354736	1332007.4190885096	6.479278802871704	1328623.361368429	5.2633466720581055	1333950.779133438	3.5752451419830322	1333080.3060853481	6.533515930175781	1338238.2151162527	6.807762622833252	1334397.2073985236	6.051957845687866	1333346.9313476875	6.358717918395996	1322254.0831348726	3.6083102226257324	1335145.9497538381	
3.7954607009887695	1338681.2132086824	6.854874610900879	1332010.219710177	6.503470182418823	1328923.0156323705	5.279855012893677	1334003.240198305	3.591405153274536	1333065.534533957	6.562746524810791	1338350.8635114029	6.84338641166687	1334395.480976203	6.078509330749512	1333339.5306055113	6.373378753662109	1322232.492709777	3.634547710418701	1335205.527710231	
3.8110527992248535	1338710.8582058414	6.884533166885376	1331902.3006306724	6.529526233673096	1328963.7045951304	5.297416925430298	1333925.8423636162	3.6069140434265137	1333072.0566321567	6.595286130905151	1338378.2525174976	6.876566171646118	1335606.5316483635	6.105024576187134	1333340.7851065756	6.389283180236816	1322256.139173849	3.6671950817108154	1335250.7478798649	
3.825559377670288	1338751.6312871347	6.9122703075408936	1331895.8005783362	6.553719758987427	1329071.656167718	5.312079191207886	1333961.9292594863	3.620929718017578	1333088.5118491508	6.627335071563721	1338370.0186167716	6.9123923778533936	1335612.7139578154	6.135931968688965	1333303.913546593	6.404297113418579	1322231.889105354	3.7062220573425293	1335257.3994577327	
3.839576005935669	1338224.8982815465	6.94489049911499	1331862.9993398187	6.583816051483154	1329014.5502309715	5.3255884647369385	1333950.4053916254	3.63643741607666	1333101.2477213526	6.672889471054077	1338342.519421815	6.945601224899292	1335830.0603375973	6.162434339523315	1333370.6116572833	6.418808460235596	1322178.15400087	3.735253095626831	1335511.8960349136	
3.8560965061187744	1338213.7166757227	6.971332788467407	1331863.428530445	6.612147331237793	1329021.6510292436	5.3426127433776855	1333932.8730734233	3.649970769882202	1333169.3549440396	6.70011568069458	1338355.6503262578	6.982631206512451	1335820.8789328502	6.187872648239136	1333400.1997597357	6.431432723999023	1323464.506330974	3.7647736072540283	1335450.539268116	
3.8724076747894287	1338292.3200622045	6.9991090297698975	1331863.35230651	6.6396613121032715	1328977.2888022012	5.358118534088135	1333973.646676476	3.663264036178589	1333171.7335680053	6.724656820297241	1338363.8945451977	7.02135443687439	1335837.9573405809	6.213363409042358	1333421.9193744054	6.446347236633301	1323460.3593422752	3.793301582336426	1335447.2766547832	
3.889934778213501	1338311.5663504049	7.026310920715332	1331869.113219609	6.665197134017944	1329463.1347051535	5.372124910354614	1333963.4094314747	3.676283359527588	1333133.3863326046	6.753849029541016	1338442.2900736975	7.054882526397705	1335847.3736374055	6.2393975257873535	1333452.694599666	6.458968877792358	1323451.507876715	3.821911096572876	1335426.234661018	
3.9059622287750244	1338224.932150415	7.05268669128418	1331886.0863682805	6.692578077316284	1329463.1729647072	5.3887763023376465	1334521.9490019088	3.6932973861694336	1333116.0460782824	6.781246900558472	1338455.814113663	7.094094276428223	1335888.484242106	6.26291298866272	1333449.8941847533	6.472475051879883	1323463.1447549667	3.8499417304992676	1335440.870829266	
3.9229788780212402	1338283.188771876	7.0777013301849365	1331845.5414854898	6.720656156539917	1329528.6636987063	5.404533624649048	1334158.4272054608	3.7083089351654053	1333067.6207454805	6.807617664337158	1339180.6130191917	7.129141330718994	1336353.704989713	6.286429166793823	1333454.8617587239	6.486100912094116	1323468.4538055535	3.878627300262451	1335424.7042397743	
3.9369866847991943	1338075.025151981	7.106442928314209	1331879.6716751053	6.745274543762207	1329537.3992207	5.420040607452393	1334172.8246032258	3.7218945026397705	1333055.723997042	6.8383519649505615	1339192.5635345695	7.1641685962677	1336319.9302948907	6.3151609897613525	1333447.4579035875	6.49960732460022	1323575.7882009253	3.903822422027588	1335412.0011428846	
3.953174352645874	1338029.7619115515	7.135483503341675	1330948.380352778	6.769800662994385	1329534.3755137976	5.434557199478149	1334191.5721292782	3.73340106010437	1333052.8028693367	6.864428758621216	1339332.9967558745	7.201707124710083	1336323.660642408	6.338051080703735	1333534.4377229926	6.513487815856934	1323504.235092047	3.930997610092163	1335440.7845697077	
3.9686851501464844	1338067.5812853824	7.163007497787476	1330980.257284259	6.797177076339722	1333786.5261574758	5.449783086776733	1334210.4782951013	3.74691104888916	1333277.7281689215	6.893696308135986	1339299.211045939	7.23874044418335	1336325.8027340658	6.374618291854858	1333554.83321131	6.527724981307983	1323505.4372678683	3.957519292831421	1335453.7990998882	
3.9841911792755127	1338063.733292888	7.190635442733765	1331048.3077825229	6.8211870193481445	1333792.7981190393	5.464797019958496	1334228.0073231442	3.7619259357452393	1333314.8119327365	6.925234794616699	1339252.6913740917	7.274953842163086	1336334.009570273	6.402158975601196	1333548.5644618694	6.543732643127441	1323559.6074993487	3.986041784286499	1335461.5876394368	
3.9998345375061035	1338236.62928819	7.220431327819824	1331033.8059541848	6.848010301589966	1333137.9104013063	5.482818126678467	1333955.624777081	3.774937629699707	1333436.3292131715	6.957293748855591	1339275.6244869255	7.30647873878479	1336304.0554925913	6.425302743911743	1333544.704002765	6.557942152023315	1323610.5220474738	4.016573190689087	1335488.3576631113	
4.016339302062988	1338258.6591641519	7.25086784362793	1336226.9330402692	6.874041795730591	1333167.7096054296	5.498835325241089	1334145.9339916084	3.7889580726623535	1333347.3962679375	6.986836671829224	1339288.7347561016	7.343020439147949	1336370.712026018	6.453503847122192	1333558.8579254027	6.572446823120117	1323657.750465384	4.041623830795288	1335460.3220573403	
4.03034782409668	1338255.8262558428	7.2748894691467285	1336194.8541735148	6.899402618408203	1333143.2092563165	5.513856887817383	1334146.7719015756	3.8024673461914062	1333358.0791422836	7.011356592178345	1339287.0436700243	7.3756492137908936	1336368.3726289412	6.489630937576294	1333560.0143215102	6.586226224899292	1323690.803416619	4.06835412979126	1335460.0798207563	
4.045361042022705	1338323.1161589348	7.303283929824829	1335962.4403898865	6.923418760299683	1332528.3847392644	5.529919147491455	1334158.2081053779	3.8169689178466797	1333361.80327914	7.037889719009399	1339256.9067403467	7.41668963432312	1336365.0205504599	6.520468711853027	1333560.5996061452	6.602732419967651	1323678.7451005038	4.095945596694946	1335418.7926369607	
4.062656402587891	1338469.443914932	7.32929253578186	1335959.7789998879	6.951005220413208	1332533.2618462753	5.5454325675964355	1334169.9390352515	3.832981824874878	1333454.6874282514	7.065033435821533	1339274.7030133784	7.449215650558472	1336362.598335022	6.5570971965789795	1333562.3200908315	6.617740869522095	1323691.198902943	4.12797474861145	1335397.6849964894	
4.077494382858276	1338491.2559469219	7.3558104038238525	1335947.0233569348	6.975702524185181	1332515.2930752675	5.558947801589966	1334169.3406685889	3.845487117767334	1333970.0365963047	7.0930259227752686	1339287.4408805221	7.493959903717041	1336388.682300605	6.600246906280518	1333751.1610771157	6.632853031158447	1323693.5331777884	4.156503200531006	1335412.6660216644	
4.09200119972229	1338464.4075066352	7.387676239013672	1335874.914848015	7.000438928604126	1333238.467132822	5.574965476989746	1334066.5310219661	3.857998847961426	1333916.7477019508	7.120060920715332	1339339.2423810984	7.535502195358276	1336429.5204394693	6.635057210922241	1333381.7247945955	6.647865533828735	1323103.211674953	4.183025121688843	1335437.0132504248	
4.109010219573975	1338479.319256033	7.414522409439087	1335878.001486796	7.025982141494751	1333343.5926483897	5.589975118637085	1334043.9741297215	3.8702027797698975	1334078.7105346115	7.1461098194122314	1339332.824957523	7.572541952133179	1336434.8097446316	6.673158645629883	1333391.0413556253	6.660873651504517	1323131.654671098	4.215961694717407	1335455.3793781893	
4.124514102935791	1338514.4685728766	7.444844961166382	1335934.4538223604	7.050999164581299	1333277.2914043807	5.604239463806152	1334511.2811657903	3.8842148780822754	1334434.3680127347	7.176815032958984	1339347.2657811528	7.6092493534088135	1336476.065767933	6.70684027671814	1333381.5192363092	6.675456762313843	1323153.2124440419	4.240991830825806	1335465.692473188	
4.137525320053101	1338531.1506611495	7.469547986984253	1335948.8518059503	7.079226732254028	1333313.0232439085	5.619747161865234	1334523.8698600337	3.8982253074645996	1334456.1582734282	7.203845500946045	1339341.3306721407	7.639794826507568	1336508.2363855403	6.748234033584595	1333386.4686471957	6.689087629318237	1323173.723107775	4.264490127563477	1335469.0865381362	
4.153118133544922	1338520.8790761728	7.49505615234375	1335951.0060411128	7.106182098388672	1333360.061999538	5.63626503944397	1334502.786967998	3.911731719970703	1334464.4923603616	7.23138165473938	1339428.9883138812	7.676976442337036	1336533.9684058062	6.784649848937988	1333396.4931915393	6.7034547328948975	1323149.1213988739	4.289252519607544	1335514.5749465595	
4.171259880065918	1338520.3250816208	7.518287181854248	1336174.8671840923	7.13154673576355	1333086.658836203	5.649935245513916	1334501.880934742	3.925351858139038	1334496.8534239004	7.256927490234375	1339430.6036160018	7.714544057846069	1336553.571436032	6.8161780834198	1333409.3314861457	6.717462778091431	1323149.451576628	4.311466693878174	1335535.783759525	
4.1878345012664795	1338536.2916838494	7.548391103744507	1336456.8360846324	7.155395030975342	1333159.0119996709	5.666442632675171	1334310.0206551356	3.939361810684204	1334533.30949641	7.286974191665649	1339439.2260272226	7.750070571899414	1336555.8734981446	6.851391792297363	1333379.1868319972	6.731993198394775	1323118.5818046902	4.33953332901001	1335534.0772961457	
4.202338218688965	1338542.5478499604	7.5739030838012695	1336579.2888196679	7.182272911071777	1333096.4537058591	5.680455207824707	1333799.1439296873	3.9547417163848877	1334600.752559338	7.318230390548706	1339432.1884461702	7.786610126495361	1336524.7096821987	6.896005153656006	1333607.6488015088	6.744645118713379	1323226.7983860187	4.364551544189453	1335562.7721873573	
4.218347072601318	1338610.9297877196	7.60185980796814	1336239.216846162	7.211798191070557	1333262.1074249346	5.694968938827515	1333810.0676939208	3.967754364013672	1334604.6881076733	7.348788261413574	1339442.1120590924	7.822378396987915	1336515.764225538	6.936111211776733	1333614.6086688186	6.7611165046691895	1323336.357553975	4.393070220947266	1335564.0518228444	
4.23185396194458	1338617.1731201385	7.630486488342285	1336238.360557945	7.2358317375183105	1333238.9381508944	5.71049952507019	1333839.509830404	3.982766628265381	1334590.9248996773	7.376826047897339	1339443.153928688	7.855606317520142	1336447.0275753257	6.969828128814697	1333633.6970156785	6.773622274398804	1323349.0589813804	4.423724889755249	1335592.3345917421	
4.244512319564819	1338606.9898069026	7.656138181686401	1336239.665753661	7.263364553451538	1333277.1157587075	5.72630763053894	1333839.5169802448	3.9987845420837402	1334550.341955381	7.403110504150391	1339458.7009093328	7.889327526092529	1336450.2032370167	7.007851839065552	1333631.6518708407	6.786016464233398	1323372.8743085212	4.455247402191162	1335633.3383983476	
4.259770393371582	1337436.7634270785	7.683448314666748	1336242.0141093933	7.289044618606567	1333153.9047877814	5.7413389682769775	1333811.421803802	4.014307260513306	1334585.3594747433	7.4301512241363525	1339437.9087231054	7.9163525104522705	1336768.6127719984	7.0398783683776855	1333614.314760975	6.799523115158081	1323392.908020994	4.481482982635498	1335629.1445974177	
4.273778438568115	1337435.4431622496	7.710845708847046	1336357.289254277	7.310978889465332	1333167.222700659	5.7570953369140625	1333824.1179117998	4.0268144607543945	1334662.5072670605	7.463193655014038	1339436.3941548509	7.953702449798584	1336756.9587498168	7.079632997512817	1333582.3313078769	6.81352972984314	1323685.5774152146	4.506500482559204	1335635.6986090986	
4.2884275913238525	1337454.0095649287	7.73788046836853	1336357.431099233	7.333866834640503	1333214.5590940542	5.773102760314941	1333794.8741642425	4.0428266525268555	1334664.7776404666	7.512033462524414	1339293.615928583	7.992207765579224	1336790.082743072	7.111441373825073	1333605.3629412537	6.826721668243408	1323683.4653643086	4.53154182434082	1335613.626861707	
4.304935932159424	1337452.2489560356	7.765409469604492	1336383.880278638	7.357898235321045	1333222.259207774	5.788111448287964	1333801.855890709	4.058356761932373	1334683.2903763882	7.545187711715698	1339240.1518755788	8.023606061935425	1336789.4171977525	7.135259628295898	1333647.040033067	6.8403098583221436	1323735.60545714	4.5584187507629395	1335747.6631785254	
4.321954250335693	1339529.5533963116	7.790930986404419	1336385.0591089234	7.382913827896118	1333280.5593495881	5.801628112792969	1333817.1900277801	4.075194835662842	1335165.1025951756	7.5838377475738525	1339099.2652793888	8.061215877532959	1336799.464874921	7.167075157165527	1333668.138983722	6.854763031005859	1323711.8194125877	4.586971044540405	1335742.8141443992	
4.337968349456787	1339582.281923107	7.8156983852386475	1336374.2001762562	7.403748989105225	1332724.1930719796	5.81513237953186	1333788.1968214237	4.08920431137085	1335234.4142475026	7.614039897918701	1339224.015021336	8.088687658309937	1336818.7816474785	7.192072868347168	1333700.8815363087	6.868285179138184	1323693.374268771	4.6100006103515625	1335675.440438215	
4.3535072803497314	1339557.1174595903	7.845231056213379	1336378.1033045012	7.4322669506073	1332364.6081299898	5.8301379680633545	1333284.2801088067	4.101711988449097	1335278.6846050695	7.651526212692261	1339186.5270710944	8.12245798110962	1336942.8167545996	7.220005989074707	1333737.3500036735	6.882508039474487	1323688.477139456	4.632643699645996	1335683.5676577066	
4.365664482116699	1339547.0307511494	7.873125076293945	1336301.8085186377	7.458306312561035	1332357.2032771609	5.845151662826538	1333290.0411479932	4.114718437194824	1335291.7263477976	7.683667182922363	1339135.986769259	8.153196334838867	1336988.210801136	7.247179746627808	1333750.783398019	6.895068168640137	1323776.0241985042	4.656658411026001	1335739.1296938367	
4.3816728591918945	1339603.1831823615	7.899174451828003	1336311.1495536845	7.485403299331665	1332326.4961614464	5.859875679016113	1333257.4876834538	4.129162073135376	1335315.393172774	7.718772649765015	1339133.545711702	8.185750246047974	1336976.064175551	7.278064489364624	1333768.4417953598	6.907658338546753	1323807.9267279024	4.682697534561157	1335704.4524653568	
4.397179365158081	1339624.1282057024	7.925212144851685	1335379.2461527186	7.511991739273071	1332329.2736782907	5.874385118484497	1333269.671848738	4.14162278175354	1335323.4204161111	7.764066696166992	1339131.1540620637	8.2179856300354	1336983.5112156384	7.308011531829834	1333764.2108417253	6.921692371368408	1323820.6562780906	4.706711769104004	1335776.5682115692	
4.412244081497192	1340077.0694178932	7.950656414031982	1335112.3142510923	7.536526203155518	1332394.2379742563	5.8878912925720215	1333300.7161255225	4.156147480010986	1335597.696244999	7.8048999309539795	1339329.8609037995	8.260017156600952	1336992.7808466956	7.337880373001099	1333840.3887319474	6.934471368789673	1323804.6760261937	4.734233140945435	1335738.1843849744	
4.428261041641235	1340111.1124782658	7.974233388900757	1335143.198396273	7.561666965484619	1332376.5949694114	5.903409004211426	1332861.991503345	4.169160604476929	1335546.1589258974	7.844947576522827	1339309.6508516744	8.291164875030518	1336985.270293148	7.364623069763184	1333869.919403149	6.950225353240967	1323807.005530198	4.764753103256226	1335732.3302290442	
4.444409132003784	1340117.0859513117	8.003278255462646	1335143.4512214817	7.593194246292114	1332407.237310846	5.9179160594940186	1332881.123996491	4.1821839809417725	1335551.7981806595	7.884032964706421	1339378.3635768017	8.326196193695068	1336991.8626612246	7.3941450119018555	1334025.8457135442	6.966588973999023	1323824.0361491207	4.794280529022217	1335927.7350652507	
4.4604716300964355	1340117.518226167	8.033069849014282	1335142.279873479	7.61771297454834	1332386.4177491984	5.931925535202026	1332881.749170065	4.197686195373535	1334627.8579500187	7.914758920669556	1339805.9950924441	8.368226051330566	1337002.8862781131	7.420311450958252	1334089.305145072	6.979726076126099	1323838.289932939	4.825611114501953	1335984.452103069	
4.4769978523254395	1340128.1868095624	8.059683084487915	1335132.1206917202	7.6413304805755615	1332408.1359611494	5.946406602859497	1332873.0413325299	4.210701942443848	1334730.8810516386	7.944801092147827	1339797.3355691729	8.405391216278076	1336858.6318870676	7.448055982589722	1334072.086704698	6.995447158813477	1324122.761254077	4.851661443710327	1333540.3484643816	
4.491058826446533	1340124.1292676406	8.085192918777466	1335229.4573953093	7.670854091644287	1332423.9439989442	5.960069179534912	1332880.7449731824	4.223221302032471	1334743.159928754	7.976570129394531	1339775.554689232	8.436419486999512	1337372.3939947486	7.477304458618164	1333832.7934551593	7.0110697746276855	1323994.5975330574	4.877474069595337	1333526.1720263595	
4.508067607879639	1340150.002613866	8.111211061477661	1335610.038074389	7.695258140563965	1333395.0930702267	5.974165201187134	1333873.1702582587	4.237726211547852	1334798.0655901816	8.005215883255005	1339788.3862509318	8.471952676773071	1337543.9445366485	7.505901575088501	1333851.8479075446	7.024722576141357	1323958.100577269	4.902995586395264	1333481.5229013187	
4.522137880325317	1338465.2398573915	8.138737678527832	1335612.2345088138	7.723787546157837	1333563.642234338	5.989013910293579	1333877.5177366005	4.251118421554565	1334808.4192652537	8.034796476364136	1339805.0137916673	8.50936245918274	1337573.9126568474	7.533936023712158	1333868.2547183882	7.040913820266724	1323911.4212277706	4.933517694473267	1333581.9806160459	
4.538827419281006	1338784.5660296415	8.167264938354492	1336016.1969489078	7.7505271434783936	1333561.7661208406	6.005508661270142	1333889.559401457	4.266129493713379	1334649.0881565355	8.05973196029663	1339800.9339542976	8.545203447341919	1337588.4950623275	7.56226921081543	1333837.1391649449	7.0559351444244385	1324219.0679057366	4.9610371589660645	1333660.6325061775	
4.551214933395386	1338802.6314754386	8.193812608718872	1335999.8495643702	7.77554988861084	1333576.3110582475	6.0190207958221436	1334714.181815624	4.278644561767578	1334655.542189563	8.086065292358398	1339800.050384902	8.579724788665771	1337609.4656572896	7.5888519287109375	1334374.2197300508	7.069709539413452	1324455.2505028963	4.985052824020386	1333636.2080724624	
4.565881967544556	1338802.674343669	8.22403597831726	1336022.4942896415	7.800627708435059	1333567.9020533056	6.033038139343262	1334709.2670436928	4.291148900985718	1334657.2358019429	8.110685348510742	1339737.2123339244	8.616275072097778	1337639.1780593102	7.616939067840576	1334602.826861814	7.086463689804077	1324455.9569814173	5.012085437774658	1333852.7015558076	
4.5814290046691895	1338775.3526645289	8.252243757247925	1336051.3309153402	7.82572603225708	1333637.2119011513	6.05198860168457	1334703.494043219	4.3046534061431885	1334199.4209059505	8.137225866317749	1339769.2344519037	8.661309242248535	1337652.8525151243	7.636576414108276	1334630.115018771	7.100538492202759	1324474.9205734518	5.038274765014648	1333846.5653056223	
4.596940040588379	1338773.6743769238	8.283111095428467	1336063.317633383	7.853542327880859	1335132.7389440825	6.066538095474243	1334710.8839017807	4.318979263305664	1334185.6817975186	8.163864374160767	1340337.6839472721	8.693535089492798	1337646.2042107473	7.652648687362671	1334618.321591574	7.113762140274048	1324578.9452183393	5.060292720794678	1334124.557742661	
4.6109583377838135	1338781.0041144271	8.312864780426025	1336068.3154718117	7.879149436950684	1335086.4398714944	6.081514835357666	1334648.5631966474	4.3314807415008545	1334201.2094700935	8.194717407226562	1339835.1359567102	8.738155603408813	1337626.8225285904	7.670168161392212	1334628.2492123833	7.128380298614502	1324618.2405071717	5.092570543289185	1334022.5550538371	
4.625994443893433	1339006.9690785094	8.341120481491089	1336069.8042271978	7.905264139175415	1335084.998321624	6.0965259075164795	1333462.17641581	4.343986749649048	1334210.8318294617	8.22325611114502	1339817.033098313	8.77918553352356	1337618.8692406996	7.686182022094727	1334595.205130729	7.141886949539185	1325684.7294649305	5.122144937515259	1334025.1335771189	
4.64113450050354	1339001.9294707517	8.37224555015564	1336075.8334409622	7.930312156677246	1335087.6714091543	6.113541841506958	1333523.286466573	4.357998371124268	1334233.0393453983	8.251305341720581	1339822.005430819	8.817995309829712	1337624.680077763	7.699308633804321	1334608.1159233577	7.1561806201934814	1324592.4037459262	5.1506805419921875	1334072.4227869045	
4.65719747543335	1338969.6181503583	8.404593706130981	1336075.9334967954	7.960622310638428	1334643.8290008642	6.127045392990112	1333578.263689642	4.371560096740723	1334265.3776753903	8.280424356460571	1339835.5064207448	8.849520921707153	1337633.9655764385	7.712319612503052	1334597.1877903214	7.170193195343018	1325167.8534603196	5.178696870803833	1334103.1097747395	
4.67272162437439	1338978.7062561822	8.433119773864746	1336013.9319023592	7.98514986038208	1334665.3429192067	6.143061637878418	1333573.1372456022	4.386079549789429	1334286.3959996465	8.304224014282227	1339842.468506036	8.88481330871582	1337635.375849879	7.726982116699219	1334596.3280335276	7.1836957931518555	1325178.7042255804	5.2042176723480225	1334110.6396625605	
4.687830686569214	1338908.9185804483	8.455135107040405	1336010.4085181486	8.008176803588867	1334684.034099178	6.157566547393799	1333581.5102234764	4.4020912647247314	1334307.337786364	8.33325719833374	1339861.4492096072	8.921608686447144	1337648.0721192462	7.741209983825684	1334604.154466804	7.19998836517334	1325209.0492561848	5.234748840332031	1334050.8272836255	
4.702894926071167	1338879.5242634923	8.48567247390747	1335973.065000952	8.03420090675354	1334659.8206597534	6.171574592590332	1333584.554408021	4.420161247253418	1334333.5844883872	8.363579750061035	1340259.259436949	8.963649272918701	1337692.320433462	7.754721403121948	1334586.4524627503	7.215999364852905	1325214.243324086	5.26528263092041	1334042.691682153	
4.715402841567993	1338763.5220591067	8.51552152633667	1335973.0641490705	8.062254667282104	1335535.6807831754	6.185079336166382	1333432.3060546594	4.4346678256988525	1334374.463968152	8.389108180999756	1340341.1719538518	8.99800443649292	1337695.3911881475	7.768402814865112	1334601.160377973	7.231504678726196	1325210.41767266	5.293514251708984	1334047.6246228716	
4.730419397354126	1338763.743490854	8.543100357055664	1336001.294639565	8.086328029632568	1335533.118812621	6.198468446731567	1333485.457874719	4.44920015335083	1334376.7667999906	8.41713547706604	1340279.3255785906	9.036545753479004	1337706.1733131355	7.78241229057312	1334592.6047091435	7.2441370487213135	1325197.1250989155	5.317528486251831	1334134.0295318877	
4.74699854850769	1338757.4682850526	8.573316812515259	1336003.3858856796	8.112709999084473	1335531.6846114232	6.214484214782715	1333500.0839794278	4.462401390075684	1334393.0480672403	8.445187091827393	1340264.204343183	9.071495532989502	1337727.940821936	7.7954230308532715	1334607.92685698	7.257643222808838	1325256.001314748	5.344048976898193	1337091.8927027492	
4.762672185897827	1338384.3803055703	8.602520227432251	1336013.448078432	8.140631675720215	1333597.5648073887	6.228994607925415	1333487.3313032438	4.478925466537476	1334536.7775797693	8.471707344055176	1340393.1586672799	9.105745553970337	1337730.9102286343	7.810960292816162	1334629.053573333	7.27218222618103	1325283.4715060128	5.371575355529785	1337039.8781399527	
4.777178049087524	1338376.4775663738	8.629127264022827	1336052.7719557958	8.170891523361206	1333780.056759859	6.245278596878052	1333506.5564229395	4.49443793296814	1334133.7416238622	8.495760679244995	1340385.1897014156	9.143281936645508	1337734.54885246	7.826081275939941	1334640.173988594	7.285797834396362	1325290.7996107035	5.39759373664856	1337071.9429751148	
4.790784120559692	1338370.304081826	8.653645753860474	1336054.15929887	8.199442386627197	1334850.8422239162	6.258782625198364	1333517.7324292653	4.509453058242798	1334173.0264868557	8.51995038986206	1340384.9529056915	9.179811716079712	1336117.758478248	7.841463804244995	1334598.5003097476	7.299302101135254	1325332.7315223517	5.422976493835449	1337126.8306591825	
4.806794881820679	1339727.702497	8.68065857887268	1336045.6692137946	8.22245717048645	1334836.6675774648	6.2738001346588135	1333542.2432702435	4.525130033493042	1334172.3788753164	8.547983169555664	1340267.8853410396	9.209959506988525	1336111.4682400653	7.8554847240448	1334604.0042388707	7.311807155609131	1325348.9716576508	5.449599027633667	1337143.763775895	
4.820260524749756	1339748.8159922834	8.704869508743286	1336066.8097571386	8.247994661331177	1334842.0292227217	6.29081654548645	1333556.5044104604	4.539151668548584	1334178.1479262183	8.574671745300293	1340283.8596518924	9.239988565444946	1336104.439329244	7.870635986328125	1334611.6534866677	7.324947118759155	1325314.3737872322	5.471843719482422	1337125.4892386831	
4.835768938064575	1339755.605579293	8.735339879989624	1335545.3519405997	8.276532173156738	1334807.7400032522	6.304828643798828	1332912.0671583312	4.554659605026245	1334176.3033770567	8.60219669342041	1340204.9206110858	9.274211645126343	1336096.1881722861	7.885781764984131	1334632.8116636765	7.339452266693115	1325436.619761254	5.498360633850098	1337048.8670414481	
4.851878643035889	1340571.072569557	8.766971826553345	1335535.5550781493	8.301156997680664	1334808.0033370128	6.318333387374878	1332915.566069752	4.570680379867554	1334178.9657278443	8.631324768066406	1340249.1752131952	9.30651068687439	1336102.864880956	7.900294780731201	1334631.9280526259	7.354506015777588	1325492.0726649156	5.522382497787476	1337119.5792065174	
4.8679492473602295	1340578.5039433623	8.799154996871948	1334976.1223856634	8.330689430236816	1334807.5247788683	6.332343816757202	1332899.782496482	4.585693359375	1334173.8568540064	8.65537142753601	1340195.3902015071	9.340473890304565	1336246.4756329616	7.913305759429932	1334637.7855211985	7.367509603500366	1325498.3810371188	5.552907943725586	1337114.573725304	
4.884609699249268	1340561.222021907	8.829281330108643	1334976.3687260007	8.357556104660034	1334810.0181266107	6.346235752105713	1332786.739775273	4.600711107254028	1334185.7053806458	8.684409379959106	1340086.7026882425	9.369995832443237	1336244.8616262835	7.927182197570801	1334645.3682855195	7.381385087966919	1325475.2740773798	5.578425168991089	1337131.8601538953	
4.899218320846558	1340437.4178371816	8.85931134223938	1334976.349543117	8.383570194244385	1334550.7091335028	6.359896183013916	1332834.2490581376	4.616180658340454	1334158.3968320028	8.709685564041138	1339200.9800945723	9.396031379699707	1336243.9084918243	7.941347599029541	1334620.605446268	7.395359754562378	1325521.710394722	5.603446006774902	1337126.331383228	
4.913724422454834	1338741.3574649775	8.885830879211426	1334981.803184602	8.411007404327393	1334549.7149972823	6.3754050731658936	1332856.5445847742	4.629197359085083	1334223.8378824107	8.735723972320557	1339210.1928182992	9.423674821853638	1336247.356461336	7.95720911026001	1334627.1069247012	7.408982992172241	1325604.896395767	5.633946180343628	1337137.9301217634	
4.927737236022949	1338829.5732719111	8.915228605270386	1335279.5168226995	8.438454389572144	1334530.3663490384	6.389925479888916	1332236.2946364156	4.6437036991119385	1334241.2102935556	8.760887861251831	1339219.6007547902	9.448688268661499	1336241.0085034554	7.971759080886841	1334627.9347359762	7.422489881515503	1325615.676002602	5.660494804382324	1337093.430107478	
4.942386150360107	1338901.777347374	8.947252750396729	1335274.4222632514	8.461981296539307	1334520.7750138459	6.404686212539673	1332294.8286732426	4.657993316650391	1334121.7883543207	8.789714813232422	1339220.680279875	9.479154825210571	1336116.6156837984	7.986776828765869	1334612.164486489	7.436627388000488	1325607.6578464068	5.680261611938477	1337094.15784567	
4.9579057693481445	1338711.4014832005	8.975772380828857	1335350.3161691579	8.484366655349731	1334563.184934696	6.418199062347412	1332289.10544612	4.672504425048828	1334171.625065451	8.818748950958252	1339223.0146788512	9.507676124572754	1336097.1565782328	8.000298976898193	1334570.2812487956	7.449785470962524	1325639.794518334	5.7012779712677	1337213.6237148996	
4.974089622497559	1338130.841970293	9.003308296203613	1335316.7630866822	8.5094313621521	1334559.8788164922	6.433213949203491	1332306.9940219289	4.68552041053772	1334184.346329076	8.84779167175293	1339300.722798521	9.537708044052124	1335608.0803618557	8.012309551239014	1334593.9150419778	7.463795185089111	1325643.330551714	5.725292444229126	1337179.780405559	
4.989155054092407	1338000.140315647	9.031589269638062	1335323.4183927178	8.537461996078491	1334543.6575420438	6.446974039077759	1332295.3958454325	4.698034286499023	1334034.7873097176	8.873829126358032	1339320.8325960771	9.565754413604736	1335608.5378928569	8.026814460754395	1334700.8519463895	7.477719306945801	1325630.8498066633	5.746307849884033	1337153.7882634802	
5.002660751342773	1338060.179278983	9.059898853302002	1335439.7977506833	8.56653118133545	1334582.0117180787	6.462984561920166	1334090.132694085	4.71105170249939	1334040.7831732207	8.90194034576416	1339940.354938697	9.596786737442017	1334216.845882122	8.042115211486816	1334708.4568421463	7.491898775100708	1325658.9239800368	5.770836591720581	1337437.796587192	
5.018766403198242	1338395.406887078	9.087384462356567	1335156.8925740104	8.593962669372559	1334593.5450805302	6.477493524551392	1334103.2179654436	4.725220680236816	1334087.0365990992	8.929970502853394	1339951.9216048417	9.6222243309021	1334431.678171119	8.05812692642212	1334666.6385986453	7.505905389785767	1325673.5552992965	5.793851613998413	1337434.2030509252	
5.035274505615234	1338357.4434298456	9.117374181747437	1334802.304845411	8.621177673339844	1335003.646656556	6.49250602722168	1334096.1035464108	4.739962577819824	1334085.4412044412	8.956019163131714	1339493.6149447775	9.649239540100098	1334466.9154023507	8.07391357421875	1334664.6498402695	7.519409894943237	1325673.4430573033	5.81560206413269	1337442.5483177383	
5.049793243408203	1338357.2709335808	9.144625425338745	1334786.106405946	8.650692224502563	1335005.727858121	6.506523847579956	1334109.2511907297	4.752469778060913	1334120.0461303205	8.985223054885864	1339756.8583034726	9.67945671081543	1334479.903013566	8.089430093765259	1334666.5917608442	7.531914472579956	1325684.6912003218	5.837611675262451	1337462.9573815882	
5.065298795700073	1338382.6213918966	9.167640686035156	1334773.9374746948	8.678889274597168	1334916.7750556462	6.520543336868286	1334101.7156471522	4.7684853076934814	1334601.477403263	9.011751890182495	1340344.5755546456	9.708983182907104	1334464.235960717	8.103935241699219	1334676.8172279678	7.5454301834106445	1325694.7703277771	5.866677761077881	1337454.1675037127	
5.079310417175293	1338397.4273903794	9.193666458129883	1334776.740473576	8.70540714263916	1334933.5319253956	6.5346925258636475	1334038.6024315357	4.782501697540283	1334632.5935699658	9.037808418273926	1340335.215653603	9.732011556625366	1334546.3214807871	8.118730068206787	1334642.514433437	7.558322429656982	1325724.1241317263	5.892215728759766	1337442.1050614503	
5.092540979385376	1338364.213324459	9.220453262329102	1336189.2705624267	8.730932712554932	1334938.3564070053	6.548204183578491	1333625.69253805	4.797007083892822	1334656.1481114556	9.064838171005249	1340347.6658227309	9.756026983261108	1334536.6890659328	8.132454872131348	1334628.7047702149	7.571840763092041	1325756.8412283708	5.919461727142334	1337452.6665772237	
5.108072757720947	1338363.9971987489	9.247483491897583	1336185.5728053506	8.756155967712402	1334956.4854975722	6.563223600387573	1333490.591539744	4.811022520065308	1334665.7503017057	9.094013214111328	1340971.109491748	9.781543731689453	1334488.7635841246	8.146463871002197	1334636.7773301387	7.584850072860718	1325765.7206821695	5.9464781284332275	1337457.2277393558	
5.121706962585449	1338342.1195451876	9.276997566223145	1336196.652967298	8.782160758972168	1334957.3204741573	6.577728271484375	1333478.680469422	4.822530746459961	1334664.9131958997	9.122042179107666	1340970.2491743288	9.806659698486328	1334513.62707767	8.16197681427002	1334639.5076452922	7.597354173660278	1325816.031321566	5.971990585327148	1337445.3096252768	
5.137362480163574	1338338.308124412	9.309017181396484	1336190.8602914521	8.810462236404419	1334505.7117412195	6.594108819961548	1333441.268171894	4.836041212081909	1334666.7714499272	9.152224779129028	1341313.9905918017	9.83768606185913	1334381.129760781	8.177267789840698	1334648.5318812227	7.610858678817749	1325263.3623423113	5.999238729476929	1337461.437785239	
5.15110969543457	1338329.1240749713	9.342939138412476	1336557.763919774	8.836411237716675	1334514.5037008987	6.607129335403442	1333453.77603949	4.849556922912598	1334672.2204698687	9.183476686477661	1341309.256531012	9.863218069076538	1334294.9463026947	8.192278146743774	1334649.7977709714	7.62526273727417	1325280.6264817868	6.028835773468018	1337508.483399273	
5.165308952331543	1338315.8843910205	9.37046766281128	1336581.3859399096	8.858458995819092	1334510.7675213425	6.62114691734314	1333488.829901017	4.863796710968018	1335102.0173102336	9.215018272399902	1341652.738596412	9.890508890151978	1334403.032838827	8.206306457519531	1334670.5803164195	7.639766693115234	1325182.620094218	6.058361053466797	1337513.412874938	
5.178961515426636	1338316.4012585494	9.39928388595581	1336594.6797058731	8.884312868118286	1334349.6854518256	6.637160062789917	1333896.9407528408	4.876811742782593	1335092.3000061854	9.243109226226807	1341590.6671276835	9.915032386779785	1334423.9976289903	8.220020294189453	1333992.6114457245	7.653773307800293	1325148.0061655722	6.087666749954224	1337519.0376491824	
5.1920154094696045	1338359.4176231474	9.426413297653198	1336595.767357748	8.908449411392212	1334337.5842761928	6.649909019470215	1333863.1573891207	4.888828992843628	1335123.7688692114	9.2711501121521	1341562.904017845	9.94306230545044	1334416.7034932016	8.233936309814453	1333990.4247098118	7.66678786277771	1325152.5341643768	6.1217334270477295	1337587.627538518	
5.2061967849731445	1338386.1752187046	9.452674865722656	1336660.6481757963	8.93547511100769	1334344.6283794395	6.663417100906372	1333863.1023997872	4.905334949493408	1334959.2711788225	9.297947883605957	1341566.7294175855	9.97758150100708	1332801.1596458268	8.249057054519653	1334061.9700898037	7.680797100067139	1325180.5463847418	6.161283731460571	1337602.5401005903	
5.2192065715789795	1338403.848724642	9.480723857879639	1336661.5984833038	8.962420225143433	1334346.064452168	6.676924467086792	1333281.4862802578	4.920642137527466	1334062.6389921445	9.33148741722107	1341608.3359086595	10.000104188919067	1332785.79061717	8.26507019996643	1335073.4930977493	7.695805788040161	1325169.1679740944	6.195808410644531	1337568.1420268733	
5.232563257217407	1338407.8408739583	9.50903606414795	1336659.7428198822	8.988511562347412	1334357.6364468033	6.689937114715576	1333282.409752005	4.934155225753784	1334076.0085085398	9.36110234260559	1341748.6086764047	10.028791666030884	1332849.447353156	8.282582759857178	1334287.7970232954	7.711160659790039	1325185.5630143303	6.2265050411224365	1336138.1961208987	
5.248081922531128	1338408.7235588953	9.535239458084106	1336661.4399409245	9.014188051223755	1334374.7573663294	6.703956604003906	1333564.8526487201	4.9481658935546875	1334066.4229852792	9.388448238372803	1341765.157346894	10.055481433868408	1332844.9860953966	8.298096895217896	1334303.2649191944	7.724364280700684	1325350.866206166	6.256781816482544	1336136.0248501606	
5.264590501785278	1338473.2915434632	9.563819169998169	1338518.6599038057	9.040710687637329	1334433.7090705219	6.718464374542236	1333707.047934162	4.962678670883179	1334133.0238007782	9.41763710975647	1341771.595361161	10.088163614273071	1332767.1899538606	8.313175201416016	1334318.5855596187	7.737879037857056	1326526.4601115196	6.289419412612915	1336128.5482456596	
5.279609203338623	1338427.8032635066	9.596888303756714	1338523.5559138767	9.074270725250244	1334398.4034165274	6.731483459472656	1333785.5516741117	4.977737665176392	1334148.7050785194	9.444186687469482	1341778.3683332219	10.112683773040771	1332773.1239740534	8.327851295471191	1334316.336677333	7.750311613082886	1326522.3902020804	6.321943521499634	1336175.4529721993	
5.294401168823242	1338432.916884458	9.62254524230957	1338451.1454301612	9.097286701202393	1334439.9481243293	6.746496677398682	1334370.815250334	4.991247892379761	1334170.5295139584	9.471707105636597	1341754.6963495254	10.139422416687012	1332774.4007537726	8.344494342803955	1334310.5635612176	7.763823747634888	1326225.5833619717	6.352666854858398	1336228.276011337	
5.309766530990601	1338791.509856998	9.64556074142456	1338423.1585496978	9.122299671173096	1334456.8138044365	6.761807918548584	1334396.3089062884	5.004756450653076	1334169.371395424	9.50135326385498	1341791.0288598845	10.163737535476685	1332828.3033919516	8.359009504318237	1334142.83231786	7.77688455581665	1326235.8561901143	6.384187459945679	1336226.0571364032	
5.325271129608154	1338796.6825295035	9.673076152801514	1338416.691284578	9.14806079864502	1334599.5921490367	6.776317834854126	1334391.4665740428	5.017768383026123	1334164.497771743	9.52989673614502	1341788.249878662	10.18941593170166	1332802.5509742133	8.374016523361206	1334145.1282847696	7.79190468788147	1326251.0246277926	6.4162609577178955	1336246.580720395	
5.340996980667114	1338802.1353577357	9.696924448013306	1338439.908249333	9.17293906211853	1334589.244403817	6.788830995559692	1334403.939744706	5.031291961669922	1334136.9710221228	9.56619930267334	1341771.576591403	10.216552019119263	1332772.637121194	8.388023376464844	1333809.230891977	7.8043153285980225	1326298.844188918	6.447354555130005	1337877.7009634334	
5.357208013534546	1338468.163962717	9.722819805145264	1338423.8206182688	9.197694540023804	1334505.4010380018	6.801863193511963	1334422.0867932825	5.046757221221924	1334133.8058755535	9.59473991394043	1341428.9927997673	10.243577718734741	1332783.5959827886	8.402037382125854	1333836.9275433628	7.818826675415039	1326299.301947759	6.47928786277771	1337884.62631076	
5.37095308303833	1339741.0052318808	9.748540163040161	1338408.7461853768	9.221704721450806	1334296.8513825687	6.816370010375977	1334442.5357366672	5.0592734813690186	1334129.9983870308	9.625158071517944	1341418.553430268	10.2675940990448	1332778.7474563578	8.41671872138977	1333850.5402426359	7.83233380317688	1327339.767536913	6.5083723068237305	1337932.304904405	
5.385456562042236	1338629.3818477201	9.775282144546509	1338432.2366913492	9.244964122772217	1334224.5870571234	6.828883171081543	1334409.789430789	5.07245397567749	1334092.059076442	9.655144453048706	1341410.3868775605	10.297316312789917	1332793.497776584	8.431441068649292	1333021.4182823123	7.845870733261108	1327359.6212413674	6.532026529312134	1338118.953155964	
5.4004693031311035	1338672.864494415	9.801810264587402	1338438.797217753	9.275267839431763	1334334.9243488456	6.842401742935181	1334424.9351150861	5.085819721221924	1334087.1168950414	9.684563875198364	1341361.4072429382	10.321849346160889	1332804.4940229214	8.44857406616211	1333228.6885301275	7.860425710678101	1326803.5259018054	6.556040287017822	1338135.767979494	
5.414979457855225	1338720.3237821122	9.826456546783447	1338429.9153621956	9.300999879837036	1334326.2222414087	6.85666823387146	1334408.6886709388	5.098958492279053	1334275.9004293438	9.713260173797607	1341427.658401481	10.342913389205933	1332811.0152341896	8.467085361480713	1333223.7866810572	7.874585866928101	1326801.9832809782	6.586565732955933	1338486.3204590282	
5.4299962520599365	1338805.2294575633	9.859065532684326	1338443.780439029	9.3300621509552	1334850.0277355616	6.86817193031311	1334412.3829899787	5.115676641464233	1334315.692280695	9.740801095962524	1341388.8605779286	10.363927602767944	1332812.162982277	8.481095552444458	1333226.397441113	7.888232946395874	1327228.1134737665	6.613598823547363	1338479.6632729156	
5.4445977210998535	1338849.3271205958	9.896610975265503	1338458.959804369	9.352398872375488	1334229.6408419686	6.885185956954956	1334412.7342009651	5.130915641784668	1334099.2125169858	9.770478010177612	1341383.8381605744	10.38800597190857	1332771.309806856	8.493104219436646	1333221.9150355312	7.902737855911255	1327173.240740473	6.645277261734009	1338445.8487147999	
5.460997581481934	1338810.6924711724	9.925233364105225	1338447.441187128	9.379416704177856	1334235.7557385156	6.898704528808594	1334422.1633993995	5.146601676940918	1334095.8474368886	9.801523208618164	1341407.304120569	10.41020131111145	1332834.4854543314	8.506629228591919	1333229.225423903	7.915746450424194	1327264.7300199533	6.673567056655884	1338462.0480213186	
5.474502325057983	1338845.9705641908	9.953446865081787	1338431.3192187308	9.403428792953491	1336479.933433475	6.913384914398193	1334426.3997976398	5.160712003707886	1334114.4054869406	9.831566572189331	1340782.998654552	10.437324047088623	1332839.1764893902	8.521143913269043	1333208.279615724	7.929797887802124	1327652.9907344726	6.699320077896118	1338472.4318495735	
5.488616704940796	1338889.4926882104	9.97946548461914	1337532.8221124967	9.429959535598755	1336514.677935779	6.927890777587891	1334442.8936011354	5.17336106300354	1334114.7767883507	9.861594676971436	1340806.6427508497	10.461919069290161	1332843.9828120517	8.536264657974243	1333208.447609257	7.943909645080566	1327657.5325941257	6.72956395149231	1338959.942578959	
5.503126621246338	1338890.6817149562	10.0094473361969	1337529.6325842647	9.455379724502563	1336508.833260877	6.939902067184448	1334448.8893434377	5.187618255615234	1334048.3580045605	9.888331890106201	1340813.951649777	10.488102436065674	1332909.6551198123	8.549516916275024	1333199.1745741256	7.957275390625	1327662.148921499	6.759287357330322	1338796.3258741316	
5.517134189605713	1338858.4453749892	10.038712978363037	1337513.2659147426	9.480254650115967	1336524.1012017021	6.953412055969238	1334435.2479425021	5.2008092403411865	1334367.1304301831	9.919522762298584	1340838.2014052684	10.515754461288452	1332922.6616133219	8.564022064208984	1333191.5281408795	7.970953941345215	1327831.9935887652	6.7928080558776855	1338803.9206377135	
5.53364372253418	1338764.763283436	10.068241596221924	1337815.0148875073	9.50369906425476	1336527.1639138758	6.9669189453125	1334441.4227902875	5.214621305465698	1334397.2180859533	9.947081565856934	1340838.6799616138	10.538404941558838	1332965.3983302051	8.57703161239624	1333197.380147352	7.985709190368652	1327970.7906118333	6.822518825531006	1338810.431825055	
5.5484044551849365	1339069.1340253947	10.092567920684814	1337830.3703585935	9.536231279373169	1336480.0713520693	6.97993278503418	1334451.4810920996	5.227436065673828	1334400.821069207	9.977073669433594	1340820.3176207587	10.559928178787231	1332943.4341600263	8.590597152709961	1333212.006204365	8.00221300125122	1328018.2133078715	6.845252752304077	1338816.1791174645	
5.5657124519348145	1338985.1897754332	10.119096994400024	1337834.0540384774	9.559539794921875	1336490.7434232028	6.993443727493286	1334446.8961068378	5.240406036376953	1334407.1246286843	10.007609128952026	1340825.2483079105	10.585452795028687	1332940.4545861117	8.605111122131348	1333201.399589503	8.015164613723755	1328039.9090437666	6.869797706604004	1339079.702735107	
5.582235813140869	1338310.2648838635	10.144528150558472	1337864.3932134882	9.59106969833374	1336491.7666326154	7.0071492195129395	1334445.7718843014	5.253056526184082	1334409.9628865174	10.034165859222412	1340845.8306818854	10.610649824142456	1332952.5290558392	8.619639158248901	1334192.4190535792	8.030858755111694	1328030.5482576287	6.895692586898804	1339092.9365604725	
5.599228382110596	1338323.4657234654	10.171051025390625	1338229.5666579576	9.61770749092102	1336491.2217392423	7.023169994354248	1334686.1472031814	5.267303705215454	1334386.302395836	10.060147762298584	1340840.496104922	10.632683992385864	1332960.5518195124	8.631988286972046	1334163.4038128515	8.045868635177612	1328194.5623422791	6.92570948600769	1339066.7841204447	
5.614735841751099	1338284.1122930902	10.197973251342773	1338195.0446924462	9.64271092414856	1336491.40154717	7.0371785163879395	1334701.831929095	5.280368804931641	1334358.6029122227	10.089700698852539	1340841.2624582723	10.66720962524414	1332969.4533874444	8.64635157585144	1334174.8245416565	8.06155276298523	1328174.7763768276	6.952754735946655	1339073.9341092254	
5.630748987197876	1338285.6491411282	10.229276180267334	1338174.2816504743	9.665857076644897	1336497.1570065434	7.05041766166687	1334700.6027098843	5.293694734573364	1334432.7385903315	10.116924285888672	1340850.0382168323	10.692936420440674	1332967.7613507584	8.662866592407227	1334177.8226107205	8.075503587722778	1328181.0348624308	6.978272914886475	1339094.7224384786	
5.644761562347412	1338247.7073828913	10.265826940536499	1338031.8599196016	9.693148374557495	1336554.021592357	7.065345048904419	1335236.8300063973	5.308064937591553	1334443.1343274068	10.147341251373291	1340889.4418944786	10.716952085494995	1332929.3913904352	8.676382541656494	1334252.8668135547	8.089752674102783	1328187.986354156	6.999298572540283	1339099.780318748	
5.658771276473999	1338204.6111512207	10.293861389160156	1338052.4429316162	9.717665910720825	1336551.0759629416	7.081362724304199	1335236.2217901202	5.32050633430481	1334454.6124154904	10.171868801116943	1340899.350232966	10.742564678192139	1332956.1841181158	8.692948818206787	1334253.1735412802	8.104833364486694	1328194.1397066647	7.026525259017944	1339100.853310445	
5.672277212142944	1338237.4174219195	10.321503639221191	1338562.5019236414	9.741204500198364	1336551.4415904216	7.094872236251831	1335177.706778383	5.334401607513428	1334451.4165784116	10.198405742645264	1340897.615932771	10.763753175735474	1332748.1259532531	8.708980560302734	1334315.577129879	8.118794679641724	1328337.6726562898	7.060560941696167	1339054.5764801973	
5.685781955718994	1338236.0417424848	10.347442626953125	1338544.5874598515	9.767963647842407	1336568.5687346987	7.107896089553833	1335170.3613846062	5.348276138305664	1334416.0826214333	10.22608733177185	1340893.2618794183	10.787027835845947	1332792.5439382298	8.722495317459106	1334211.750932139	8.134805917739868	1328338.6591635433	7.089818716049194	1338221.4361407591	
5.7039148807525635	1338248.2651556334	10.377035140991211	1338594.4008922318	9.789976119995117	1336584.0562916042	7.120916128158569	1335139.2888756208	5.363595247268677	1334441.9170107665	10.253113508224487	1340912.0873925341	10.812291383743286	1332825.3554445463	8.735749006271362	1334214.0984184702	8.148500442504883	1328363.5784061865	7.114030838012695	1338207.8985366528	
5.72842812538147	1338263.00525008	10.402281045913696	1338598.7919028217	9.812757015228271	1336330.272207614	7.135423898696899	1335206.0568975578	5.377671480178833	1334473.2538049952	10.285648822784424	1340843.7296590866	10.840569496154785	1333048.8749768424	8.750400066375732	1334573.6457012882	8.164347410202026	1328366.5767470263	7.137077331542969	1338193.2360636913	
5.745439291000366	1338289.693856528	10.429295301437378	1339031.5988681074	9.836850881576538	1336334.424427275	7.150444269180298	1335246.9833677846	5.393461465835571	1334464.8177598773	10.311187982559204	1340895.6190665246	10.863089799880981	1333557.1505201787	8.763993740081787	1334587.3861103416	8.177860021591187	1327977.5356506463	7.159606456756592	1338197.279664497	
5.7636518478393555	1338568.5704731748	10.458512544631958	1339270.946374881	9.865281581878662	1336386.0723191723	7.161951065063477	1335207.1480140293	5.410829782485962	1334444.9115571477	10.33821988105774	1340886.6502678776	10.889325857162476	1333529.3998219385	8.778252124786377	1334554.2434914357	8.194003820419312	1328089.2774166963	7.184621334075928	1338197.5517588765	
5.785669803619385	1338533.3365452788	10.484610557556152	1339286.222270151	9.890764713287354	1336374.0644961211	7.176454544067383	1334254.2299884534	5.42692756652832	1334464.805458828	10.371984243392944	1340618.0472549985	10.912850141525269	1333863.5265833545	8.79438829421997	1334545.8598222297	8.208611011505127	1328093.8379000975	7.207633972167969	1338235.1208944938	
5.8035972118377686	1338535.485252372	10.517370462417603	1339304.2318564663	9.916297674179077	1336393.937899561	7.188959121704102	1334254.0437996536	5.442137718200684	1334483.8541274208	10.396017789840698	1340694.123713978	10.93537187576294	1333834.6279205254	8.807900190353394	1334533.4357079258	8.223616600036621	1328060.4439205257	7.232194900512695	1338179.123813354	
5.824124813079834	1338526.042807023	10.54080080986023	1339276.6597705483	9.942318439483643	1336734.199113964	7.202168226242065	1334254.4314009112	5.4561145305633545	1334464.5474042522	10.426549911499023	1340893.1513130777	10.962893962860107	1333834.9965776952	8.822480201721191	1334520.7564982432	8.240124464035034	1328082.929647449	7.2572126388549805	1338127.3929227602	
5.842637538909912	1338556.1038731388	10.575318574905396	1341104.2781479312	9.968949556350708	1336726.0720548662	7.215675354003906	1334255.1694394946	5.473875284194946	1334487.2945202973	10.45658826828003	1340882.2294306897	10.98992919921875	1333865.5557740335	8.836487293243408	1334500.2519275642	8.255691289901733	1328200.8044119861	7.2894017696380615	1338131.4619012151	
5.864321708679199	1339150.3873557842	10.60557770729065	1339058.455956309	9.995479106903076	1336732.3232455703	7.228184938430786	1334229.7517996724	5.48962664604187	1334499.7635276155	10.490126371383667	1340924.4300393886	11.013652563095093	1333978.2105012028	8.85111927986145	1334523.0623278474	8.27126407623291	1328137.2891041609	7.31541633605957	1338200.6389599384	
5.884451150894165	1339189.607169897	10.634095907211304	1338086.0875611585	10.029183149337769	1336731.9515492248	7.2412121295928955	1334246.736399743	5.5087432861328125	1334725.1986324487	10.519352436065674	1341158.4498286087	11.041682243347168	1333884.431033112	8.864128351211548	1334517.0725096692	8.285950899124146	1327748.5929012848	7.342453956604004	1339081.8375946977	
5.902049779891968	1339195.5143849456	10.661611318588257	1338063.1306192575	10.053201913833618	1336708.126678322	7.2543933391571045	1334254.2872218234	5.523740530014038	1334743.2652769543	10.550388097763062	1341169.570085579	11.071380615234375	1333869.3850050091	8.879640340805054	1334478.2432115313	8.301864624023438	1327630.660394206	7.367469072341919	1339110.348789633	
5.919062614440918	1339247.7445461086	10.687623023986816	1338013.688683247	10.078910827636719	1336723.0984559362	7.265901327133179	1334255.236522575	5.542507886886597	1334739.68850687	10.582030057907104	1341701.236144493	11.095065116882324	1333870.7973957462	8.894656658172607	1334511.2450755376	8.315876007080078	1327639.4530007567	7.394082069396973	1339102.2800884282	
5.937294244766235	1339090.1106369095	10.712602853775024	1338021.2221087443	10.105868101119995	1336744.6230261337	7.278412580490112	1334266.5900220328	5.557929754257202	1334742.2032040672	10.613075256347656	1341177.6043926554	11.119486808776855	1333887.4127607304	8.915941953659058	1334517.9008127362	8.330885410308838	1327678.98755195	7.417603015899658	1339175.2048847328	
5.960094213485718	1338817.2754611943	10.737625122070312	1338000.7991319068	10.135390520095825	1336593.8290631275	7.292569637298584	1334268.0516100305	5.575021982192993	1334748.0925096425	10.640123844146729	1341184.105427536	11.144518613815308	1333946.5766402911	8.932199478149414	1334495.8356523986	8.346898078918457	1327739.601845626	7.442363977432251	1341052.425280347	
5.981723308563232	1338817.0089914715	10.760595321655273	1337695.8110242726	10.158665657043457	1336547.1097815624	7.3060526847839355	1334263.6279457435	5.591806650161743	1334746.4332732663	10.668152332305908	1340933.576522105	11.173044204711914	1333933.7874527434	8.947973728179932	1333105.1885557598	8.36176085472107	1327757.9633120983	7.466389417648315	1341060.4062892087	
6.001734733581543	1338783.2682417461	10.784570932388306	1337704.7983066663	10.186571598052979	1336551.2351092603	7.319470167160034	1334256.790501444	5.606941223144531	1334670.0506994424	10.691182374954224	1340980.0107314005	11.199059247970581	1333910.209777236	8.960710287094116	1333075.6215104018	8.377771139144897	1326653.4749928562	7.491736888885498	1341052.0611520181	
6.022749185562134	1338817.6917279572	10.807664155960083	1337699.7811034373	10.209759712219238	1336548.9944577736	7.331502199172974	1334260.0023143126	5.622107028961182	1334673.988730744	10.714829206466675	1340956.2401533755	11.22775673866272	1333869.4468547918	8.975307703018188	1333087.509943857	8.392784357070923	1326662.196747179	7.515367031097412	1341038.4208247657	
6.0434794425964355	1338850.457089706	10.830894708633423	1337739.3424034596	10.233821868896484	1337454.7333443773	7.346011400222778	1334304.7917119765	5.638236999511719	1334667.0657512518	10.740995168685913	1340941.281199407	11.25427770614624	1333866.5685606503	8.987918138504028	1333066.2404569993	8.408522844314575	1335008.547109618	7.539350986480713	1341018.53349019	
6.06549334526062	1338816.1266215574	10.852521419525146	1337710.1656036277	10.259636402130127	1337458.4671635723	7.361032009124756	1334319.858430588	5.654355764389038	1334676.6370765942	10.767720222473145	1341263.3348638555	11.280547380447388	1333813.4122304956	9.003931999206543	1333030.8796964092	8.422889947891235	1334950.9706822815	7.563368320465088	1341129.3624000521	
6.086008310317993	1338811.883243319	10.874658584594727	1337620.2425619282	10.28322434425354	1337464.369093318	7.373555421829224	1334340.0890548385	5.669581413269043	1334740.8170541395	10.794472455978394	1340938.6414784372	11.31007695198059	1333770.4221018804	9.01894235610962	1333114.0949626807	8.437415599822998	1334932.8046760876	7.5878660678863525	1341134.4247914369	
6.107974529266357	1338837.8728783939	10.896179437637329	1337676.737641207	10.305030584335327	1337471.1929320989	7.388064622879028	1334381.3829883935	5.686286449432373	1334747.3926358842	10.820500135421753	1341247.960895296	11.339106321334839	1333795.0557058759	9.035494565963745	1333103.7885566663	8.449666976928711	1334935.2336758098	7.603889226913452	1341124.9798264853	
6.1339874267578125	1338854.9257524107	10.92169737815857	1337684.6265339518	10.329300165176392	1337676.7441544426	7.402288198471069	1334233.020104508	5.705207109451294	1334766.5199735404	10.848532676696777	1341315.7614448676	11.368634462356567	1333799.9694552326	9.05042290687561	1333098.318045251	8.466184616088867	1334940.9317108912	7.625102281570435	1341116.7303549107	
6.155782699584961	1339071.3356849565	10.94594120979309	1337693.6760810246	10.350101947784424	1336790.9755946614	7.415796279907227	1334237.9566480743	5.720837831497192	1334776.2500489075	10.874563932418823	1341302.4002934063	11.39615535736084	1333809.6872243604	9.064991474151611	1333260.1723933462	8.481377840042114	1334961.6709182665	7.662645578384399	1340936.485388577	
6.181302785873413	1339079.1680687526	10.97146463394165	1337768.2352266584	10.371617078781128	1336800.032067614	7.432813405990601	1334226.2614146087	5.736187934875488	1334765.0773453591	10.899699687957764	1341051.063837423	11.426440477371216	1333776.4602797406	9.079504251480103	1333236.4680671347	8.4951012134552	1334999.3211392618	7.689947128295898	1340981.666955528	
6.202318906784058	1338890.9220229231	10.995542287826538	1337812.505217039	10.398168563842773	1336759.8497559216	7.449104070663452	1334308.7148691928	5.752951145172119	1334770.1566694318	10.928725957870483	1341086.0614243636	11.456425189971924	1334896.7745272964	9.094512462615967	1333242.9648253387	8.507606744766235	1334977.2701675708	7.720470666885376	1340984.2718733933	
6.224334239959717	1338887.0734133227	11.018078327178955	1337840.315978777	10.423266410827637	1336743.547855911	7.462108850479126	1334207.7389135552	5.769606590270996	1334766.2990817272	10.95477843284607	1341145.2995145423	11.486195802688599	1334895.9187093836	9.110028505325317	1333298.2671574731	8.523108959197998	1335354.206221106	7.744181394577026	1341278.7387499956	
6.243972301483154	1338901.2737667712	11.042603492736816	1337843.6518274453	10.446404457092285	1336720.8715444014	7.475613355636597	1334249.211437965	5.785417795181274	1334757.3713168602	10.98193645477295	1341146.3224607573	11.515717267990112	1334921.046417583	9.123037815093994	1333394.4230830157	8.538117408752441	1335359.1772366974	7.7717061042785645	1341057.0128160925	
6.261995077133179	1338902.17045454	11.063623666763306	1337863.7545823979	10.476568937301636	1337708.7233634987	7.4901206493377686	1334219.1736545553	5.800556659698486	1334756.5496136865	11.005048990249634	1341166.3336400185	11.548748016357422	1334915.7481697034	9.137312173843384	1333371.2215206656	8.552130222320557	1335351.7924062512	7.801227331161499	1341058.2182239357	
6.285600662231445	1339193.0480396254	11.086891651153564	1337903.156119858	10.500275611877441	1337721.4497772085	7.504640817642212	1334236.168805088	5.8162477016448975	1334785.6610450137	11.035078287124634	1341171.4883967564	11.578271627426147	1334907.602695247	9.151539325714111	1333360.1156258308	8.565369606018066	1335347.9440707255	7.828470945358276	1341021.8768675223	
6.3088600635528564	1339218.9596245007	11.109411478042603	1337939.2395247656	10.525035858154297	1337725.5033540155	7.518911123275757	1334182.570639644	5.833391189575195	1334776.5246190464	11.060104608535767	1341191.4124731587	11.606927633285522	1334923.4559951522	9.166045427322388	1333410.6449076596	8.580876588821411	1335338.556885685	7.860401391983032	1341022.5988072315	
6.329933166503906	1339220.5955610569	11.135655641555786	1337939.325814052	10.553021669387817	1337723.146707277	7.53392767906189	1334194.336981449	5.848032712936401	1334791.851074551	11.087136030197144	1341172.5056268503	11.636960983276367	1334804.565397393	9.1805579662323	1333439.834332575	8.595885992050171	1335181.8515296455	7.889100074768066	1341088.968749681	
6.353698015213013	1339177.3922511023	11.15867829322815	1337863.9887925237	10.579645156860352	1338791.7326767428	7.550942420959473	1334137.754804463	5.86375617980957	1334794.5795412231	11.113672971725464	1341147.5807075803	11.68669843673706	1334757.0736535375	9.194087266921997	1333427.586677816	8.60989785194397	1335229.5785763694	7.915117263793945	1341255.114359589	
6.37495493888855	1339215.782590068	11.181838512420654	1337871.8515057422	10.60338544845581	1338794.417717585	7.564451217651367	1334153.8929798547	5.881933927536011	1334766.4485208998	11.14021348953247	1341294.6079369984	11.716225862503052	1334783.8946847022	9.208428859710693	1333629.5535424415	8.623904943466187	1335288.9808491133	7.942927598953247	1341290.7644900868	
6.394965887069702	1339231.8996299712	11.204071044921875	1337879.5010533382	10.62812328338623	1338802.7319415614	7.578956842422485	1334183.7631720314	5.898761749267578	1334792.286563003	11.16344428062439	1341416.1415231898	11.742260456085205	1334827.3217588072	9.224347829818726	1333616.8105910248	8.638412714004517	1335289.8821100323	7.968448877334595	1341294.98454264	
6.412974834442139	1339256.8152366872	11.229453802108765	1337423.5742659108	10.652799129486084	1339546.8255168074	7.591487646102905	1334251.7141100627	5.912239074707031	1334790.027039976	11.185967206954956	1341417.9172244035	11.771780252456665	1334826.0242851644	9.239147186279297	1333538.150531121	8.653918743133545	1335259.6257852523	7.990465879440308	1341270.9260725642	
6.437487840652466	1339256.01985977	11.252617120742798	1337419.415924048	10.675277709960938	1339588.6715172878	7.605225563049316	1334255.426810583	5.929939270019531	1334816.0155163447	11.212490797042847	1341601.2722182744	11.798796653747559	1334843.786618166	9.257155418395996	1333545.3486588341	8.666619539260864	1335269.1406433869	8.014364004135132	1341287.4079098308	
6.4580078125	1339380.8125666846	11.275630712509155	1337385.9695076928	10.702327013015747	1339588.4615176234	7.618731737136841	1334229.926492694	5.947051048278809	1335320.633769059	11.23351502418518	1341602.9280332318	11.822537660598755	1334829.2800139242	9.277186870574951	1333582.5621622063	8.680954456329346	1335288.8901384	8.03786587715149	1341276.9394195252	
6.479124069213867	1339634.335257711	11.302660703659058	1337380.8966969943	10.72848916053772	1339595.025706668	7.631742477416992	1334232.426860195	5.96497654914856	1334896.7971282038	11.25954532623291	1341604.5158154976	11.85055136680603	1334833.2064114038	9.303350925445557	1333494.2561571149	8.696964979171753	1335298.3508688135	8.06552505493164	1341343.3695848666	
6.503158330917358	1339635.9631394008	11.326676607131958	1337394.664071324	10.752053260803223	1339841.599259856	7.648263931274414	1332405.1773182838	5.981011629104614	1335372.0094442468	11.298613548278809	1341592.3883919385	11.879799365997314	1334846.8766570867	9.325665712356567	1333495.3237036867	8.711094856262207	1335809.9887769097	8.089969158172607	1341276.4344887289	
6.521166563034058	1339652.4048021124	11.354560136795044	1337419.773115017	10.781891345977783	1339868.6837279017	7.66202449798584	1332455.3513366675	5.999444484710693	1335124.434364796	11.32583737373352	1341567.8391171144	11.909092903137207	1334925.375844439	9.346420526504517	1333413.0586582671	8.723599195480347	1335830.9919027952	8.111982822418213	1341271.7611016443	
6.543673515319824	1339648.8123397639	11.378725290298462	1337402.7782736304	10.80860948562622	1339840.2260071523	7.675531387329102	1332457.2353145778	6.015555143356323	1334946.3053729918	11.35192346572876	1341547.8315545395	11.940123558044434	1335130.8248014855	9.367030143737793	1333329.2412487061	8.738806009292603	1335100.4094016782	8.144015550613403	1341283.406474964	
6.56266975402832	1339835.9249342692	11.402746200561523	1337392.970195459	10.834083318710327	1339757.2892391458	7.688044786453247	1332460.6871165622	6.029641628265381	1334955.1830036556	11.378470420837402	1341349.6183791875	11.970646619796753	1335131.5596172987	9.391016244888306	1333368.8297613603	8.752585887908936	1335086.7661470068	8.172611236572266	1341279.5199451414	
6.584581136703491	1339874.8796590378	11.429843425750732	1338021.701835693	10.861603260040283	1339758.7169645145	7.700567722320557	1332473.4672432316	6.0487754344940186	1334964.6963003404	11.401992797851562	1341238.0788847802	11.998172044754028	1335137.0193750453	9.411881685256958	1333094.8124543054	8.76677680015564	1335092.8334162896	8.196938753128052	1341287.8910388413	
6.611792325973511	1339886.0014464294	11.457106113433838	1338388.1160291247	10.88589334487915	1339776.6918386277	7.714076519012451	1332453.2894043156	6.065117359161377	1334987.1527429721	11.431532382965088	1341239.9520943407	12.024206638336182	1335124.2675269567	9.429404973983765	1333145.2781681519	8.780931949615479	1335122.6204964526	8.225717306137085	1341287.530509638	
6.63080096244812	1339902.824906957	11.481940746307373	1338392.1868281986	10.908488750457764	1339797.189900314	7.727584362030029	1332404.9604919283	6.081815242767334	1335045.4032143115	11.454570293426514	1341238.489114307	12.051726579666138	1335125.3906929179	9.444952249526978	1333086.4069273144	8.795538663864136	1335129.7817795773	8.261250495910645	1341288.7554580136	
6.656322717666626	1339896.0247814413	11.50645399093628	1338420.2941351396	10.9324951171875	1339844.9303122542	7.738093614578247	1332394.5986319133	6.100661993026733	1335795.4493601657	11.481093883514404	1341203.5905629501	12.077745914459229	1335124.486940072	9.457961082458496	1333138.4567362107	8.810046195983887	1335193.5542129148	8.287278413772583	1341283.724447713	
6.676340103149414	1339954.316260346	11.529967784881592	1338575.279789627	10.960497856140137	1339860.9867534616	7.751111268997192	1332397.3193872103	6.11777138710022	1335804.2531842939	11.505769729614258	1341194.0654307166	12.105411529541016	1335222.4062150281	9.472030878067017	1333148.9064350107	8.822555780410767	1335199.6617484263	8.315803289413452	1341281.0488044433	
6.699058771133423	1339980.6577036218	11.553613662719727	1338568.4437690612	10.986025094985962	1339861.240029124	7.764619827270508	1332476.5777137817	6.132472515106201	1335798.6404868057	11.530807495117188	1341202.9858703294	12.132438659667969	1335290.284764205	9.485536813735962	1333153.4379125312	8.837566614151001	1335263.0154716794	8.34583330154419	1341264.8860933618	
6.717162370681763	1340026.135922514	11.575638055801392	1338596.9712076837	11.01304030418396	1339851.7193549245	7.778130292892456	1332448.856556415	6.148732900619507	1335786.5305307636	11.55685806274414	1341231.4395692898	12.158454179763794	1335142.3005059075	9.501554012298584	1333170.1551901042	8.850955486297607	1335263.2804669822	8.37436032295227	1341265.53848649	
6.740174770355225	1340005.7434338387	11.601791858673096	1338565.1266522256	11.038378238677979	1339847.8763915238	7.792640924453735	1332456.1773521714	6.165440320968628	1335793.7913629327	11.57813048362732	1341239.6117684583	12.185979843139648	1335158.3026417156	9.517072916030884	1333002.944967504	8.866470336914062	1334793.877261363	8.401886224746704	1341272.3158781768	
6.760711908340454	1340016.654138754	11.626900672912598	1338547.658919457	11.063476085662842	1339865.174924541	7.80451512336731	1332459.705483805	6.182102680206299	1335805.882228756	11.603162288665771	1341239.2603503596	12.213503122329712	1335164.179846268	9.530270099639893	1333606.9960094825	8.880098819732666	1334799.9062304636	8.429607152938843	1341283.430019074	
6.779499530792236	1340021.199911436	11.649913311004639	1338575.744058974	11.0901939868927	1339897.5404650222	7.820037126541138	1332467.4824544385	6.198510646820068	1335804.7305946485	11.62865400314331	1341252.0100741873	12.248601198196411	1335171.2618257473	9.545005798339844	1333605.9121085885	8.894704818725586	1334730.44901925	8.456133127212524	1341296.9800917392	
6.807011604309082	1340029.9150751354	11.6754310131073	1338565.8321192884	11.115040302276611	1339907.8994268253	7.833049297332764	1332478.1681838844	6.212611675262451	1335821.0946633702	11.653197765350342	1341226.2181088424	12.27571153640747	1335193.0399803848	9.559523344039917	1333880.981647847	8.908210039138794	1334722.8417337157	8.480923652648926	1341301.2040852092	
6.829023838043213	1340537.9788741143	11.697953462600708	1338573.291738734	11.138053178787231	1339915.0623669727	7.846079349517822	1332472.927680633	6.228779315948486	1335863.0726331174	11.67921781539917	1341204.1644007112	12.304372549057007	1335189.0599401782	9.574028015136719	1333901.751083095	8.921714305877686	1335051.4265354783	8.514450311660767	1341306.1727787626	
6.850362777709961	1340512.2637575574	11.723295450210571	1338585.1022774964	11.162071466445923	1339888.5825715174	7.860598564147949	1332502.9315433588	6.245241165161133	1335889.2850375257	11.705899238586426	1341155.5952672118	12.331400156021118	1335373.7004366512	9.58854055404663	1333950.3638950197	8.935724258422852	1335072.9852882521	8.540483236312866	1341262.8329614254	
6.871372938156128	1340488.8127975664	11.74689531326294	1338592.4448111206	11.18858814239502	1339887.1014929593	7.874110221862793	1332510.996556708	6.264147758483887	1335827.432998028	11.731921434402466	1341172.274396421	12.3554208278656	1335371.3499583441	9.603550910949707	1333903.2178797533	8.94913625717163	1335058.768876374	8.566496849060059	1341265.9835457143	
6.892573833465576	1340510.5791169466	11.771409749984741	1338733.6553008133	11.212767362594604	1339898.4758610975	7.886614084243774	1332540.9625669643	6.277074098587036	1335829.0101742933	11.754956245422363	1341172.4322518185	12.385942935943604	1335405.1868486274	9.616559982299805	1333938.2013681969	8.96519684791565	1335061.8408767977	8.589023351669312	1341260.74047191	
6.913593053817749	1340533.6215727206	11.796977519989014	1338693.4262988723	11.240260601043701	1339909.7255102003	7.9001312255859375	1332523.584178634	6.2946648597717285	1335836.0157304036	11.779165983200073	1341183.0651796048	12.410654306411743	1335435.0893949552	9.630071878433228	1333593.2815964948	8.979702472686768	1335059.9375410248	8.610040664672852	1341264.7929090357	
6.9346604347229	1340682.853246921	11.819424629211426	1338698.0097445364	11.26632285118103	1340146.9203139467	7.91263747215271	1332523.3931763428	6.308518171310425	1335829.6041136254	11.803687810897827	1341220.0814095913	12.433189630508423	1335389.4520501324	9.645894765853882	1333584.2687628749	8.994717359542847	1335052.3010637113	8.624063968658447	1341271.3574978197	
6.966230630874634	1340666.783715352	11.843945980072021	1338708.9744358044	11.290558099746704	1339985.1776453299	7.925143003463745	1332527.7213279784	6.323893785476685	1336311.8234067608	11.829271793365479	1341554.3433985559	12.459774255752563	1335401.8490745132	9.657910346984863	1333550.7863212223	9.009222269058228	1335047.4021093736	8.63930368423462	1341350.2729733197	
6.98575234413147	1340668.2817808345	11.8689603805542	1338628.3838995516	11.31529188156128	1339988.1767600828	7.940150499343872	1332540.3567327785	6.34136176109314	1336332.8977045473	11.851465702056885	1341586.9224265649	12.483803510665894	1335375.461665697	9.674044132232666	1333567.963675973	9.023729085922241	1335077.3669309965	8.654810428619385	1341236.8820835839	
7.0099756717681885	1340599.0598337778	11.895098447799683	1338635.665739175	11.338919401168823	1339363.5466893017	7.955660581588745	1332554.5188009385	6.359116315841675	1336248.1791312227	11.874162912368774	1341609.4853174107	12.508817911148071	1335379.5427860448	9.691128492355347	1333487.7585462914	9.03874135017395	1335090.081992849	8.66982913017273	1341004.641693851	
7.033276081085205	1340605.445106589	11.918751001358032	1338720.8492551548	11.365223169326782	1339413.0337704925	7.973681211471558	1332568.8421954887	6.3762195110321045	1338505.1261714643	11.90166687965393	1341618.6965397175	12.53284740447998	1335383.3235456662	9.705138444900513	1333470.7995514162	9.052245378494263	1334845.5892832587	8.683471202850342	1341012.2891815782	
7.059905767440796	1340619.823886302	11.943979740142822	1338721.6893147007	11.39277958869934	1339432.3404276816	7.987185478210449	1332566.506531375	6.392486333847046	1338495.466071408	11.925864458084106	1341339.2858329597	12.561368942260742	1334587.5657885831	9.719249486923218	1333450.9971663572	9.067763328552246	1334858.2766574342	8.696978330612183	1341031.7699703097	
7.083414077758789	1340306.3387116797	11.972169637680054	1338588.2289563166	11.420296907424927	1339446.4909623992	8.002714395523071	1332700.2161537618	6.4090659618377686	1338506.0885607204	11.94838571548462	1341322.7622079228	12.587399005889893	1334577.232071371	9.731762647628784	1333485.9884671478	9.083690404891968	1334840.9086757766	8.710006713867188	1341041.9732558934	
7.10613226890564	1340334.877603232	11.998199939727783	1338686.5237748146	11.445812940597534	1339335.91901201	8.021728515625	1332625.9964715105	6.426412105560303	1338526.4625701327	11.9730966091156	1341167.5281560218	12.610163450241089	1334572.8973625044	9.744648694992065	1333563.5981546445	9.097198724746704	1334874.4597599914	8.723510980606079	1341043.9199587486	
7.124140501022339	1340343.998354794	12.023783445358276	1339077.8001104274	11.47382926940918	1339501.174639406	8.040247917175293	1332634.2366884463	6.44425892829895	1338561.9350882983	11.9951171875	1341192.125804945	12.634191751480103	1334590.195587162	9.759164571762085	1333577.0941001307	9.112704515457153	1334860.8744768028	8.739029169082642	1341026.9330099567	
7.148662805557251	1340369.973477842	12.059298992156982	1339096.7111551447	11.499202489852905	1339578.3994538686	8.056518316268921	1332645.2966960105	6.459945201873779	1338543.3789889102	12.018131494522095	1341194.0431686433	12.659206628799438	1334592.6953645707	9.772400617599487	1333575.3862889442	9.125714540481567	1334860.22692496	8.754539489746094	1341075.1509554326	
7.170260190963745	1340350.0446224234	12.087828636169434	1339098.5488253017	11.522212505340576	1339588.1041260497	8.074526071548462	1332612.4524062162	6.475771903991699	1338498.889726606	12.041656732559204	1341181.0356248498	12.684881925582886	1334612.916097384	9.786246061325073	1333588.6252475493	9.140218496322632	1334946.927479009	8.770554542541504	1341069.6477881817	
7.1946611404418945	1340355.5404559253	12.115423440933228	1339124.7566546157	11.55118441581726	1339541.9297112722	8.091541051864624	1332596.1138677464	6.4939939975738525	1338491.4311413742	12.066177129745483	1341186.035690494	12.708896160125732	1335123.072415893	9.800343990325928	1333681.8455133257	9.154741525650024	1334949.5328063087	8.785513877868652	1341070.0487845372	
7.21549916267395	1340349.6971797645	12.141211748123169	1339144.3607616117	11.575199365615845	1339538.5199458997	8.107559204101562	1332606.8670561775	6.511828422546387	1338218.061328515	12.090193033218384	1341199.4368743622	12.732927322387695	1335133.9144518464	9.813912153244019	1333744.8613029614	9.16745662689209	1334962.2443977802	8.798530101776123	1341063.556275905	
7.235509157180786	1340330.2071121377	12.16983437538147	1339142.3923321285	11.601568698883057	1339533.1113855815	8.126578569412231	1332628.407066319	6.528309106826782	1338221.411434034	12.118029356002808	1341217.935850215	12.756941795349121	1335089.5167652217	9.827918291091919	1333759.7075518419	9.180962562561035	1334974.675984531	8.813040018081665	1341033.4612040815	
7.2580437660217285	1340318.300008632	12.194352626800537	1339141.244090447	11.627060890197754	1339531.9872359273	8.142598152160645	1332620.935555112	6.545598745346069	1338225.5314299474	12.14406156539917	1341264.7522945632	12.778200387954712	1335091.3601298432	9.840425729751587	1333753.6659489325	9.195975065231323	1334978.4024040517	8.827285051345825	1341056.020632022	
7.280746221542358	1340329.2919410437	12.218555688858032	1339184.6299883407	11.653099060058594	1339522.8611033657	8.160103797912598	1332641.1497397511	6.562408685684204	1338233.3052748574	12.169345378875732	1341263.2888156543	12.8042311668396	1332756.0219572207	9.853589057922363	1333735.466592153	9.209481000900269	1335017.1714094589	8.840804815292358	1341061.4069430602	
7.301018953323364	1340329.4591655226	12.242069244384766	1339209.2406298474	11.677588701248169	1339520.9616377694	8.178115367889404	1332639.504956983	6.5801897048950195	1338220.09278963	12.196969032287598	1341251.2395836096	12.829365253448486	1332746.478674081	9.867096900939941	1333746.56781215	9.223988771438599	1335003.91494734	8.856312274932861	1341042.5304753277	
7.32754111289978	1340294.1187231583	12.269590377807617	1339205.6695039833	11.702365398406982	1339556.1179130636	8.193637371063232	1332635.4634822374	6.5957090854644775	1338205.5167987354	12.220983743667603	1341261.7901696467	12.854889631271362	1332773.7876087027	9.880109548568726	1333706.2789054993	9.240561246871948	1335808.1209580388	8.868326902389526	1341061.8845160948	
7.342471361160278	1340580.7151551286	12.294111728668213	1339217.3488299774	11.725884437561035	1339553.483638343	8.208338737487793	1332202.781598446	6.613242149353027	1338207.1021902047	12.243510961532593	1341261.9126175488	12.87690281867981	1332804.2148962812	9.894675254821777	1333676.863911796	9.255032062530518	1335811.1339917183	8.88406229019165	1341029.8893545894	
7.364230632781982	1340724.0471836168	12.318635702133179	1339146.8286223784	11.74904990196228	1339561.1729296038	8.225351333618164	1332266.778754374	6.630992650985718	1338176.7743836099	12.266647577285767	1341261.3351060208	12.899492740631104	1332821.066964387	9.907989740371704	1333750.1992960183	9.268040657043457	1335812.6305911625	8.900077819824219	1341018.1056201635	
7.381941318511963	1340714.8805925131	12.352149486541748	1339149.2957505803	11.77206802368164	1339579.3891549357	8.238863468170166	1332235.3576162364	6.646610498428345	1338172.5628677446	12.290669679641724	1341266.4684337124	12.926526546478271	1332821.3469479424	9.921351432800293	1333763.2859616969	9.284052610397339	1335837.6131877417	8.91358733177185	1341030.7046446854	
7.405548810958862	1340701.3774178952	12.381665468215942	1339161.7766753426	11.80058217048645	1339562.9843000954	8.24915862083435	1332235.5052473238	6.660188674926758	1338402.1421819553	12.315831661224365	1341243.2657658986	12.950540542602539	1332831.2296260586	9.936459064483643	1333766.957896158	9.297719717025757	1335842.637618499	8.926091432571411	1341050.7530625637	
7.423139810562134	1340714.5885676104	12.403151988983154	1339178.331476722	11.82509732246399	1339571.5695871203	8.262176752090454	1332232.4792780764	6.675176620483398	1338395.4523119407	12.340521335601807	1341094.9437866025	12.974665403366089	1332782.4711379171	9.952905654907227	1334776.0224386181	9.312225103378296	1335721.54575063	8.940615177154541	1341055.1648396295	
7.441723108291626	1340707.130080211	12.425476312637329	1339195.8496857889	11.850560903549194	1339565.2259752692	8.276683568954468	1332620.0865719034	6.689802408218384	1338379.3151571152	12.364965915679932	1341076.8831337753	12.996666193008423	1332787.1633423169	9.967086553573608	1334835.6367998254	9.325236320495605	1335725.9077757976	8.954122066497803	1341040.2865963029	
7.4624879360198975	1340725.0953918467	12.452635765075684	1339243.52073638	11.875074863433838	1339568.9101222518	8.289195775985718	1332630.5579073427	6.70489501953125	1338378.3386930362	12.400138139724731	1341092.3128666985	13.023451805114746	1332782.7910547676	9.980479955673218	1334840.6487900824	9.340748310089111	1335706.8471651005	8.970136880874634	1341108.8855909035	
7.481997966766357	1340659.6283452937	12.476583480834961	1339185.2843146264	11.900123596191406	1339576.6043077367	8.30271315574646	1332639.5712228303	6.723787546157837	1338451.6129681964	12.432981729507446	1341100.904752112	13.044472694396973	1332739.2889392362	9.994487762451172	1334842.804007479	9.357264518737793	1335720.8741509118	8.984647989273071	1341091.3265806048	
7.500031471252441	1340667.6186958402	12.499989032745361	1339185.303739181	11.923625707626343	1339541.516317332	8.31521987915039	1332627.6711515212	6.738994598388672	1338433.83246188	12.47069263458252	1341148.5880439964	13.06656265258789	1332738.8401867184	10.010005235671997	1334843.0502038887	9.371775150299072	1335695.159723926	9.000665187835693	1341102.6395767117	
7.521040439605713	1340648.0386951838	12.537500858306885	1339348.3736073582	11.946551322937012	1339563.095788678	8.328723430633545	1332635.3664900812	6.753993272781372	1338442.1431479165	12.498294591903687	1341158.099628106	13.09172534942627	1332739.2121587184	10.02548885345459	1334861.5968080882	9.385785341262817	1336462.540873803	9.016172885894775	1341155.7530724148	
7.5410497188568115	1340193.5135635782	12.579255819320679	1339340.3126735636	11.972273349761963	1339535.3429339966	8.341739892959595	1332631.732089999	6.77375602722168	1338392.9209161648	12.52352786064148	1341476.3519112144	13.119249820709229	1332747.4093146152	10.037998676300049	1335018.6200111688	9.40094542503357	1336475.8567230708	9.03033995628357	1341158.1937980023	
7.5579962730407715	1340194.6850349416	12.621267795562744	1339349.1388796982	11.99941110610962	1339542.009539981	8.354243993759155	1332393.7809757842	6.7899720668792725	1338394.9303495146	12.550740957260132	1341140.2099280925	13.1417715549469	1332707.526779703	10.051689147949219	1334987.6592221907	9.416778326034546	1336474.7784386782	9.04535460472107	1341234.037371894	
7.575950860977173	1339616.2717431383	12.652806043624878	1339326.8222600769	12.024428367614746	1339541.19531662	8.366750478744507	1332399.2400342885	6.807977676391602	1338370.0074708445	12.574407577514648	1341158.4401536563	13.167515754699707	1332699.4340975138	10.066231727600098	1335003.5474198898	9.43198537826538	1336486.79386502	9.062370777130127	1341232.7248860432	
7.590970277786255	1339605.7873075271	12.691494941711426	1339149.2119796877	12.05094861984253	1339527.3198266109	8.380310773849487	1332409.6770652425	6.823702812194824	1338375.0193670187	12.599425077438354	1341148.626779844	13.189459085464478	1332697.5308681007	10.0816171169281	1334981.074938658	9.448213338851929	1336509.8182461504	9.077385902404785	1341250.6292107634	
7.604477167129517	1339619.225680752	12.72253131866455	1339732.9992580283	12.077494144439697	1339556.0228082999	8.393832206726074	1332412.4062298916	6.841820240020752	1338379.2630275385	12.624629020690918	1341167.4229665806	13.216618537902832	1332485.691946007	10.095708131790161	1334998.2395157698	9.461847305297852	1336547.3207801725	9.090050220489502	1341281.442182246	
7.621108055114746	1339615.2839611582	12.763371229171753	1339737.7888324498	12.109782457351685	1339566.162760353	8.406137228012085	1332169.4692579047	6.856409311294556	1338463.5210957483	12.651151657104492	1341171.110321946	13.241383075714111	1333096.4899716356	10.109639644622803	1334985.9564181087	9.476889848709106	1336538.9777151013	9.105558395385742	1341279.9286584973	
7.635611295700073	1339661.739334037	12.806127071380615	1339027.1685345094	12.132807493209839	1339580.0702154404	8.421156167984009	1332164.1626279387	6.873404026031494	1338462.029218609	12.674775838851929	1341201.9006493052	13.265905141830444	1332238.47742757	10.124200344085693	1334972.069165424	9.488317489624023	1336519.1134786943	9.119547128677368	1341278.2667780232	
7.649127006530762	1339737.3514530736	12.852529525756836	1339025.429812113	12.163649797439575	1339681.286958059	8.433662414550781	1332235.2252533848	6.889783143997192	1338459.8385710777	12.699750423431396	1341206.5112434062	13.291496992111206	1332136.7465924472	10.136840105056763	1334977.4590781583	9.504100322723389	1336493.9942114623	9.134559869766235	1341276.793260468	
7.6626341342926025	1339691.7230764062	12.887135982513428	1338569.7699216031	12.191187620162964	1339695.148444797	8.444678544998169	1332229.469451859	6.903759717941284	1338462.515513566	12.72687315940857	1341224.9718323022	13.313016891479492	1332138.6910232967	10.149906396865845	1334949.6886157184	9.519606113433838	1336610.6174283952	9.149774312973022	1341285.0322503706	
7.680648326873779	1339661.700349749	12.927294731140137	1338585.8593421332	12.215203285217285	1339707.4812238258	8.457975149154663	1332218.3035615874	6.918085813522339	1338472.714572784	12.751904010772705	1341226.841620349	13.34153938293457	1332226.8306505177	10.16401195526123	1334992.2564995557	9.532796859741211	1336618.9082768436	9.165471315383911	1341304.8337621514	
7.694354772567749	1337193.0989025773	12.963120698928833	1338588.6995512259	12.239303588867188	1339741.7501823013	8.470990419387817	1332229.2827044453	6.932257890701294	1338492.3672871168	12.778241157531738	1341230.241462472	13.36306381225586	1332228.5598305135	10.179139375686646	1334995.596617551	9.547372102737427	1336616.798525834	9.179401397705078	1341293.812743672	
7.707001447677612	1337181.4811546395	12.99265170097351	1338603.5540749484	12.265344142913818	1339760.1408694196	8.482494354248047	1332221.6718379813	6.947188138961792	1338499.7195024411	12.80396056175232	1341243.9195200142	13.389079809188843	1332221.6138416512	10.196728944778442	1334998.6852173146	9.562889337539673	1336621.408381782	9.1939058303833	1341290.2325285852	
7.723511695861816	1337087.1808819012	13.029930114746094	1338596.8533661568	12.289865970611572	1339769.1885609233	8.494001388549805	1332274.3969765264	6.962199449539185	1338494.6962662626	12.830724239349365	1341247.9146451377	13.413861751556396	1332217.56085569	10.21459412574768	1335008.3244501997	9.576900005340576	1336625.228538332	9.208412885665894	1341359.6424381873	
7.736041307449341	1337067.5313847668	13.068509101867676	1339022.9557236796	12.314249992370605	1339775.1372452113	8.507025241851807	1332289.6241969282	6.9753522872924805	1338481.7439718563	12.858284711837769	1341236.6303057005	13.440391063690186	1332212.0045515806	10.228601694107056	1335007.1591342487	9.59220266342163	1336660.2090966536	9.222426414489746	1341374.8938592465	
7.750555515289307	1337030.0055099165	13.09304428100586	1339007.1835882443	12.339343070983887	1340095.2743990053	8.520030498504639	1332317.293893266	6.989272832870483	1338506.1365597686	12.885387420654297	1341625.6893022363	13.46591305732727	1332207.2693987878	10.240893363952637	1335005.4229165744	9.6078941822052	1336669.6117992892	9.237138032913208	1341397.4911875802	
7.765564203262329	1337017.2085041993	13.119639158248901	1339011.027898664	12.362865686416626	1339664.8771723344	8.53354001045227	1332056.641605292	7.004876613616943	1338615.3540805364	12.911630392074585	1341629.3302612652	13.492109775543213	1332235.063299017	10.25448751449585	1335014.4881818937	9.622400045394897	1336720.1784165974	9.25015115737915	1341356.659631029	
7.780580282211304	1337019.0327493758	13.14401888847351	1338988.484338731	12.386378765106201	1339807.9930826814	8.547049045562744	1332048.9220168234	7.021495342254639	1338676.7677369916	12.93885087966919	1341626.4270743737	13.51712942123413	1332222.0915879603	10.268019676208496	1335016.631086279	9.638411283493042	1336717.1177394288	9.26366376876831	1341365.2820923608	
7.794087171554565	1337016.1567120426	13.169357776641846	1339080.7589671665	12.410388946533203	1339813.032880253	8.560065507888794	1332050.6795053908	7.0373570919036865	1338726.6706088402	12.964323282241821	1341614.047113191	13.543160200119019	1332224.2024118954	10.283145427703857	1335020.4659241426	9.651919603347778	1336695.7029327797	9.276679039001465	1341346.9205414378	
7.808103799819946	1337013.7329821968	13.19784688949585	1339054.5435927925	12.434399127960205	1339802.3116423066	8.573577165603638	1332062.8006808448	7.050279378890991	1338909.9132567775	12.989732027053833	1341618.073227146	13.56917405128479	1332249.5161559712	10.296227931976318	1334975.4520409582	9.667920112609863	1335378.9827162768	9.29158329963684	1341462.9898773397	
7.82161021232605	1337024.6501075581	13.224669218063354	1339106.3947790223	12.457005262374878	1339817.129989384	8.58508014678955	1332054.0196301048	7.065277099609375	1338923.3499280533	13.018378734588623	1341625.760782239	13.590189218521118	1332253.5753957606	10.31327748298645	1334926.9744583396	9.682209730148315	1335394.2589876426	9.30708932876587	1341452.7792193985	
7.836117744445801	1337025.1017003437	13.249680995941162	1339130.6403674392	12.480019569396973	1339859.4226400857	8.60010313987732	1332424.857507621	7.0827460289001465	1338534.5901234276	13.049284219741821	1341628.6972397733	13.612220525741577	1332290.4831178738	10.326356887817383	1334919.0877630492	9.697015285491943	1335476.7911393389	9.32310962677002	1341281.475216026	
7.849193096160889	1337074.0733185767	13.271870374679565	1339131.2782865283	12.510800123214722	1339851.382133197	8.612274885177612	1332436.937314117	7.096392869949341	1338516.9437816364	13.081080675125122	1341692.2343448591	13.638463258743286	1332216.2850107427	10.341010570526123	1335023.033262111	9.712199211120605	1335480.9446088385	9.337122440338135	1341264.4637185102	
7.863697052001953	1337102.936461485	13.299390077590942	1339095.2881016359	12.531814813613892	1339834.1992133323	8.625778913497925	1332821.9869803812	7.110803127288818	1338505.821365914	13.106487035751343	1340995.7955681158	13.661479234695435	1332190.4309855544	10.355206966400146	1334960.8880409005	9.726870775222778	1335480.5605209048	9.35193943977356	1341240.341761854	
7.877202272415161	1337127.6875109042	13.326907634735107	1339095.487903684	12.556029319763184	1339840.87568378	8.638283491134644	1332835.7778113142	7.127392053604126	1338494.7436846297	13.131177186965942	1340995.171065381	13.684999227523804	1332982.6898432027	10.370436668395996	1334973.4301055463	9.740331649780273	1335483.5227366383	9.370086908340454	1341244.7482267558	
7.8913068771362305	1337513.8897659024	13.355462074279785	1339085.4281119227	12.583042621612549	1339826.3470579234	8.651479005813599	1334093.2260308436	7.140370845794678	1338473.8569362513	13.157041311264038	1340964.1474843216	13.708587169647217	1332969.3774984286	10.383944749832153	1334988.9208451153	9.754856824874878	1336357.641408084	9.385627269744873	1341512.5836441058	
7.905151605606079	1337513.6200490098	13.386013746261597	1339113.02983046	12.606459856033325	1339857.8671287082	8.665984392166138	1334062.3189110067	7.154702186584473	1338476.1957894927	13.180193901062012	1340984.125433548	13.73361611366272	1332954.6192599188	10.399458885192871	1335884.932426134	9.770516157150269	1336512.388992951	9.398663759231567	1341512.6280827106	
7.921032428741455	1337516.0438514391	13.416314601898193	1339097.7465521186	12.628479242324829	1339852.2142905986	8.679996252059937	1334133.7639352484	7.169957160949707	1338940.8550161999	13.205223083496094	1340991.0043981497	13.75363564491272	1332960.7756714942	10.415970087051392	1336051.623685677	9.78452444076538	1336532.1583385072	9.41417384147644	1341502.6007636837	
7.935626029968262	1337493.4703660242	13.44114065170288	1339115.483647504	12.64950680732727	1339881.177610076	8.693511724472046	1334130.9684868394	7.187630891799927	1338896.4745378515	13.229256629943848	1340991.4656888149	13.77664828300476	1332975.6815048351	10.432026624679565	1335943.5851389207	9.799030065536499	1336541.5919491646	9.428807735443115	1341498.4131869932	
7.948909521102905	1337523.8910550647	13.468408584594727	1339127.1975393035	12.672727584838867	1340116.2714083542	8.70853304862976	1334128.403691521	7.203922271728516	1338893.8135323632	13.255310535430908	1340989.307261733	13.804209470748901	1332961.2805383573	10.447301626205444	1335935.5660336714	9.815051078796387	1336555.6570494138	9.443822860717773	1341486.3228475808	
7.962177276611328	1337505.1306417405	13.491531610488892	1339128.7036949652	12.697901248931885	1340107.5050521037	8.724546432495117	1334132.4635358565	7.219339847564697	1338903.0857193165	13.280832052230835	1340994.206702982	13.824206352233887	1332896.857020293	10.46304988861084	1335938.2867912245	9.828555345535278	1336548.7778602345	9.458835363388062	1341521.954290945	
7.975681781768799	1337502.3577540992	13.519499778747559	1339127.2893286755	12.721328973770142	1340122.4766684608	8.738060712814331	1334175.8827182248	7.234331369400024	1338897.3447148283	13.311164855957031	1340968.9091208102	13.849220752716064	1332873.4679110025	10.478935480117798	1336369.005599705	9.844570875167847	1336554.324721546	9.475850820541382	1341615.419955117	
7.991692781448364	1337484.0733003842	13.546908140182495	1339073.9198776793	12.741772174835205	1340109.8096095675	8.751083135604858	1334193.5191930633	7.2510833740234375	1338913.5030889364	13.337708234786987	1340976.463906783	13.870237350463867	1332877.6284717105	10.495439767837524	1336516.3883212863	9.85807466506958	1336534.1232900617	9.489873170852661	1341621.024166007	
8.003199100494385	1337593.0217435884	13.578245401382446	1339072.150409953	12.764317512512207	1340135.6895002502	8.763599157333374	1334199.394930167	7.265530586242676	1338920.6501418315	13.362988233566284	1340952.243827047	13.893269538879395	1332871.237955494	10.513476610183716	1336526.1020047164	9.872336864471436	1336562.1031867177	9.505380153656006	1340942.887025542	
8.015702247619629	1337598.5118989132	13.611676454544067	1339061.6870895347	12.788330793380737	1340127.8195751382	8.777106285095215	1334210.2802147663	7.280615329742432	1339023.9475849415	13.386515617370605	1340954.0671317386	13.914284944534302	1332859.4522165754	10.530503034591675	1336538.5504052779	9.88710331916809	1336580.8315874527	9.521393299102783	1340990.0031172791	
8.031710624694824	1337626.5569923737	13.634892463684082	1339063.0720062915	12.818847894668579	1340130.2969071828	8.792119264602661	1334206.9138700364	7.296631336212158	1339024.0291739153	13.411548137664795	1341065.8135990987	13.9376220703125	1332881.6882979195	10.548478126525879	1336533.7671743901	9.901611089706421	1336580.9506232562	9.534407377243042	1340993.523006524	
8.04572057723999	1337733.5758122434	13.660009622573853	1339053.0608297545	12.842967748641968	1340130.54684582	8.806297063827515	1334168.3653749612	7.312549114227295	1339023.1676437901	13.437991857528687	1341099.4002536803	13.95863652229309	1332909.6926854437	10.563985109329224	1336517.4377984002	9.915632247924805	1336571.5964528578	9.54970407485962	1341006.9543862045	
8.061728954315186	1337285.2863223844	13.684653520584106	1339073.0660174962	12.869439363479614	1340237.9770864793	8.820809602737427	1334249.9342838265	7.328906774520874	1339005.1682408992	13.466575384140015	1341970.9737558065	13.982155561447144	1332914.2815508717	10.581498622894287	1336520.1215001617	9.930124759674072	1336571.793618562	9.564288139343262	1340978.4124882035	
8.076236486434937	1337272.813619388	13.709792137145996	1339082.885024035	12.897829055786133	1340027.4055634176	8.834317207336426	1334267.3272106377	7.345788955688477	1339346.5469882304	13.48987364768982	1341988.5899142986	14.006170511245728	1332922.1240286026	10.602034091949463	1336523.3793889456	9.944133520126343	1336569.4728554348	9.579143285751343	1341040.520922285	
8.091469287872314	1337218.32093849	13.739669561386108	1339037.889180558	12.923368215560913	1339980.2485100597	8.847328901290894	1334697.591164325	7.3620285987854	1339341.1150335677	13.51349663734436	1341990.933148997	14.028944969177246	1332929.585993282	10.618556499481201	1336512.594686901	9.96014666557312	1336562.4867947134	9.59334921836853	1341050.6797602586	
8.10562539100647	1337242.412467536	13.76990008354187	1338918.1531424306	12.9483060836792	1339974.627740545	8.860977172851562	1334694.9714822902	7.380037307739258	1339245.094842204	13.540046453475952	1341894.4783243192	14.055467128753662	1332940.5627310781	10.635066509246826	1335900.7293446637	9.973656415939331	1336685.3497715173	9.608484506607056	1341063.840880545	
8.120478868484497	1337228.7604782027	13.799118995666504	1339036.475853825	12.97559642791748	1339971.932207594	8.87381386756897	1334682.6205099495	7.396260976791382	1339370.8689913382	13.570544481277466	1341909.548135276	14.075482606887817	1332958.520099447	10.659007549285889	1335669.5038078371	9.98917031288147	1336678.7113394344	9.623521089553833	1341186.2484217116	
8.13441777229309	1337216.2339849412	13.82281756401062	1339011.8270496079	13.000115871429443	1339978.686456445	8.888323545455933	1334651.9411993783	7.411482810974121	1339381.7328681962	13.597470760345459	1341914.2041139407	14.103216409683228	1333335.6169328901	10.678762674331665	1335676.8975756208	10.004177331924438	1336681.0281791817	9.636749744415283	1341189.5103828958	
8.148290634155273	1337210.5998349905	13.84840178489685	1339023.6119717497	13.025635957717896	1339953.3982918677	8.900845527648926	1334631.999888943	7.42647647857666	1339439.476412451	13.628299474716187	1341922.7451534444	14.124738693237305	1333294.1543695307	10.699840068817139	1335640.2689022224	10.01868486404419	1336681.553321192	9.650765419006348	1341186.771138375	
8.163492441177368	1337210.9908245665	13.874301195144653	1339003.2635105571	13.051527976989746	1340051.907768478	8.91435432434082	1334602.7784560462	7.443933963775635	1339420.0324341035	13.6548433303833	1341931.1491613367	14.14975380897522	1333305.802140687	10.715022325515747	1335673.269196422	10.033692598342896	1336669.9329594427	9.664273262023926	1341239.3412788177	
8.178017616271973	1337202.0042701766	13.902653217315674	1338968.1778420613	13.079051971435547	1340045.3303161147	8.928862571716309	1334623.2399217994	7.459300518035889	1339433.6066011772	13.681705713272095	1341385.6546866244	14.174278736114502	1333304.9107519847	10.731935977935791	1335660.8277311404	10.048198938369751	1336583.0182418835	9.67979621887207	1341253.4517705536	
8.192069053649902	1337236.336055768	13.926662921905518	1338975.0683856986	13.102341175079346	1340054.3206069206	8.942878484725952	1334480.82468844	7.475726127624512	1339425.0171840691	13.711957454681396	1341387.9154275297	14.199295043945312	1333196.192312045	10.747969388961792	1335663.317387568	10.0622079372406	1336584.779689563	9.695072889328003	1341302.3572058554	
8.205573081970215	1336622.9407380929	13.950997114181519	1338977.6177584578	13.125871658325195	1340188.4386075758	8.954379796981812	1334251.7840103626	7.489936590194702	1339416.5315584552	13.740721464157104	1341491.7204943553	14.224572658538818	1333125.8548071964	10.761978149414062	1335594.68052514	10.075719356536865	1336598.5501910315	9.712094783782959	1341295.2867062655	
8.22158169746399	1336623.3781807492	13.976520299911499	1338991.729804432	13.148825645446777	1340206.8358642894	8.966886043548584	1334261.3910120064	7.505950927734375	1339402.5942810136	13.767122983932495	1341488.6703118593	14.24858808517456	1333151.7332109166	10.776976108551025	1335601.195268666	10.090949535369873	1337247.8923188294	9.725602388381958	1341323.9611005015	
8.236093044281006	1336627.1223251787	14.006590604782104	1338979.2168543078	13.170477628707886	1340215.2382108339	8.981898784637451	1333857.9838027284	7.52060079574585	1339407.0753528064	13.790144920349121	1341598.8692059931	14.275110483169556	1333150.8374259158	10.789540529251099	1335577.8486148026	10.105957746505737	1337276.4826420397	9.740123987197876	1341327.5044689525	
8.252145290374756	1336621.935495544	14.033700466156006	1338967.9858032188	13.19349479675293	1340210.4189141758	8.993911027908325	1334262.0646063546	7.5350258350372314	1339396.282472286	13.815216064453125	1341559.793231551	14.299363374710083	1333143.5939399074	10.80260419845581	1335570.8477273576	10.120461463928223	1337229.107824635	9.756630897521973	1341230.0616529924	
8.265649557113647	1336664.337734342	14.058720827102661	1338971.4858613538	13.216014385223389	1340220.4133571188	9.006748676300049	1334277.4281565049	7.549239635467529	1339418.6597434042	13.840871810913086	1341689.2378874356	14.32480001449585	1333123.8839548568	10.816115617752075	1335006.2823131315	10.134469032287598	1337222.8667191393	9.770646333694458	1341809.019913901	
8.280661582946777	1336646.0208764956	14.086203336715698	1338990.0122265052	13.241038084030151	1340227.6870998736	9.022771835327148	1334327.4657537965	7.562889337539673	1339416.3313453437	13.866902589797974	1341694.8931194437	14.350393056869507	1333124.757189657	10.830421686172485	1334980.9991787511	10.148974895477295	1337264.8108162521	9.787152528762817	1341805.1522874865	
8.295167922973633	1336653.9565436374	14.111233711242676	1338986.6259233244	13.268583536148071	1340397.0556421157	9.03627896308899	1334328.2789206533	7.576939344406128	1339426.9283217853	13.893929958343506	1341712.7976571154	14.371912002563477	1333126.9212042347	10.845668077468872	1334989.0270906086	10.163818836212158	1337141.589292047	9.802166938781738	1341800.5196121566	
8.309486865997314	1336653.0059271862	14.139506578445435	1338987.9523520323	13.298373699188232	1340145.384918909	9.050304889678955	1334324.5461824809	7.591899871826172	1339428.4122278972	13.925564765930176	1341688.4788171793	14.393439531326294	1333115.0212364409	10.861195802688599	1335005.925198201	10.17905569076538	1337640.4435846992	9.818178176879883	1341801.595948119	
8.323992490768433	1336610.6945176953	14.170047760009766	1338983.394546888	13.332375049591064	1340101.6484573807	9.06253719329834	1334302.7281449682	7.607895851135254	1339551.285984783	13.956588983535767	1341734.4739996854	14.415429830551147	1333123.4379949372	10.873339653015137	1334992.3268519344	10.196576118469238	1337653.650737985	9.833394289016724	1341790.1763643103	
8.338561296463013	1336634.9818370526	14.194574356079102	1338992.993061689	13.364428043365479	1340104.6425263186	9.075043678283691	1334291.308930783	7.6212780475616455	1339529.79687549	13.980604648590088	1341701.0165094794	14.43894910812378	1333153.7058927042	10.888352632522583	1334982.3673445887	10.212382555007935	1337655.893743067	9.850412845611572	1341812.6085548552	
8.353312730789185	1336643.7627759362	14.226057767868042	1338742.2942854683	13.397503852844238	1340132.6644673122	9.088578701019287	1334298.5845337547	7.636432647705078	1339554.3404805213	14.006780862808228	1341763.6954162205	14.471977949142456	1333154.8892156903	10.901525974273682	1334473.6533776391	10.227131843566895	1337664.0866787964	9.864922285079956	1341819.2001795527	
8.367716550827026	1336652.5108187788	14.259597778320312	1338745.3989694936	13.426532506942749	1340145.9630154218	9.10111403465271	1334295.6672747612	7.652547121047974	1339555.8616130855	14.033318042755127	1341770.7536320905	14.496172428131104	1333666.6818890008	10.916534900665283	1334482.2083901882	10.243636846542358	1337641.8111404392	9.88018274307251	1341819.0879798466	
8.382222414016724	1336623.4613225244	14.289775371551514	1338165.4883380637	13.45807409286499	1340099.2993367284	9.113619089126587	1334302.6008277144	7.6694724559783936	1339498.946857132	14.061558485031128	1341757.7602900374	14.519691467285156	1333651.9840668284	10.929250717163086	1334479.8417550535	10.260542392730713	1337596.9224403084	9.895691871643066	1341818.2300433074	
8.395729064941406	1336573.816817453	14.31608271598816	1338594.493628675	13.486117839813232	1340091.678006027	9.127124547958374	1334299.330053903	7.685082197189331	1339501.8014802095	14.091097593307495	1341763.1572527017	14.546731233596802	1333637.8807653026	10.942442417144775	1334488.542185796	10.274555206298828	1337591.362932865	9.911538362503052	1341847.4006925826	
8.410740375518799	1336567.2932844083	14.346712589263916	1338652.2181341143	13.515149354934692	1340478.9480200121	9.14314341545105	1334306.0347632891	7.701104164123535	1339472.9270616802	14.116491317749023	1341759.9073577032	14.571749448776245	1333171.086867977	10.95594596862793	1334505.2006920169	10.289843082427979	1337596.7031000927	9.927043199539185	1341947.9988221717	
8.422245502471924	1336579.25535904	14.3712317943573	1338608.5574690963	13.546637058258057	1340133.755132374	9.156651258468628	1334289.762046328	7.716115713119507	1339485.1406328464	14.146045446395874	1341733.6583486912	14.593269348144531	1333250.4076446395	10.970314741134644	1334476.1780550373	10.304840087890625	1337588.1180422723	9.940565824508667	1341942.7287111944	
8.435753583908081	1336551.7699115318	14.393262386322021	1338614.592077696	13.57971715927124	1340332.928487854	9.170671939849854	1333933.7853320928	7.731671333312988	1339235.5816834152	14.171234846115112	1341739.067805034	14.61644196510315	1333151.511105148	10.985029935836792	1334489.3495350967	10.318344354629517	1337591.938197609	9.958574533462524	1341979.501068255	
8.449275970458984	1336542.3938583033	14.415807008743286	1338631.4063937236	13.616250991821289	1340333.1730245338	9.185181617736816	1333925.5235877302	7.748821973800659	1339567.7028928455	14.198057174682617	1341684.7355881964	14.64448618888855	1333160.8895051505	11.00084400177002	1334556.662489174	10.334033250808716	1337581.5688845697	9.974085569381714	1340922.805805826	
8.463877201080322	1336529.4174834578	14.442546606063843	1338630.3693426147	13.64426851272583	1341016.884660616	9.19870138168335	1333623.5483422754	7.766660690307617	1339585.3325060972	14.228304862976074	1341698.6606835087	14.668506622314453	1333161.3393225626	11.016159296035767	1334550.8258113656	10.350749254226685	1337528.2402540024	9.992099046707153	1341046.938878446	
8.478450298309326	1336512.4238201892	14.473804235458374	1338649.2314975858	13.672342538833618	1341010.3566625786	9.211488008499146	1333727.0993700717	7.782560110092163	1339582.5665139528	14.25503659248352	1341688.7010860413	14.693247079849243	1333126.2927029477	11.029139041900635	1334551.0292716708	10.365865468978882	1337543.871536692	10.007606267929077	1341037.8778776694	
8.491562366485596	1336510.6811465502	14.49582839012146	1338566.405992588	13.704014539718628	1341017.925825767	9.224995613098145	1333752.7885141738	7.796424627304077	1339575.4951315492	14.280002117156982	1341657.0768091886	14.715271949768066	1333077.045784051	11.045214891433716	1334790.7977198362	10.382529258728027	1337533.4139522566	10.021196842193604	1341064.9445804479	
8.506108045578003	1336549.85171499	14.520780086517334	1338575.321659568	13.743753433227539	1340400.3806681342	9.238497495651245	1333671.4821149085	7.8118226528167725	1339600.7273517728	14.304385662078857	1341654.7306514205	14.739020586013794	1333003.311400187	11.058421611785889	1334794.69706319	10.398019075393677	1337522.370836187	10.036212921142578	1341044.1590160923	
8.51912236213684	1336564.601779166	14.545557975769043	1338614.804766864	13.780121326446533	1340168.3464205198	9.250579833984375	1333672.3931517513	7.828136920928955	1339614.0484891634	14.329647779464722	1341656.4596153246	14.761539697647095	1333015.0229705938	11.072149515151978	1334791.2530830356	10.412074327468872	1337531.5800981394	10.051244020462036	1341043.2181556784	
8.535220861434937	1336580.0021617026	14.569980144500732	1338514.2615411065	13.80816102027893	1340178.115858218	9.263797521591187	1333677.9658666959	7.84272027015686	1339582.2245115063	14.351459264755249	1341634.0829308764	14.782558917999268	1333395.0344985924	11.085895538330078	1334899.888103441	10.427086353302002	1337557.6310735843	10.068344116210938	1341059.5580731789	
8.549258470535278	1336580.2337385921	14.593969106674194	1338545.7208598282	13.84415578842163	1340161.3581986977	9.276299238204956	1333683.7354219041	7.859306573867798	1339952.2417845014	14.37837815284729	1341627.4853496095	14.806317806243896	1333110.9199818717	11.108064413070679	1334597.9346400455	10.441590309143066	1337574.0486712863	10.081725120544434	1341075.0252024224	
8.562309265136719	1336564.2562557175	14.624171257019043	1338548.3894187708	13.878235816955566	1340212.861806884	9.288804531097412	1333659.2133675907	7.87529993057251	1339983.5523205164	14.403274297714233	1341619.9358073683	14.828747987747192	1333129.7423147461	11.12837290763855	1334603.0537539178	10.455585718154907	1337576.7148206043	10.09758973121643	1341077.5737873686	
8.576992273330688	1336544.8312193092	14.649202823638916	1338805.286594074	13.908677101135254	1340475.059707492	9.30132794380188	1333738.9249780085	7.890557765960693	1339541.8798908386	14.42873477935791	1341636.0368112482	14.848791360855103	1333124.5872523228	11.148127555847168	1334612.7170749216	10.4697847366333	1337564.7499754168	10.113709926605225	1340998.5035368835	
8.589231967926025	1336542.7957263587	14.672416687011719	1339199.2820332637	13.940190315246582	1340482.9534436483	9.315833568572998	1333723.7292211845	7.90709114074707	1339524.4451192187	14.453150987625122	1341647.0247763405	14.872312068939209	1333149.076091427	11.166579723358154	1334613.5930415536	10.483937740325928	1337520.74502841	10.12859845161438	1340960.4541158157	
8.60373830795288	1336499.1308536136	14.693448781967163	1339209.739071777	13.974491834640503	1340484.8301166515	9.329841375350952	1333724.016296539	7.921977758407593	1339534.4125659354	14.47662878036499	1341648.5296930969	14.89448881149292	1333198.0294269212	11.188159227371216	1334689.1606002853	10.499927759170532	1337521.0539930905	10.142619132995605	1340959.6632835744	
8.617748498916626	1336673.7647586558	14.721229076385498	1339108.4240890092	14.00902771949768	1340492.724128371	9.343353033065796	1333762.462805963	7.937910079956055	1339531.0336690843	14.501318454742432	1341655.941916164	14.91822338104248	1333121.905900069	11.206856489181519	1334700.1586745821	10.515970706939697	1337622.200235194	10.157122611999512	1341006.4404669604	
8.63125467300415	1336676.7345761103	14.744762420654297	1339052.3447941937	14.04055380821228	1340491.7475039011	9.35686469078064	1333961.2790967904	7.954671859741211	1339560.3263998996	14.5305655002594	1341659.1955757858	14.94575047492981	1333134.7355356198	11.224692106246948	1334674.7751085781	10.531121253967285	1337632.8688176982	10.172646284103394	1341008.3433814363	
8.642761945724487	1336680.5117637538	14.771097898483276	1339023.394320091	14.06832766532898	1340524.6454555078	9.369871854782104	1333958.2181834467	7.9701621532440186	1339565.6225797343	14.558996677398682	1341649.3086352455	14.974272012710571	1333046.5044222374	11.242660522460938	1334674.790774898	10.54679560661316	1337573.2423920794	10.186819076538086	1341018.468495278	
8.655273199081421	1336663.2152085353	14.798253536224365	1339025.8643373316	14.098705530166626	1340469.8912961876	9.383353471755981	1333948.967572327	7.9845404624938965	1339559.3475994067	14.58418893814087	1342239.1664534733	14.995444297790527	1333058.7974270382	11.262429475784302	1335383.220357681	10.562216520309448	1337587.6723194025	10.200832843780518	1341024.224421272	
8.670282363891602	1336693.6349637937	14.820773601531982	1339018.547367051	14.13033413887024	1340454.0288958668	9.397295713424683	1333941.9041699576	7.999578475952148	1339497.6908322908	14.607548952102661	1342242.5094079669	15.018188953399658	1333048.120304438	11.282942771911621	1335393.494803303	10.577105283737183	1337536.3648403948	10.216341257095337	1341020.3417240265	
8.683785438537598	1336631.146453459	14.844772815704346	1339071.7466880495	14.1571044921875	1340453.1848746445	9.411306381225586	1333926.060802278	8.015190124511719	1339453.62016055	14.63046932220459	1342315.9977561813	15.04297137260437	1333030.3909587574	11.304188966751099	1335388.4563051525	10.591611623764038	1337539.6131162425	10.230640888214111	1341033.5367778866	
8.698488712310791	1336733.3979562526	14.866946935653687	1338263.7859113181	14.18648886680603	1340443.7131283372	9.423812866210938	1333927.7481404236	8.030004978179932	1339446.9130461826	14.656046152114868	1342424.818009047	15.062986850738525	1333031.2331143739	11.321710348129272	1335372.699797384	10.606618404388428	1337507.4248534127	10.245658874511719	1341018.1702432083	
8.711995840072632	1336735.5248588843	14.889958620071411	1338264.04381992	14.219010591506958	1340447.4483734837	9.436248064041138	1333931.6377304432	8.04672360420227	1339438.320911133	14.682919979095459	1341861.6388407154	15.09164309501648	1333067.4792139549	11.339696884155273	1335361.0694738613	10.622121810913086	1337543.7188200022	10.260671854019165	1341004.6224050666	
8.724498510360718	1336732.0276002793	14.919228792190552	1339228.661256468	14.257060527801514	1340418.3352729413	9.448431968688965	1333930.9401696413	8.06161117553711	1339409.0611269178	14.70730447769165	1341846.9435099768	15.118130922317505	1333104.5337718998	11.362063884735107	1335338.3983811794	10.63862133026123	1337534.1096390772	10.275688648223877	1340995.0338697054	
8.739515542984009	1336733.289558199	14.949177503585815	1339226.4875910468	14.285585403442383	1340433.100921126	9.462143659591675	1333857.517568262	8.074840307235718	1339403.9847378149	14.731380939483643	1341859.5569535606	15.142170429229736	1333115.9264167624	11.382608413696289	1335350.4423901387	10.654037237167358	1337530.2895873957	10.289046287536621	1340982.6007873428	
8.75252652168274	1336718.8386325887	14.97635269165039	1339211.8724833434	14.318538665771484	1340470.6434549429	9.4786536693573	1333814.1737014903	8.09270977973938	1339427.104509322	14.758958101272583	1341828.603407574	15.168190240859985	1333116.7086318932	11.404927253723145	1335825.2693829446	10.669002056121826	1337540.317985428	10.302964687347412	1340983.6767848046	
8.765599250793457	1336656.9668783508	15.002485275268555	1339115.6246430532	14.350570678710938	1340475.8170395326	9.492709398269653	1333875.9087379368	8.109228610992432	1339921.9520673226	14.781683206558228	1341840.8748046083	15.195730924606323	1333149.8980786104	11.423443078994751	1335818.19797114	10.682335615158081	1337548.1353336172	10.319982290267944	1340977.3098440922	
8.778254985809326	1336670.3709592526	15.025547504425049	1339098.8165628416	14.383081912994385	1340521.4659094955	9.506728172302246	1333944.9458252687	8.125099897384644	1340149.5818250738	14.807164907455444	1341829.6334412624	15.217917442321777	1333153.4587950443	11.442893743515015	1335810.3303141734	10.700349569320679	1337522.9000113	10.335996627807617	1340975.9365342073	
8.794267892837524	1336644.3559177301	15.054064989089966	1339088.107705531	14.411962985992432	1340532.2289528348	9.52074646949768	1333978.5542646046	8.140848398208618	1340148.2700471948	14.830766201019287	1341810.2168078618	15.243634223937988	1333157.5677190295	11.463297605514526	1335709.5816352337	10.71688199043274	1337505.8321872023	10.350011110305786	1340969.3906813022	
8.807977676391602	1336645.6343045563	15.079075813293457	1338751.8238367396	14.448987245559692	1340425.255406234	9.533255577087402	1333987.6985938684	8.157255411148071	1339023.4673406156	14.854198932647705	1341821.9357680364	15.268653154373169	1333160.0248073323	11.487306833267212	1334945.280606804	10.731662511825562	1337549.5663532112	10.365517139434814	1341005.7048740236	
8.82248830795288	1336665.2575029624	15.102425813674927	1338761.3498334466	14.48261284828186	1340430.6404772773	9.547765254974365	1333659.2420070895	8.171621799468994	1339029.5439630598	14.876956939697266	1341822.2803757114	15.292340993881226	1333146.6927565534	11.50932765007019	1334947.848738517	10.746062755584717	1337550.6117417146	10.379533290863037	1341019.7126871394	
8.834998607635498	1336668.6030968311	15.124985218048096	1338743.9373680593	14.509897232055664	1340448.4805974895	9.560783624649048	1333654.3154141917	8.185945510864258	1339040.0557689813	14.899202346801758	1341811.9051644953	15.316269397735596	1333113.0939473575	11.533501148223877	1334933.4295021263	10.761283874511719	1337561.8016798724	10.394121170043945	1341028.733528793	
8.848519802093506	1336674.1906551626	15.152270078659058	1338455.1917797497	14.54592776298523	1340476.4828463178	9.574295043945312	1333668.440806436	8.201176404953003	1339035.8827708168	14.92426609992981	1341808.9650828	15.341509103775024	1333152.4566309697	11.553179025650024	1334935.9241087174	10.776883602142334	1337566.0314828379	10.409133911132812	1341066.4025490365	
8.864029169082642	1336687.4180821092	15.17428183555603	1339185.1171333166	14.58370327949524	1340465.442098482	9.587797403335571	1333646.7572440489	8.214850425720215	1339054.0199788522	14.95101022720337	1341804.5718905833	15.369543552398682	1333155.422289734	11.57660722732544	1335001.6854038227	10.793680906295776	1337554.090473128	10.42379093170166	1341059.3199492816	
8.877041816711426	1336665.4822874877	15.20130467414856	1339168.2950683068	14.615934610366821	1340461.8328136846	9.601752042770386	1334069.121565783	8.23173475265503	1339066.852917014	14.975592136383057	1341810.7881884251	15.39055848121643	1333153.8857403037	11.5912344455719	1334970.390153642	10.80819821357727	1337566.5158818164	10.440313577651978	1341083.5932681789	
8.890718221664429	1336670.3264503337	15.226573944091797	1339202.8679592463	14.647465229034424	1340448.0345833017	9.615256547927856	1334042.2821996936	8.246809005737305	1339085.6881197896	15.001059532165527	1341797.7446477998	15.416111946105957	1333117.4570132045	11.605243444442749	1334880.8926542953	10.822708368301392	1337562.2674041963	10.45382022857666	1341097.9649800528	
8.903228044509888	1336683.8860534653	15.249183654785156	1339233.3995777145	14.679532051086426	1340443.7361364393	9.627760410308838	1334035.4411826076	8.261816024780273	1339096.3465948487	15.026185512542725	1341785.8184835552	15.43777084350586	1333108.8407398553	11.62125301361084	1334881.0897337084	10.835720777511597	1337566.3019182398	10.46732759475708	1341094.0396200947	
8.917238712310791	1336666.4640997893	15.275698184967041	1339252.087388007	14.707371473312378	1340221.7340016915	9.642277240753174	1334059.5079098614	8.277332782745361	1339154.338574143	15.051219463348389	1341799.5837363144	15.463808536529541	1333096.5244955525	11.636263847351074	1334872.8186466508	10.849225759506226	1337531.7208297555	10.482846021652222	1341110.894790287	
8.930264234542847	1336688.6071795963	15.303741693496704	1339252.4196189228	14.738558769226074	1340222.4622552057	9.655320167541504	1334062.9079449526	8.29393482208252	1339176.276240183	15.075544118881226	1341878.0563787515	15.495848655700684	1333110.9612869632	11.65186882019043	1334952.9953254135	10.863737106323242	1337529.5306044354	10.496269941329956	1341117.9648637124	
8.944700717926025	1336687.7691715201	15.329019784927368	1339252.4540828955	14.776881694793701	1340204.1425728058	9.668586254119873	1334061.5564206413	8.308140754699707	1339196.3294289694	15.098906755447388	1341887.094094555	15.525384426116943	1333122.666518079	11.666882276535034	1334940.6961175357	10.879751443862915	1337531.2582945412	10.51128339767456	1341109.0515091685	
8.957928657531738	1336723.4177561973	15.353357076644897	1339256.981037223	14.807846307754517	1340212.8935516994	9.682594776153564	1334041.4569889402	8.323702096939087	1339177.5553497388	15.124136209487915	1341887.1186003827	15.54910922050476	1333125.783359146	11.680910110473633	1334955.5402962281	10.894458055496216	1337273.3185076597	10.525793552398682	1341076.6996378412	
8.972180843353271	1336778.43855698	15.376366376876831	1339242.4968584306	14.834500551223755	1340212.634377533	9.696105241775513	1334083.47120018	8.336959838867188	1339156.0038496465	15.147961854934692	1342494.1198383372	15.573632001876831	1333126.964402248	11.694917917251587	1334863.3861426692	10.908973932266235	1337551.3152115578	10.541316747665405	1341083.8229938082	
8.986213684082031	1336786.406931717	15.398104667663574	1339231.8358712904	14.865291595458984	1340158.9567394175	9.711626052856445	1334092.7553826415	8.353537797927856	1339150.9136049692	15.172067165374756	1342499.463116531	15.593648672103882	1333120.2616681117	11.708438158035278	1334866.1056894634	10.922476053237915	1337486.9463410054	10.554829359054565	1341011.2333841473	
8.99923062324524	1336769.3231251868	15.420822381973267	1339220.840008012	14.89878225326538	1340485.5585752786	9.725136280059814	1334138.1393667713	8.369845867156982	1339156.848450034	15.195772886276245	1342480.8011675042	15.619619131088257	1333120.486712626	11.723681688308716	1334895.491731059	10.9374840259552	1337485.0276552103	10.56985068321228	1340994.5530957645	
9.013737201690674	1336754.3533176905	15.445600509643555	1339381.191665371	14.9262375831604	1340488.438349241	9.737639904022217	1334140.023087893	8.384600639343262	1339195.5260161264	15.221088171005249	1342507.224274569	15.641642093658447	1333107.455861849	11.7383873462677	1334894.3169957788	10.951992988586426	1337768.5221059655	10.5813570022583	1341086.1800127672	
9.02775239944458	1336782.2607672748	15.469513654708862	1339339.3486769216	14.94904088973999	1340488.8681813306	9.752657890319824	1334147.2485371905	8.397887468338013	1335796.3825490733	15.24544644355774	1342505.212692644	15.671577215194702	1333115.4585146878	11.754047393798828	1334884.8953293199	10.96877408027649	1337740.4154815965	10.595369815826416	1341020.4766278171	
9.042265176773071	1339807.8556066644	15.491057395935059	1339344.3212358353	14.971439838409424	1340503.1981035054	9.76616907119751	1334155.8392795308	8.410882472991943	1335797.3865893583	15.272056102752686	1342541.7275250433	15.695802927017212	1333106.2949994474	11.76905608177185	1334986.6355177572	10.984633207321167	1337748.998928547	10.611356496810913	1341035.8100553225	
9.054283142089844	1339784.172871197	15.512100458145142	1339332.716956343	14.995451211929321	1340395.8759178412	9.778673648834229	1334157.3958589653	8.424931287765503	1335787.3732903083	15.299421787261963	1341949.3256131697	15.719364643096924	1333098.4296247761	11.78206753730774	1334969.5128348111	10.999139785766602	1337808.8707801609	10.625336170196533	1341023.9803488757	
9.067296266555786	1339800.0003539869	15.533578634262085	1339238.4260437654	15.017492771148682	1340403.0661614707	9.792691469192505	1333639.8307255504	8.438637733459473	1336503.4544493053	15.326406240463257	1341960.4132390635	15.744056224822998	1332994.6901033728	11.796572208404541	1334924.6980814796	11.014146327972412	1337768.50235064	10.638578414916992	1340987.289631667	
9.07980227470398	1339766.0220094132	15.558401584625244	1339241.708194429	15.041526556015015	1340392.8392188596	9.806913375854492	1333690.5964590504	8.453482151031494	1336490.7898516566	15.350458145141602	1341965.7586942166	15.766770362854004	1333017.8143170439	11.814087867736816	1334922.5014787107	11.028653860092163	1337775.131357205	10.653093576431274	1340989.5239697343	
9.092097759246826	1339777.1571639304	15.58091425895691	1339251.6132210912	15.064038038253784	1340411.48996955	9.822928428649902	1333704.8846373074	8.467753410339355	1336493.999098947	15.377796649932861	1341970.1114687151	15.795429468154907	1333014.4542662492	11.828599691390991	1334933.0522371281	11.04366159439087	1337214.8095926805	10.665632009506226	1340974.7008185068	
9.105612993240356	1339793.790996322	15.605433940887451	1339187.6341569012	15.087550401687622	1340403.0684895378	9.839941501617432	1333704.2925411793	8.48269772529602	1336484.0997300877	15.403774499893188	1341892.8778387923	15.816685914993286	1333011.897992725	11.844617366790771	1334956.586828916	11.058171033859253	1337213.0488700178	10.68066668510437	1340969.009733842	
9.120630979537964	1339793.1409917425	15.629955768585205	1339144.7390550412	15.115349292755127	1340380.0524661879	9.855274438858032	1333709.4601744628	8.496984720230103	1336489.6005144168	15.426807403564453	1342086.0861538802	15.844951391220093	1333055.0652461355	11.85982894897461	1334936.761451572	11.073679208755493	1337217.135559992	10.697002410888672	1340919.397546496	
9.134135961532593	1339809.2249429442	15.655029773712158	1339229.2055820322	15.136680841445923	1340376.878312293	9.868239402770996	1333708.3376266432	8.509999513626099	1336504.689380001	15.452196598052979	1342038.974447817	15.875478744506836	1333495.7327014941	11.877836465835571	1334891.4309199913	11.089326858520508	1337214.1271391134	10.711038827896118	1340921.526398817	
9.149660587310791	1339815.346206412	15.675040245056152	1339233.2895115532	15.161688566207886	1340373.2730564629	9.883543729782104	1333746.6406141291	8.52323579788208	1336507.8663528087	15.47438359260559	1342041.9228015014	15.900676965713501	1333623.351067099	11.893351078033447	1334932.590482085	11.103831768035889	1337218.533811559	10.724543571472168	1340908.3266326	
9.163172245025635	1339794.1866696898	15.699144124984741	1339191.7938707296	15.185471534729004	1340398.9323372787	9.89755368232727	1333723.211716396	8.538008213043213	1336510.2591963895	15.497596263885498	1342039.393850378	15.924766063690186	1333658.975732959	11.908364057540894	1334914.0206528194	11.117839813232422	1337228.9740361175	10.74080753326416	1340872.039615574	
9.175682306289673	1339794.427904257	15.720717668533325	1339214.189458162	15.209583282470703	1340405.6470700644	9.911569356918335	1333724.9090935946	8.552061796188354	1336536.8419296278	15.518909692764282	1342037.930849779	15.955293416976929	1333628.3497347701	11.920883893966675	1334880.079368714	11.13234567642212	1337214.1893814502	10.755887269973755	1340866.3650265555	
9.187695503234863	1339791.869414409	15.746334314346313	1339227.7303633806	15.234602689743042	1340398.5383235044	9.92307996749878	1333728.8287552493	8.566338300704956	1336564.8621341235	15.541420459747314	1342018.415449503	15.98250126838684	1333622.6756064154	11.938525438308716	1334885.10511702	11.145357608795166	1337257.5007291732	10.770997047424316	1340863.829953242	
9.202207088470459	1339814.0113441576	15.769356727600098	1339238.7984287976	15.258644104003906	1340406.0099061353	9.937286615371704	1333729.7330785	8.580873250961304	1336558.5600717328	15.568121671676636	1342040.727941367	16.003512620925903	1333639.9584734254	11.955540657043457	1334861.8022753359	11.16239047050476	1337551.6757251853	10.784794330596924	1340843.2692670762	
9.21371340751648	1339814.462811721	15.791775226593018	1339249.5667833085	15.28815484046936	1340409.257459858	9.951300144195557	1333731.5387094228	8.595162630081177	1336572.4421663359	15.602171182632446	1342038.612268253	16.02674889564514	1333646.490616056	11.972070932388306	1334858.9305861301	11.178123474121094	1337528.2724005303	10.800060272216797	1341167.3279774718	
9.227215766906738	1339826.218295814	15.816799879074097	1339125.7094436123	15.310456037521362	1340414.8254810993	9.963807106018066	1333739.563133057	8.608141660690308	1336567.9085095427	15.644714593887329	1341921.3776223564	16.05153799057007	1333673.4363892167	11.989853858947754	1334949.2099687872	11.194130659103394	1337491.8436004608	10.814568519592285	1341186.8290327045	
9.241341590881348	1339862.8075674118	15.839743375778198	1339226.657054835	15.335812091827393	1340432.1220411104	9.977314949035645	1333765.3190714708	8.621863603591919	1336582.0438018006	15.684087753295898	1341922.5418133899	16.078455686569214	1333649.621798065	12.004280805587769	1334953.7243454875	11.20864200592041	1337620.4292059871	10.829779863357544	1341171.1697443838	
9.256045579910278	1339846.979890717	15.8638596534729	1339203.4444178678	15.362626075744629	1340432.0059791666	9.990328788757324	1333750.6691704842	8.636806011199951	1336599.3302045458	15.721723318099976	1341936.9573020863	16.102922439575195	1333652.1958372893	12.018917560577393	1334914.720169648	11.223649740219116	1337621.6105940298	10.843221187591553	1341171.2622754336	
9.269415378570557	1339838.4477654302	15.889720678329468	1339097.4160472327	15.389140129089355	1340415.0044661087	10.003847122192383	1333758.4048068493	8.650216817855835	1336620.042170114	15.75189208984375	1341930.4378121241	16.124937057495117	1333648.629214898	12.033934593200684	1334841.5746473589	11.238686800003052	1337624.5672282567	10.856728553771973	1341116.8669283658	
9.283334732055664	1339830.1587626794	15.912763118743896	1339149.6116892528	15.414690256118774	1340420.9017391028	10.019065380096436	1333748.4872653354	8.663503885269165	1336609.6590261792	15.785434007644653	1341934.8012432333	16.149827480316162	1334897.734457151	12.047453880310059	1334793.9686751533	11.252986192703247	1337647.3118144907	10.871740818023682	1341127.892019189	
9.295551061630249	1339925.9795292083	15.936984777450562	1339216.4736979622	15.439348220825195	1340411.0595442387	10.033732891082764	1333716.3174210328	8.676694869995117	1336623.3381266508	15.822179079055786	1341946.515775309	16.175528526306152	1335185.2979594986	12.061654806137085	1334826.2811247238	11.267243385314941	1337660.175278839	10.887250185012817	1341467.949001776	
9.30956244468689	1339937.5625497347	15.962575197219849	1339212.6034261985	15.465364933013916	1340601.2197575124	10.04575228691101	1333680.7169122424	8.689072608947754	1336612.7886777697	15.852443933486938	1341947.6541310283	16.20054864883423	1335201.1088317097	12.075666189193726	1334859.5760478645	11.281257152557373	1336305.9682958291	10.902086973190308	1341469.606858027	
9.324067831039429	1339929.2128609607	15.987030506134033	1339912.080486538	15.49098825454712	1340645.3587671244	10.058390855789185	1333680.65960506	8.703576564788818	1336624.6328765624	15.88868761062622	1341944.680194047	16.225370168685913	1335541.3595473245	12.090245962142944	1334865.733816046	11.294942140579224	1336229.8251580445	10.915565013885498	1341484.2109696062	
9.337087154388428	1339947.7829705228	16.009188175201416	1340052.1654743191	15.520355701446533	1340641.8467739096	10.071407318115234	1333690.6533836562	8.715265274047852	1336638.1394500986	15.919694900512695	1341915.3899641398	16.248608827590942	1335225.7803195468	12.104754209518433	1334829.6058193874	11.308446168899536	1336184.4124076716	10.93057894706726	1341488.1319127153	
9.351111650466919	1339933.671175481	16.0318865776062	1340044.3376129842	15.547877073287964	1340636.1241548662	10.08591628074646	1333694.0064005863	8.729690074920654	1336645.8848885468	15.952023267745972	1341916.217442922	16.274858236312866	1335274.913496631	12.117258548736572	1334354.890617908	11.323950052261353	1336233.372447709	10.945594787597656	1341482.9960840205	
9.366135597229004	1339901.738836689	16.057897090911865	1340047.9003972616	15.576667547225952	1340640.1910037468	10.100436687469482	1333732.8258619427	8.743605613708496	1336660.1887396437	15.984599351882935	1341878.265945401	16.29951024055481	1335002.0493134914	12.1302809715271	1334360.4656972003	11.335963249206543	1336229.0099119514	10.959609270095825	1341495.4241461363	
9.378829956054688	1339916.345136886	16.08090877532959	1340033.5797717243	15.615718126296997	1340653.9472529786	10.113473892211914	1333737.2540196537	8.757786989212036	1336653.187741838	16.022788524627686	1341881.8405640915	16.328202724456787	1334977.83966207	12.143572807312012	1334333.4203113897	11.351468324661255	1336227.004409265	10.975119352340698	1341499.1892583817	
9.392340660095215	1340356.6847816736	16.10184931755066	1340047.0018982033	15.64073395729065	1340620.3676126779	10.127983570098877	1333757.543524957	8.771655321121216	1336649.2190538126	16.06022596359253	1341879.9414724654	16.35372829437256	1335009.8573932834	12.158371448516846	1334398.6051623449	11.364486932754517	1336238.3861678755	10.987626552581787	1341502.3518240335	
9.404844760894775	1340348.0939912454	16.125667572021484	1340041.7637579215	15.668773651123047	1340580.8726297733	10.141003370285034	1334535.9718948002	8.786564826965332	1336687.262794335	16.0981285572052	1341896.1603870275	16.378493309020996	1335030.5283971478	12.172382831573486	1334406.3422659528	11.379502058029175	1336234.0975304772	11.001646757125854	1341187.1683169096	
9.420480012893677	1340425.0006609077	16.151911973953247	1340036.0361549167	15.694305658340454	1340597.111038308	10.15450644493103	1334553.511735132	8.798730611801147	1336691.4324970602	16.13231658935547	1341911.9891452838	16.40447425842285	1335033.4674564388	12.185391187667847	1334413.4762756762	11.393007516860962	1336247.8830915957	11.017151832580566	1341161.593725513	
9.433985233306885	1340383.54252953	16.180051803588867	1340033.5834590592	15.724073648452759	1340580.4126687285	10.168578147888184	1334527.1133510396	8.813117027282715	1336694.0441281684	16.167970180511475	1341927.8245555195	16.429773807525635	1335017.9978726984	12.199915170669556	1334125.7267704129	11.40601634979248	1336244.349758074	11.032421350479126	1341237.5434022308	
9.447000741958618	1340371.594344536	16.20360255241394	1340019.6493488324	15.747255086898804	1340517.1441375518	10.180628299713135	1334527.5051349625	8.827910900115967	1336684.0724035131	16.204285621643066	1341950.1315792669	16.453681230545044	1335022.5148186984	12.214929819107056	1334344.0265948249	11.421520233154297	1336244.4850147355	11.047440767288208	1341221.739697725	
9.459994077682495	1340387.2727367673	16.22831892967224	1340020.2028818089	15.775149583816528	1340532.4300263938	10.195139169692993	1334487.474617954	8.843791484832764	1336683.1428236123	16.23767900466919	1341955.9032055007	16.47752833366394	1335017.4314302804	12.229451179504395	1334342.2769861042	11.433025121688843	1336257.6094103476	11.061457872390747	1341219.8409954335	
9.473002910614014	1340414.8624119458	16.253551721572876	1340078.7227820328	15.806686162948608	1340438.4033668232	10.209885358810425	1334247.7957584793	8.85643458366394	1336671.607201144	16.275586366653442	1341952.0983871794	16.500486612319946	1335016.4006329451	12.244460821151733	1334331.9274676729	11.449035406112671	1336239.8370687254	11.0769624710083	1341212.8522724798	
9.487011671066284	1340413.9778944398	16.278593063354492	1340335.971453465	15.836767435073853	1340440.678628515	10.223403930664062	1334276.4626334668	8.87144160270691	1336671.0523449038	16.318464994430542	1341928.7296386876	16.528303384780884	1335017.5923493067	12.260586977005005	1334342.1840606453	11.46305227279663	1336210.615460619	11.092549085617065	1341091.361973492	
9.50274920463562	1340565.0304574731	16.30491042137146	1340319.516043499	15.862301349639893	1340383.46374358	10.238915205001831	1334289.3085162428	8.884254217147827	1336672.450170153	16.35489583015442	1341928.7314952235	16.551891326904297	1335012.8323177437	12.274090051651001	1334386.0979320977	11.477577924728394	1336223.434860424	11.105757713317871	1341083.1266117224	
9.515259504318237	1340526.3664222565	16.329550981521606	1340322.2858674175	15.888455629348755	1340364.2884808197	10.2531259059906	1334286.0792461433	8.89658808708191	1336678.2360287711	16.390158653259277	1341936.0704550676	16.57857871055603	1335402.2164527343	12.292106628417969	1334404.52014297	11.494109392166138	1336326.7662619373	11.120773792266846	1341069.36591877	
9.530268907546997	1340540.2864476752	16.3555965423584	1340320.2013839511	15.913724422454834	1340366.673153041	10.265310525894165	1334312.6422896865	8.908710479736328	1336674.771867054	16.421735286712646	1341937.3983089786	16.60410785675049	1335032.9276207315	12.306534767150879	1334363.073065939	11.50965929031372	1336291.466787547	11.13880205154419	1341078.549722517	
9.543375968933105	1340546.289349774	16.37762451171875	1340310.3912959946	15.936810493469238	1340344.3219006965	10.280330896377563	1334295.375070405	8.922319889068604	1336645.1921624846	16.457563877105713	1341948.8377628399	16.629416465759277	1335026.9533926535	12.323329448699951	1334398.6378845416	11.524286031723022	1336291.8549287233	11.156314134597778	1341065.921371268	
9.558167219161987	1340525.21323645	16.40365505218506	1340309.5847222402	15.960333347320557	1340406.9620507273	10.295841693878174	1334291.1319837703	8.936334609985352	1336639.0607970047	16.494958877563477	1342101.5365527568	16.656946659088135	1334994.1248493667	12.341944217681885	1334419.3950513694	11.5377938747406	1336277.8681848252	11.177333116531372	1341093.239964994	
9.572126626968384	1340901.7065967077	16.42842149734497	1340316.4308568183	15.98517394065857	1340398.9779268021	10.308879852294922	1334298.0670831657	8.949524402618408	1336649.0653041804	16.52977752685547	1342000.3685327917	16.682843923568726	1335020.9720842429	12.36362886428833	1334420.20214614	11.552865266799927	1336288.271331651	11.197350025177002	1341109.7800601819	
9.585635423660278	1340894.9163861505	16.452553272247314	1340325.339403014	16.01069402694702	1340409.6837921313	10.324897289276123	1334313.319159733	8.962198495864868	1336661.8730156373	16.56471824645996	1342005.1961160435	16.7071213722229	1335130.8064041284	12.386638164520264	1334403.7834133497	11.565091371536255	1336421.17199337	11.217363834381104	1341088.4187848228	
9.598296880722046	1340921.319363021	16.478578805923462	1340481.0845401736	16.036218881607056	1340428.9962785463	10.33840298652649	1334306.5598829153	8.975575923919678	1336710.3649978887	16.60200333595276	1342005.4678674098	16.72730541229248	1335091.3713198605	12.412657976150513	1334397.557847332	11.579315185546875	1336445.5812691925	11.237110376358032	1341082.7282983828	
9.611803770065308	1340617.4583630865	16.503623723983765	1340215.5745649082	16.059744119644165	1340402.1400597845	10.353420972824097	1334845.3077580445	8.9891197681427	1336732.782205811	16.63841986656189	1341983.4150323092	16.75352931022644	1335078.5256563304	12.431667804718018	1334407.4023541564	11.594325065612793	1336426.405205325	11.253123998641968	1341081.2955483245	
9.625310182571411	1340631.1113976422	16.52778720855713	1340214.0749099664	16.089289665222168	1340406.226706606	10.366926193237305	1334846.1754245106	9.003894090652466	1336708.3905615439	16.67687225341797	1342070.2261415978	16.775230884552002	1335074.1615249752	12.449903726577759	1334408.363998392	11.610831260681152	1336401.0338237658	11.272137641906738	1341087.988237369	
9.639328241348267	1340598.705482359	16.55263924598694	1340371.2400148425	16.11622405052185	1340475.7820572793	10.380942106246948	1334818.8075815325	9.016664266586304	1336710.9375311069	16.712565422058105	1342076.968285702	16.79824995994568	1334993.0200786837	12.470915794372559	1334410.4854529693	11.623048543930054	1336405.9605637905	11.291553258895874	1341088.4335232181	
9.653341054916382	1340547.0774037545	16.577534198760986	1340408.8619595768	16.1429340839386	1340489.983311909	10.39444899559021	1334827.392944607	9.032121181488037	1336712.7055620137	16.748144149780273	1342080.5207623325	16.82027292251587	1335101.569421982	12.492929697036743	1334420.7025114382	11.637059211730957	1336463.8967882232	11.309572219848633	1341075.6180910056	
9.665849685668945	1340558.9035346552	16.603790044784546	1340378.531724098	16.169753789901733	1340700.0496028005	10.412095069885254	1334835.457311185	9.044841289520264	1336757.19552571	16.79120421409607	1342033.8770432856	16.84437870979309	1336136.7492438562	12.514442205429077	1334413.9254476645	11.651563167572021	1337392.8607949428	11.32707953453064	1341118.5906395344	
9.679865837097168	1340563.0208726265	16.628978967666626	1341346.5513900353	16.193767786026	1340818.407242222	10.425602197647095	1334825.2651143342	9.057169437408447	1336705.1091619604	16.838810205459595	1342037.1655953974	16.86835789680481	1336157.4277290823	12.534713506698608	1334393.7506058726	11.664890766143799	1337401.2796201564	11.346033573150635	1341124.5054398377	
9.693874835968018	1340532.691386054	16.655584812164307	1341334.1643793914	16.22532629966736	1340762.3033214426	10.440618753433228	1334865.7578450062	9.073034286499023	1336738.6317969088	16.884489059448242	1342031.8220524404	16.891823053359985	1336160.8206905487	12.552924394607544	1335352.2960158042	11.679303646087646	1337500.5688696608	11.367177724838257	1341127.2015093898	
9.708617448806763	1340571.2052717127	16.68354344367981	1341336.151708326	16.246353149414062	1340775.2102548182	10.454652786254883	1334875.7587403324	9.086659908294678	1336777.5099423996	16.929378747940063	1341954.3215846922	16.912646532058716	1336165.6634071239	12.566431999206543	1335364.533585149	11.693980693817139	1337501.3746904447	11.387193441390991	1341540.541047908	
9.722131967544556	1340580.6599694956	16.707871913909912	1341337.5268202762	16.276967525482178	1340768.5415329766	10.468850135803223	1335227.4462087597	9.101086616516113	1336781.180110002	16.976045608520508	1341917.9597965768	16.937163591384888	1336149.641252266	12.581441164016724	1335381.565133408	11.708489894866943	1337468.0231722887	11.407214403152466	1341542.8339573846	
9.735636949539185	1340574.3786716475	16.734981536865234	1341544.3618288701	16.30222797393799	1340771.5593216063	10.481866121292114	1335253.9018388113	9.11552619934082	1336910.3438814727	17.011039972305298	1341922.6701233473	16.958860397338867	1336131.1354730197	12.594919681549072	1335383.167294919	11.723991632461548	1337432.3016279037	11.426744222640991	1341427.4231823122	
9.752158880233765	1340563.4221582948	16.757648944854736	1341544.7413484822	16.32874631881714	1340768.1699348118	10.497374057769775	1335321.8922149574	9.130320310592651	1336951.6344634981	17.052441120147705	1341932.0500651135	16.982938051223755	1336162.919648425	12.610437631607056	1335395.5421750946	11.736910104751587	1337430.138457343	11.44594407081604	1341207.783674909	
9.766329288482666	1340571.681591234	16.786876916885376	1341500.0240329122	16.35532021522522	1340752.8047743938	10.51138973236084	1334893.7818595672	9.144020795822144	1336993.1018323277	17.08966898918152	1341928.1955505097	17.005956172943115	1336201.6680183017	12.624939918518066	1335140.8496569453	11.74941372871399	1337401.7713101902	11.464961528778076	1341155.8384969414	
9.781967878341675	1340567.088192219	16.811864614486694	1341472.404794613	16.38529133796692	1340758.1502916943	10.524904489517212	1334891.3354961378	9.158404350280762	1336995.641997765	17.126424551010132	1341974.530392557	17.03185796737671	1336206.145297889	12.638447999954224	1335147.9031320303	11.764433145523071	1337449.5801456445	11.485212087631226	1341193.4884393204	
9.795474529266357	1340572.0413890197	16.844019651412964	1341455.6501214928	16.41003155708313	1340757.6861993428	10.538398265838623	1334912.2105242303	9.174783945083618	1336990.554164872	17.16065788269043	1341948.3304725743	17.060069799423218	1336206.7431980025	12.652538537979126	1335242.033122875	11.779656171798706	1337471.4497337088	11.503230571746826	1341186.813652664	
9.808490753173828	1340572.9660579357	16.87188458442688	1341427.9525540727	16.435542821884155	1340569.5111528519	10.559917211532593	1334370.7581724913	9.18844723701477	1336987.8226465278	17.194393157958984	1342283.967633774	17.08259892463684	1335772.2305991687	12.666044235229492	1335250.5950249662	11.793161153793335	1337489.1738869972	11.523245334625244	1341175.776553318	
9.821999788284302	1340590.163639198	16.899401664733887	1341433.5285996464	16.459253549575806	1340570.3531860923	10.57992959022522	1334256.951021856	9.204683780670166	1336971.3638441	17.234646558761597	1342275.2583840806	17.106126070022583	1335770.0096922412	12.681056499481201	1335252.2382763305	11.808170795440674	1337500.7317886609	11.542768955230713	1341351.3650763403	
9.835505247116089	1340562.2842064148	16.92591619491577	1341463.3790756841	16.484264850616455	1340570.1543187364	10.594442129135132	1333727.1124699896	9.21890115737915	1336981.3158010182	17.270410537719727	1342297.8271336318	17.129647493362427	1335796.5492490607	12.694560527801514	1335640.2968827167	11.825181007385254	1337574.2412303216	11.561787605285645	1341346.8856029692	
9.851440191268921	1340562.7050105531	16.95598340034485	1341473.3659475846	16.509727478027344	1340574.83560817	10.608372688293457	1333746.4080794118	9.233023166656494	1336981.4143757937	17.30532193183899	1342295.9637526593	17.154174089431763	1336180.975858267	12.708571434020996	1335596.1777492054	11.838016510009766	1337599.0281793687	11.58080244064331	1341355.2884821265	
9.864943981170654	1340572.6858513786	16.978787899017334	1341471.9941326056	16.540244102478027	1340581.1137865388	10.624386310577393	1333746.267175987	9.249421834945679	1336971.0708971636	17.34179925918579	1342296.253767751	17.177186965942383	1335769.0926515695	12.723085880279541	1335587.667418523	11.852322340011597	1338166.5516776587	11.598812103271484	1341331.6119324963	
9.878953695297241	1340573.5785611402	17.008733987808228	1340556.6790986832	16.56861662864685	1340582.6506295688	10.636897802352905	1333752.7744686622	9.26399302482605	1336954.3901992592	17.378053188323975	1342279.6033190484	17.201714515686035	1335664.8872337332	12.734317302703857	1335567.8898736697	11.867197036743164	1338181.2203319054	11.617327690124512	1341435.7861417357	
9.893967628479004	1340566.7586420998	17.033648252487183	1340563.173913773	16.602293729782104	1340677.3121715332	10.651925802230835	1333746.1814711636	9.278408527374268	1337260.4852669693	17.414918422698975	1342260.9675417119	17.22748851776123	1337112.2616380372	12.750163555145264	1335573.225797796	11.882925510406494	1338180.8029617753	11.635361909866333	1341436.8797776937	
9.907669305801392	1340576.911890624	17.058167219161987	1340572.691489275	16.62680745124817	1340701.5502442343	10.665432214736938	1333645.9130296581	9.291722774505615	1337266.1240250897	17.45252275466919	1342254.737155352	17.249439477920532	1337039.2078953728	12.763864278793335	1335586.8434456997	11.898138284683228	1338181.4803138725	11.655672073364258	1341442.257757058	
9.921184301376343	1340574.0196850165	17.08537220954895	1340578.8712222858	16.657851934432983	1340697.7373716373	10.681454181671143	1333643.0359675318	9.306776285171509	1337316.7756930508	17.490097761154175	1342254.770604289	17.27496886253357	1337390.0615888454	12.777369737625122	1335593.4121147876	11.912177324295044	1338181.5166500972	11.674534559249878	1341446.0578798712	
9.935221910476685	1340574.473273485	17.112558126449585	1340589.6044463417	16.681875705718994	1340690.640142605	10.69696307182312	1333644.701667898	9.322588443756104	1337320.83056131	17.526235103607178	1342253.299713302	17.298686742782593	1337403.3695156993	12.791380405426025	1335586.3161567894	11.926187515258789	1338177.9699658782	11.691667079925537	1341441.2533462606	
9.948745727539062	1340544.5868636358	17.142595052719116	1340619.11694087	16.707681894302368	1340681.4706770605	10.71150541305542	1333885.9537005085	9.336282968521118	1337351.094110636	17.56233549118042	1342252.7423088816	17.32001495361328	1337419.4714066328	12.80538821220398	1335609.8668192152	11.941510438919067	1338215.9719137903	11.710681438446045	1341433.5989709399	
9.964072465896606	1340597.283473797	17.17251992225647	1340545.8678366581	16.735719919204712	1340692.4326865668	10.726399183273315	1333898.697471236	9.34885573387146	1337368.1141399802	17.595423460006714	1342277.915772911	17.34553551673889	1337431.2418871361	12.81839632987976	1335609.0616422757	11.95552110671997	1338276.006926936	11.731695413589478	1341516.890556379	
9.979390144348145	1340567.0297382968	17.205540895462036	1340562.3388908338	16.761059999465942	1340693.0051792595	10.740077257156372	1333848.2163191494	9.363505363464355	1337362.4517899817	17.63150954246521	1342372.4899314498	17.37151837348938	1337465.6342854856	12.832905054092407	1335595.25856651	11.969583511352539	1338280.7008750902	11.749223470687866	1341511.879345727	
9.996286153793335	1340596.3026650953	17.23080587387085	1340575.2143228513	16.792569398880005	1340698.559803438	10.753586769104004	1333850.4781180264	9.378369092941284	1337816.038273486	17.656815767288208	1342394.5730219425	17.392040014266968	1337476.147975378	12.847025394439697	1335593.4364965314	11.984201908111572	1338297.8724634752	11.762731313705444	1341503.9073530366	
10.012145042419434	1340595.7086653907	17.260868072509766	1340569.5245223583	16.822314977645874	1340709.418770084	10.768164873123169	1333856.8457063243	9.392290353775024	1337824.5639385965	17.683237552642822	1342405.5366548027	17.415599584579468	1337478.4730946822	12.861402750015259	1335590.7270999337	11.998709917068481	1338261.4329091506	11.77874207496643	1341506.8576305339	
10.02465033531189	1340596.644738864	17.287554025650024	1340568.900942512	16.848875999450684	1340844.1816835888	10.783600330352783	1333892.9471197631	9.406486988067627	1337848.9281588222	17.708757877349854	1342422.8184163957	17.438349723815918	1337395.1619161826	12.876765727996826	1335596.6810554669	12.01421570777893	1338259.0708807101	11.794252395629883	1341521.3222090066	
10.037662982940674	1340622.382928117	17.311582565307617	1340568.9141449092	16.875401258468628	1340605.1461533366	10.79861569404602	1333901.228020437	9.42197561264038	1337846.3218530898	17.73324704170227	1342325.8578716246	17.469878435134888	1337360.3591866964	12.890655279159546	1335574.0128904586	12.027226209640503	1338309.1609873278	11.812267780303955	1341541.2819455555	
10.053117513656616	1340627.4192391944	17.339592456817627	1340559.4311694896	16.900853633880615	1340569.2555984834	10.812644004821777	1333919.541102076	9.436766147613525	1337838.649160224	17.75793695449829	1342335.1552110717	17.493913173675537	1337360.1839798233	12.905685901641846	1335567.7468294234	12.040732622146606	1337762.2150515576	11.82879090309143	1341561.707321238	
10.068129777908325	1340605.7106908176	17.364299774169922	1340569.950113488	16.926056623458862	1340912.5754596756	10.82814884185791	1333922.3472492741	9.452810049057007	1337829.3896717732	17.781779766082764	1342333.020564885	17.51959228515625	1337363.5285358138	12.921204805374146	1335556.9294500302	12.056748151779175	1337706.945517961	11.843311071395874	1341405.5841143795	
10.084635734558105	1340616.3607983037	17.388309001922607	1340562.068537466	16.95138192176819	1340591.1761181592	10.843161344528198	1333945.591082991	9.465380668640137	1337847.9215822786	17.805166244506836	1342242.228688191	17.546119928359985	1337371.196055571	12.93544626235962	1335509.5566553937	12.070757865905762	1337708.869138934	11.86032485961914	1341482.0493301752	
10.100158214569092	1340619.8446205151	17.417917490005493	1340551.6041809416	16.97707438468933	1340615.4218683376	10.857679605484009	1333950.6346264498	9.481038808822632	1337940.3825898936	17.82923984527588	1342243.4425280232	17.569143056869507	1337350.9401503718	12.949626922607422	1335546.011686455	12.084861278533936	1337718.2831591307	11.87383484840393	1341487.4876928627	
10.114431619644165	1340620.3308314811	17.44465708732605	1340553.65566696	17.003594160079956	1340611.822139375	10.870458841323853	1333946.0221058922	9.495588779449463	1337953.0501194405	17.853143453598022	1341907.094969921	17.595662117004395	1337405.6872308543	12.963279724121094	1335548.8262834768	12.098367929458618	1337680.8736074013	11.889352798461914	1341541.9372039111	
10.129449605941772	1340606.916318331	17.469380378723145	1340545.788336348	17.028945446014404	1340577.8706616287	10.884963274002075	1333952.31601287	9.508952617645264	1337962.1175775253	17.87831401824951	1341920.1429066188	17.621836185455322	1337400.783919804	12.978288650512695	1335572.376064709	12.111872911453247	1337683.4768633626	11.905874013900757	1341547.3437793416	
10.144514322280884	1340712.2182286363	17.504929542541504	1340533.0366122038	17.055084705352783	1340583.14689972	10.89847183227539	1333942.8874065464	9.521682024002075	1337965.0498501821	17.9019832611084	1341915.6257634603	17.645403385162354	1337418.9085486676	12.993518829345703	1335584.5678774016	12.130881309509277	1337705.7157933312	11.921909093856812	1341058.0220754265	
10.15853476524353	1340613.1892747674	17.53445816040039	1340524.940487821	17.08911943435669	1340594.712165052	10.9114830493927	1333935.0900256755	9.536924123764038	1337182.5752451054	17.928606748580933	1341933.135651774	17.668147087097168	1337494.5393016813	13.008533477783203	1335569.0545417508	12.14889645576477	1337705.7400558565	11.937172651290894	1341055.8848938516	
10.171271324157715	1340623.0716601794	17.561216115951538	1340501.209191953	17.11363935470581	1340603.5543615168	10.92398977279663	1334081.610740663	9.550646781921387	1337173.226140812	17.953160047531128	1341937.0424558667	17.69332790374756	1337503.8824143733	13.024554967880249	1335523.9844059194	12.16757583618164	1337684.5960438033	11.954246520996094	1340902.9523304778	
10.18477487564087	1340639.318847301	17.58822727203369	1340509.0414396005	17.137165546417236	1340604.5849214285	10.93749213218689	1334081.8845002959	9.563976049423218	1337181.2542597419	17.977515697479248	1341930.5742585894	17.717350721359253	1337511.3904434969	13.03934121131897	1335516.8118977714	12.186586856842041	1337686.5765295255	11.969259977340698	1340899.7601426502	
10.19873857498169	1340621.6886929013	17.622983932495117	1340506.949059125	17.16720747947693	1340615.5573244505	10.951505899429321	1334114.4449490197	9.57916259765625	1337941.981854972	17.99946093559265	1341935.7492143284	17.73995852470398	1337518.8118711424	13.05402421951294	1335545.9649648569	12.209606409072876	1338037.5367218407	11.984770774841309	1340919.067620734	
10.211264371871948	1340661.6834432893	17.650677919387817	1340493.686218812	17.190956830978394	1340073.303423098	10.966013193130493	1334225.0811385307	9.592448949813843	1337942.326005274	18.02354335784912	1341930.1210082886	17.771615505218506	1337821.5496420686	13.069037199020386	1335544.7704209145	12.227626085281372	1337722.2776421444	11.999796152114868	1340890.9041759702	
10.22575068473816	1340686.3135638612	17.671770811080933	1340497.418810286	17.21397876739502	1340084.2009113957	10.982032775878906	1334248.8908127276	9.607168912887573	1337931.316640224	18.049434423446655	1341934.472830575	17.793424129486084	1337819.3300655098	13.083211660385132	1335555.3275157933	12.247634649276733	1337768.2773202062	12.01630449295044	1340880.710536461	
10.238762855529785	1340663.9886803916	17.69569706916809	1340514.8241178093	17.239508152008057	1340069.2990614714	10.99553894996643	1334266.058146344	9.62099003791809	1337941.693552728	18.076424598693848	1341927.837733274	17.820300340652466	1337833.8128320412	13.098777532577515	1335590.789022318	12.267148733139038	1338305.8624524614	12.031544923782349	1340931.591460381	
10.251773118972778	1340673.4009071193	17.724042415618896	1340508.9201452103	17.264044284820557	1340686.485356033	11.008756875991821	1334362.4982187212	9.63536548614502	1337978.3926930674	18.10186743736267	1341910.2226891348	17.847342014312744	1337851.5560586408	13.112393856048584	1335588.847320353	12.28966474533081	1338259.0934035722	12.046564102172852	1340962.1008295338	
10.267785787582397	1341062.6081456398	17.748030424118042	1340511.6665264247	17.288150548934937	1340692.6228195073	11.023777961730957	1333978.6166539406	9.648385524749756	1337979.0023841714	18.125715970993042	1341931.7044466713	17.87186336517334	1337813.2130486548	13.126012086868286	1335590.3440598117	12.311857223510742	1338283.7832401486	12.060915470123291	1340406.048828493	
10.282868146896362	1341120.0159568274	17.772948503494263	1340506.6165260987	17.31839370727539	1340680.6566733192	11.039284944534302	1333846.3479681755	9.66361403465271	1337945.1412070869	18.147905588150024	1341928.5741898788	17.896486043930054	1337843.2408140176	13.139192342758179	1335591.6678283615	12.33186674118042	1338305.0826911742	12.07342004776001	1340403.721680344	
10.297384977340698	1341114.8352564068	17.798575401306152	1340493.8425658776	17.343971967697144	1340666.3538017964	11.054808616638184	1334409.0212428982	9.677124500274658	1337852.0601608758	18.1733660697937	1341938.4814620074	17.917466402053833	1337853.6437645406	13.153965473175049	1335588.9116590444	12.350875854492188	1338316.5849932902	12.08743929862976	1340394.6282042768	
10.308757781982422	1341107.3936643242	17.82575511932373	1340497.3161030079	17.36514711380005	1340641.8144832354	11.070011615753174	1334324.2726104492	9.691645860671997	1337833.0364588385	18.194618225097656	1341939.3038339315	17.941017150878906	1337845.2897080185	13.168983459472656	1335511.6348836515	12.367557048797607	1338401.4920579407	12.100797414779663	1340403.4111658735	
10.32126259803772	1341110.9845942387	17.85373592376709	1340487.3331763376	17.393990993499756	1340275.1583244014	11.085023880004883	1334436.4312593602	9.70661187171936	1337790.5686461003	18.21807861328125	1341979.5424588697	17.967132568359375	1337800.9099266818	13.183491468429565	1335426.9895003417	12.382790803909302	1338427.587884555	12.115803956985474	1340381.1604995644	
10.334769248962402	1341119.5295644284	17.877674341201782	1340506.0424153446	17.41952133178711	1340311.729981034	11.100036859512329	1334443.7345553883	9.72106385231018	1337799.173461744	18.24070954322815	1341954.5176157753	17.993669271469116	1337823.470921724	13.198505878448486	1335428.1856453572	12.397799968719482	1338404.0657445656	12.129817485809326	1340375.9979200135	
10.351125240325928	1341132.8818868478	17.901915073394775	1340510.0302304353	17.44154119491577	1339677.4798352318	11.112547159194946	1334410.9074645503	9.735259294509888	1337816.0848903754	18.265738487243652	1341904.8255367253	18.02061367034912	1337868.624505017	13.212518453598022	1335440.3965594892	12.412304162979126	1338396.3395969113	12.144834280014038	1340345.1308216285	
10.36513638496399	1341136.619184339	17.924615621566772	1340517.7470144688	17.463096380233765	1339694.2537886642	11.127055883407593	1334406.28708245	9.748422145843506	1337854.432478616	18.29075527191162	1342082.1192445592	18.04451322555542	1337872.0646727202	13.227025508880615	1335391.926272715	12.428314924240112	1338414.1880796927	12.158389568328857	1340309.723400985	
10.37788724899292	1341123.2949247255	17.94726061820984	1340479.0415501427	17.489198923110962	1339694.24431843	11.143071174621582	1333794.8608901312	9.762932777404785	1337886.6063487479	18.314688682556152	1342030.8595114972	18.06853747367859	1337885.2051093315	13.241033792495728	1335462.6486826313	12.442819118499756	1338475.9589741004	12.172405242919922	1340317.8693976023	
10.395395755767822	1341105.8368318593	17.97050189971924	1339992.431262603	17.5115647315979	1340203.976905923	11.156577348709106	1333780.6351004338	9.77845311164856	1337893.2547001776	18.33839201927185	1342054.5441154176	18.093085050582886	1337814.609843376	13.256726503372192	1335435.8140848775	12.456827640533447	1338501.9482260554	12.186113595962524	1340349.364870404	
10.409066200256348	1341071.379947932	17.99672222137451	1339947.4502202687	17.53805899620056	1340204.9746856275	11.169082641601562	1333704.2931447583	9.792961597442627	1337918.0788409312	18.36242961883545	1342015.4537225734	18.11629319190979	1337812.2301179327	13.27173638343811	1335432.9880972395	12.46983790397644	1338265.7874649316	12.1986243724823	1340390.12222724	
10.423574209213257	1341031.887647942	18.02444052696228	1340083.5200450136	17.559587717056274	1340189.9233180874	11.183597087860107	1333930.5202220767	9.808975458145142	1337913.3430769958	18.387775659561157	1342062.943521262	18.13835859298706	1337816.9264044205	13.286246061325073	1335395.2818979144	12.48285722732544	1338270.7284943797	12.210636854171753	1340390.9976552587	
10.43708848953247	1341098.6442083588	18.050869703292847	1340075.1616472322	17.585259675979614	1340150.6096814321	11.198609828948975	1333941.8229649249	9.826482772827148	1337929.45035922	18.411800622940063	1342055.2372570885	18.164626121520996	1337869.6779666108	13.301762580871582	1335456.3720644542	12.498369693756104	1338267.8748660628	12.224650621414185	1340311.7862472455	
10.450456142425537	1341071.6985848958	18.074861764907837	1339925.9232644944	17.61366891860962	1340142.2515916317	11.212330102920532	1333941.4779773322	9.841500759124756	1337144.267926237	18.436319589614868	1342055.4089225407	18.188647747039795	1337883.3455911796	13.316269397735596	1335478.8456094463	12.512877464294434	1338248.5535421686	12.236876487731934	1340292.9172656971	
10.463962316513062	1341069.81940197	18.098246097564697	1339944.3598660752	17.638185739517212	1340149.7507976352	11.226837396621704	1333945.8101675687	9.858020305633545	1337111.8873179776	18.462334632873535	1342061.212684684	18.220683097839355	1337889.4067628104	13.331782579421997	1335538.1775457761	12.526341676712036	1338258.1581202603	12.249890804290771	1340273.0728092084	
10.478980779647827	1341072.8477802824	18.119255542755127	1339946.90374972	17.662303924560547	1340177.2409781143	11.239847183227539	1333961.2554709837	9.87427306175232	1337110.673647962	18.486040830612183	1342045.4376752172	18.245324850082397	1337880.7717673336	13.346521615982056	1335539.7352761165	12.540664434432983	1338238.0631065154	12.26339864730835	1340283.919261015	
10.492708683013916	1341071.1769050965	18.143771648406982	1339940.38457948	17.685322523117065	1340188.3179822913	11.255065441131592	1333865.6643370092	9.888912439346313	1337138.6716104338	18.511762380599976	1342066.1241023515	18.272858142852783	1338760.6047501834	13.361032485961914	1335538.996413657	12.55448317527771	1338315.292821863	12.276905536651611	1340282.7651388007	
10.50622010231018	1341079.9254486011	18.176048278808594	1339970.8974117376	17.70923399925232	1340187.6832969312	11.268343687057495	1333901.2787557892	9.905418157577515	1337146.9980047634	18.539292097091675	1342090.5143780448	18.296382427215576	1338762.4787677773	13.375540256500244	1335535.0434698358	12.568408250808716	1338318.8315090544	12.29042911529541	1340301.4814671075	
10.520240306854248	1340992.093755843	18.205084562301636	1340019.999405935	17.732253551483154	1340181.2860433029	11.283353805541992	1333403.1528225811	9.92243766784668	1337134.971572788	18.565852403640747	1342089.3102575738	18.32263207435608	1338728.2893433785	13.39054822921753	1335589.8437310888	12.582204341888428	1338271.375567854	12.303756952285767	1340832.2440399204	
10.533745050430298	1341008.2306293913	18.228115797042847	1340483.8042124773	17.754275798797607	1340286.8925039556	11.299365520477295	1333415.8586005673	9.939653873443604	1337156.1343181583	18.591609239578247	1342101.1064349452	18.34390664100647	1338725.676795892	13.404560089111328	1335530.3306922521	12.595213651657104	1338285.7319611975	12.319776058197021	1340295.1107435771	
10.545760154724121	1341000.3180018384	18.254642963409424	1340511.6593504462	17.782596349716187	1340272.7909615932	11.312377452850342	1333362.4899099886	9.956166982650757	1337154.5904830778	18.61717176437378	1342145.2083370925	18.37545871734619	1338724.1050925718	13.420568943023682	1335553.6225675407	12.607728481292725	1338289.786368905	12.333801746368408	1340295.2395313685	
10.559277534484863	1340980.1358441687	18.277652263641357	1340536.4886646103	17.805125951766968	1340127.242976761	11.32588267326355	1333338.6657119724	9.971187353134155	1337172.6758446675	18.64763116836548	1342148.0364733895	18.399474620819092	1338694.621418951	13.435078620910645	1335547.678813486	12.622901678085327	1338282.0949630179	12.346827268600464	1340291.5673377356	
10.575045108795166	1340983.0689469303	18.3012638092041	1340534.65254861	17.832138061523438	1340122.637369854	11.341897249221802	1333344.6686257946	9.986262559890747	1337190.6786745265	18.680268049240112	1342067.833095331	18.42251753807068	1338739.1860147456	13.450093030929565	1335557.4731006802	12.63955307006836	1338291.9462839018	12.360844135284424	1340257.7966329246	
10.587558269500732	1340947.967586713	18.323094129562378	1340525.8243772734	17.855862379074097	1340172.3274113247	11.356405019760132	1333163.7903775987	10.00027871131897	1337190.6784668239	18.70861577987671	1342071.9666812571	18.44598126411438	1338752.205137976	13.46335768699646	1335563.4549745282	12.654058456420898	1338236.629521579	12.373354434967041	1340261.628049049	
10.601109266281128	1341097.9835053221	18.34768009185791	1340535.5648118372	17.878382205963135	1340140.98854795	11.370421409606934	1333174.6225819103	10.014786958694458	1338271.0842768727	18.73949646949768	1342063.3994472434	18.47000241279602	1338795.06845649	13.479373216629028	1335531.243509942	12.669078350067139	1338223.480158804	12.388375997543335	1340261.8899014345	
10.615184545516968	1341076.6208796613	18.37089252471924	1340531.7488006933	17.904303550720215	1340140.5913457547	11.386929988861084	1333187.511405202	10.029807329177856	1338261.1023117679	18.766674280166626	1342057.4935743278	18.496758937835693	1338762.8073979823	13.493881225585938	1335516.075359462	12.683315992355347	1338228.2103673883	12.39989948272705	1340274.3182963117	
10.62919282913208	1341049.6604178501	18.39290714263916	1340554.1786862232	17.92735981941223	1340160.1186232814	11.401111364364624	1333233.442594074	10.045312881469727	1338263.4831633398	18.796635389328003	1342029.027007681	18.52212405204773	1338752.134032157	13.510396242141724	1335538.1657621812	12.697326421737671	1338226.522170164	12.415412425994873	1340245.7928944365	
10.642680644989014	1341083.71905593	18.417425632476807	1340576.453628236	17.950388193130493	1340160.1520786416	11.41566276550293	1333265.4817092605	10.059837341308594	1338065.5712792394	18.826386213302612	1342021.8358935788	18.54470992088318	1338759.4826176742	13.526407718658447	1335544.522048514	12.710835695266724	1338241.9820216848	12.428930044174194	1340454.8378184072	
10.655696868896484	1341304.9596201645	18.443184852600098	1340589.9950579708	17.973926067352295	1340141.8331273922	11.43077540397644	1333265.1892159793	10.074098110198975	1338076.7039045678	18.852595567703247	1342011.2724834178	18.570478677749634	1338774.6040865767	13.539625644683838	1335556.0550795805	12.724844694137573	1338263.3187589082	12.443946599960327	1340178.1594013392	
10.667710065841675	1341317.7542570357	18.469074964523315	1340411.7416308483	17.999449014663696	1340163.478577167	11.44527006149292	1333305.9225631915	10.089701890945435	1338079.8224680673	18.882158994674683	1342072.8684207196	18.596081972122192	1338825.2165290364	13.555139541625977	1335531.0344884496	12.738352537155151	1338217.9377861654	12.45895767211914	1340224.5956895687	
10.683221340179443	1341331.1443774677	18.495589017868042	1340408.6495238417	18.023460626602173	1340157.5340266286	11.461149215698242	1333382.910285647	10.104207515716553	1338055.4484260506	18.91360092163086	1342062.1637015727	18.625130653381348	1338793.0027488614	13.56915283203125	1335545.0209568748	12.756182432174683	1338220.815410171	12.472469806671143	1340224.4910568043	
10.69740605354309	1341344.4135211173	18.526756286621094	1340409.0323237553	18.047544240951538	1340157.1520511815	11.474703073501587	1333382.7857372644	10.118216037750244	1338083.383704725	18.941553831100464	1342068.6505231136	18.647880792617798	1338743.3579921145	13.58365774154663	1335544.9036480705	12.77872896194458	1338205.0692758819	12.487248659133911	1340265.5201625233	
10.710917949676514	1341347.2184485255	18.548891067504883	1340417.729727188	18.073031187057495	1340163.0537529688	11.490212678909302	1333367.5505159425	10.133228063583374	1338070.945084096	18.971010446548462	1342090.864539405	18.673832893371582	1338743.3545630951	13.59866714477539	1335523.5082241506	12.800673246383667	1338209.1032462178	12.501267194747925	1340281.4430563513	
10.724422216415405	1341346.5333795073	18.573001384735107	1340408.839715135	18.09980797767639	1340166.916726852	11.503732681274414	1333333.8449555493	10.151036739349365	1338819.178184995	18.998701333999634	1342122.155171531	18.69779634475708	1338781.5518645633	13.612216711044312	1335535.0933762337	12.824100494384766	1338192.5741174507	12.516775369644165	1340302.7589220053	
10.73843765258789	1341370.517314752	18.606684923171997	1340360.6216919078	18.122108459472656	1340180.4539064257	11.518000841140747	1333335.2669239242	10.163545608520508	1338818.0114777763	19.031224012374878	1342112.1437809241	18.722819805145264	1338770.4032755822	13.628221988677979	1335705.4161017442	12.85116696357727	1338271.1693493538	12.530788660049438	1340311.7936539925	
10.751453638076782	1341448.6363067704	18.631539821624756	1340394.5607746337	18.146557092666626	1340157.151862847	11.53201174736023	1333338.9723125512	10.17807149887085	1338774.871015704	19.061259984970093	1342113.453262044	18.74333953857422	1338778.8814493404	13.6427321434021	1336125.8950125377	12.873196840286255	1338260.3078648176	12.544800996780396	1340325.0262903443	
10.765965223312378	1341527.8424518418	18.655317306518555	1340402.4639266385	18.172337293624878	1340109.6830142667	11.54652190208435	1333343.60125015	10.191581964492798	1338783.3784836067	19.085789918899536	1342143.1232131526	18.766359090805054	1338759.6233085196	13.656238555908203	1336130.7149919474	12.895444631576538	1337712.9854490652	12.558817386627197	1340327.0925021055	
10.779022693634033	1341460.0406859363	18.679331302642822	1340361.7019247075	18.195868015289307	1340107.5599635474	11.561533689498901	1333346.0033296996	10.20809030532837	1338753.0512688416	19.11348867416382	1342129.867098462	18.78920865058899	1338768.3820522781	13.671993732452393	1336152.1299269104	12.919135332107544	1337673.702457821	12.571326732635498	1340323.8883679253	
10.793020248413086	1341483.8441604632	18.70194959640503	1340358.8396101363	18.220436811447144	1340122.5446423565	11.576037168502808	1333357.9614520643	10.222681999206543	1338750.2674375542	19.138511419296265	1342136.6824647852	18.8133807182312	1338769.3352489267	13.686502933502197	1336156.8197415846	12.937146663665771	1337670.3931670527	12.58583378791809	1340334.9587060795	
10.806533098220825	1341416.6304861708	18.72645330429077	1340473.6205820863	18.244082927703857	1340092.0385539208	11.588544607162476	1333351.7915115561	10.23878812789917	1338738.0941313154	19.166563987731934	1342219.859240039	18.840749979019165	1338801.526656904	13.70001482963562	1336177.9897713868	12.958154916763306	1337677.111903721	12.59985613822937	1340326.2374631495	
10.820549249649048	1341419.5498248264	18.750971794128418	1340454.8328141714	18.268346786499023	1340101.432882095	11.60176134109497	1333354.818564217	10.254292249679565	1338737.064251034	19.19659972190857	1342221.6054190106	18.869277477264404	1338817.4904083926	13.714025259017944	1336096.778901552	12.983933210372925	1338215.0363581758	12.613367557525635	1340605.6759972558	
10.835073947906494	1341450.9719980527	18.774132013320923	1340459.0549347505	18.294512033462524	1340167.5643794173	11.616268396377563	1333366.7622419319	10.27230954170227	1338765.6054022969	19.227126598358154	1342219.8631676736	18.897324562072754	1338796.9362852203	13.727539777755737	1336093.6096690826	12.998018980026245	1338224.9828020872	12.626877069473267	1340627.6264520471	
10.846619367599487	1341446.215789683	18.796915292739868	1340448.1084997521	18.317179679870605	1340166.4983645116	11.62977409362793	1333426.6904101388	10.289856910705566	1338778.1683599383	19.25416851043701	1342213.4532499586	18.923107862472534	1338794.6178861745	13.740016460418701	1335692.3543234882	13.013088464736938	1337996.307493391	12.640596628189087	1340623.1501344086	
10.85964560508728	1341359.718260584	18.82294988632202	1340401.7350625044	18.34218978881836	1340183.7905174424	11.643784523010254	1333429.5059319884	10.304363012313843	1338775.5087347294	19.280189037322998	1342259.4565658616	18.948627710342407	1338824.0316797064	13.755201578140259	1335703.3848926502	13.026099681854248	1337997.237004961	12.654107809066772	1340640.263991368	
10.873154401779175	1341349.2732515563	18.847155809402466	1340336.3943568324	18.365926265716553	1340185.08626494	11.660120964050293	1333429.1668913846	10.323378086090088	1338779.7088686489	19.30621910095215	1342260.3404980004	18.98069405555725	1338851.0656011722	13.770720481872559	1335680.583403268	13.039042949676514	1337991.7798751518	12.668621301651001	1340636.0761662072	
10.885658740997314	1341353.3845278933	18.87090539932251	1340339.5770937803	18.389694690704346	1341159.5931691283	11.674875497817993	1333778.640386949	10.338717460632324	1339654.5642150994	19.331958055496216	1342261.9532324679	19.008204221725464	1338552.9511623925	13.786731243133545	1335679.8390106368	13.053536176681519	1337917.1148328285	12.680637836456299	1340638.8453128207	
10.898836374282837	1341391.3033302557	18.899571180343628	1340332.5926575174	18.41286277770996	1341162.453836153	11.688380241394043	1334103.2208236966	10.358225345611572	1338807.1101757344	19.359434127807617	1342251.9307894292	19.031444787979126	1338428.5422732513	13.803755044937134	1335626.079604156	13.066560745239258	1337932.7701077734	12.6955406665802	1340716.307886998	
10.913342714309692	1341101.2895187705	18.923099517822266	1340354.9197884768	18.440376043319702	1341074.2290605712	11.701902151107788	1333699.6742356133	10.374236583709717	1339024.6533453467	19.392286777496338	1342260.5454944442	19.057546615600586	1338435.3263261735	13.817260503768921	1335626.6822949261	13.080567121505737	1337909.2616473937	12.710553169250488	1340730.3596105664	
10.92545199394226	1341102.1694326862	18.94963049888611	1340345.9643046143	18.465577602386475	1341088.0129611278	11.71640944480896	1333701.6538679118	10.391875743865967	1339043.7892117808	19.420809507369995	1342262.5588398569	19.083077430725098	1338418.2768082146	13.832271099090576	1335976.309503526	13.094820022583008	1338023.967626698	12.726078271865845	1340470.1907928498	
10.9404616355896	1341169.104761738	18.978286504745483	1340348.8780949363	18.489591121673584	1341093.492965902	11.734426736831665	1333704.364698173	10.40738034248352	1339049.2937077766	19.448864936828613	1342260.4200114256	19.109692811965942	1338418.795398055	13.845776796340942	1335974.8777460915	13.110324382781982	1338018.3683631832	12.741601705551147	1340455.7787272548	
10.953474521636963	1341136.0233788253	19.00330376625061	1340342.8071295118	18.513021230697632	1341086.6556371204	11.747933864593506	1333700.2655850826	10.422393560409546	1339076.3431722438	19.480389833450317	1342211.9985801184	19.14238667488098	1338378.7627271095	13.860004901885986	1335998.2317812466	13.12453818321228	1338014.3446221345	12.755773305892944	1340477.1414952823	
10.966413021087646	1341164.8783734934	19.028815984725952	1340382.6719640072	18.538421869277954	1341085.069933967	11.762945413589478	1333667.7168544724	10.434901714324951	1339080.9194056313	19.512598752975464	1342212.7882802486	19.165425300598145	1338387.4496134834	13.874505758285522	1335785.8021829673	13.138046026229858	1338059.3752668041	12.770159482955933	1340511.281896177	
10.978514909744263	1341253.360136302	19.05273699760437	1340385.0874691636	18.56306505203247	1341093.6506326369	11.777449131011963	1333327.7859966333	10.44991159439087	1339068.9510714018	19.541125535964966	1342220.5627422137	19.191616535186768	1338416.3598524225	13.889524698257446	1335816.7113555502	13.15255069732666	1338060.7391368938	12.78468370437622	1340511.2996362678	
10.99193286895752	1341154.960210711	19.077245473861694	1340408.7886616455	18.587324857711792	1341094.2378536686	11.790465831756592	1333283.3089562673	10.462416410446167	1339077.8147701933	19.572171926498413	1342213.5941819553	19.21547293663025	1338423.3370337663	13.902539253234863	1335833.6095202018	13.165571689605713	1338089.8044050708	12.799713134765625	1340485.530317551	
11.006445169448853	1341193.7813190175	19.099786281585693	1340414.1572193322	18.63034152984619	1341075.073160776	11.806617259979248	1333337.4627719594	10.47464394569397	1339081.9366503593	19.598286628723145	1342173.8032065164	19.248756170272827	1338419.4872030711	13.916048526763916	1335843.2320886513	13.180817604064941	1338066.2262096389	12.81421709060669	1340546.1816220842	
11.019458532333374	1341194.4872966716	19.126319885253906	1340442.4562792755	18.655359506607056	1341102.7823724216	11.8221914768219	1333103.5793726954	10.488657712936401	1339046.1875999619	19.622109413146973	1342176.4008084522	19.272278547286987	1338434.6731351202	13.930176258087158	1335848.730051923	13.202831506729126	1337829.1251657458	12.8277268409729	1340503.9086903087	
11.031961917877197	1341259.3154624067	19.150882244110107	1340448.0527164226	18.681389570236206	1341075.0959920848	11.836696147918701	1333108.8245129134	10.503168106079102	1339049.26180224	19.6451473236084	1342175.5017647028	19.297712326049805	1338435.3628372038	13.943001508712769	1335846.2153433552	13.22066044807434	1337800.8278754773	12.843508958816528	1340490.7294728148	
11.044974088668823	1341263.0415245392	19.17327308654785	1340447.1160079483	18.706413745880127	1341051.2501025407	11.85201382637024	1333212.3259288762	10.515669107437134	1339050.4153713526	19.670325756072998	1342174.8911398277	19.320735692977905	1338437.9064435759	13.957011222839355	1335847.3639735687	13.239670753479004	1338097.5429927297	12.859521865844727	1340501.4149616766	
11.05899429321289	1341230.1559671068	19.200841665267944	1340447.7699017066	18.731083393096924	1341051.1618793975	11.865874528884888	1333213.4255700677	10.528192281723022	1339052.7829107144	19.69461965560913	1342097.3769124139	19.347359895706177	1338429.4201427742	13.972023725509644	1335821.4444915045	13.257368564605713	1338068.1152559319	12.874028444290161	1340502.3848059108	
11.072519779205322	1341249.5759550678	19.22786569595337	1340453.5094200156	18.7577486038208	1341533.5486096651	11.880334854125977	1333225.239143375	10.543515920639038	1339057.8705157165	19.720313787460327	1342152.8404157434	19.37252163887024	1338423.950716691	13.986527919769287	1335822.694394007	13.275298833847046	1338080.0601372065	12.888825178146362	1340503.7326705523	
11.087531328201294	1341199.4336460272	19.258033752441406	1340453.25069339	18.782511234283447	1341532.096501402	11.89535403251648	1333254.9133607594	10.55602216720581	1339076.3598524223	19.745346307754517	1342173.4923832768	19.40015697479248	1338416.347458473	14.003048658370972	1336873.449147477	13.289043188095093	1338081.227655663	12.907840490341187	1340413.5250391588	
11.101233005523682	1341202.1545616705	19.283558130264282	1340408.2141736248	18.80666732788086	1341528.6699248268	11.911568403244019	1333247.151972235	10.569035768508911	1339073.713518236	19.76712203025818	1342396.4610078135	19.426994562149048	1337562.8539402273	14.016555070877075	1336877.427130684	13.302057266235352	1338082.9306807464	12.921858310699463	1340426.1099775578	
11.11574101448059	1341215.6948102845	19.312598705291748	1340378.3226836422	18.831307411193848	1341522.0159255886	11.930179357528687	1333236.0984201261	10.583060264587402	1339049.9128600513	19.791344165802002	1342438.0946829799	19.45887064933777	1337574.690855373	14.033089399337769	1336866.3700463204	13.316532135009766	1338086.2547587878	12.936874151229858	1340447.5897152326	
11.129760265350342	1341222.7944511943	19.338620901107788	1340390.4210330641	18.856526136398315	1341545.7483292248	11.950392961502075	1333108.2530173112	10.598065853118896	1339052.001088794	19.816869258880615	1342429.2251144946	19.49191403388977	1337593.1830353055	14.05280613899231	1336875.7043429294	13.330928325653076	1338107.4755172478	12.951888084411621	1340442.2413806433	
11.143266201019287	1341224.535376986	19.364145278930664	1340377.0818285646	18.88155484199524	1341566.9081332923	11.96890115737915	1333078.9547162945	10.613574981689453	1339051.3568278728	19.8420672416687	1342440.605151692	19.521605730056763	1337583.717644319	14.073574542999268	1336982.6545750475	13.343944311141968	1338078.1176520677	12.967154026031494	1340432.9474108333	
11.157383441925049	1341150.28078233	19.388154983520508	1340381.61821452	18.903554677963257	1341545.7072180596	11.988695621490479	1333065.5297052294	10.627081871032715	1339040.45964169	19.869852542877197	1342355.4043781736	19.556867837905884	1337606.0974836862	14.089689254760742	1336964.101180402	13.358962059020996	1338036.4540406722	12.982677936553955	1340441.9706942367	
11.171595335006714	1341158.224157215	19.417208433151245	1340375.7213287505	18.9314284324646	1341501.668177548	12.008647680282593	1333522.3708053823	10.639097452163696	1339040.7424575952	19.893372297286987	1342355.540405512	19.587405920028687	1337581.1096780323	14.110555410385132	1336959.4338951386	13.372475862503052	1338184.217427074	12.996692419052124	1340442.230149937	
11.186102151870728	1341162.252843304	19.440768718719482	1340386.3775199654	18.95894479751587	1341484.9968535758	12.03118634223938	1333529.2018723518	10.653604984283447	1339153.6820863797	19.920900344848633	1342302.9414562304	19.6290545463562	1337620.071075427	14.127273321151733	1336969.8026560545	13.386483907699585	1338349.2599806522	13.01070499420166	1340443.829467079	
11.20056676864624	1341181.9749017959	19.468482971191406	1340387.787105154	18.981049060821533	1341496.550459153	12.051965951919556	1333457.5430402444	10.66711950302124	1339159.0982317687	19.94542169570923	1342301.9042582852	19.664016723632812	1337626.6204539323	14.144558429718018	1337601.4512839415	13.399988889694214	1338410.2669259035	13.026211261749268	1340445.5872687972	
11.22376561164856	1341183.522817709	19.499229669570923	1340478.7613254623	19.008521795272827	1341507.1394747042	12.075317859649658	1333465.2003275151	10.681298732757568	1339162.852019326	19.970441818237305	1342288.4239166253	19.705068826675415	1337569.9743824021	14.161572217941284	1337602.609967838	13.415996789932251	1338390.7014326504	13.04092001914978	1340710.3573101175	
11.238783121109009	1341185.733405724	19.52857756614685	1340416.6752610458	19.033543348312378	1341540.466876426	12.098836183547974	1333471.031453371	10.694807767868042	1339166.469018063	19.99821424484253	1342311.5874615272	19.74661684036255	1337541.854140969	14.18058443069458	1337605.3102921182	13.430527925491333	1338314.9049855722	13.056136131286621	1340402.314017571	
11.251794338226318	1341214.9730954778	19.556628465652466	1340459.9166147744	19.060274362564087	1341556.198085663	12.120764255523682	1334049.661513113	10.709819793701172	1339164.2700786106	20.020228385925293	1342334.2216621027	19.780324459075928	1337496.7508112746	14.200598239898682	1337534.3268941788	13.445188999176025	1338295.1305560651	13.06914734840393	1340684.492827233	
11.267806053161621	1341215.6102227345	19.588730335235596	1340463.1751580222	19.088956832885742	1341545.1440986283	12.140780210494995	1334039.5611348632	10.723328113555908	1339213.1949419284	20.045260667800903	1342344.9664215003	19.812500476837158	1337505.74446091	14.2211172580719	1337545.9105813247	13.459304332733154	1338292.1564213843	13.084160566329956	1340598.9663957343	
11.282318592071533	1341195.9843100419	19.619246244430542	1340504.0265834713	19.11572265625	1341700.6211102149	12.163796186447144	1334028.912608248	10.737927675247192	1339218.6450859855	20.069275379180908	1342291.4877378426	19.83927583694458	1337509.3325799573	14.23462200164795	1337561.5645974996	13.47405457496643	1338282.9916221672	13.100946187973022	1341285.8131623485	
11.297363758087158	1341202.4977738848	19.64703893661499	1340519.558082531	19.13953995704651	1341700.6313405596	12.185812950134277	1334034.0920165435	10.752376317977905	1339201.1599441534	20.0922908782959	1342303.178799541	19.875980854034424	1337509.1426382726	14.251387119293213	1337542.6591560983	13.488952159881592	1338273.8542914784	13.116457223892212	1341247.3241764368	
11.312652349472046	1341172.0884669884	19.678559064865112	1340503.1646700825	19.167296409606934	1341834.7783235235	12.205332279205322	1334042.2217910462	10.76587986946106	1339216.8759194778	20.11793279647827	1342260.7533825445	19.905256271362305	1337511.0613445237	14.267533302307129	1337558.3225650273	13.503958463668823	1338290.831165278	13.130470275878906	1341286.0008288745	
11.32559871673584	1341175.056767752	19.706592798233032	1340510.0633692387	19.192099571228027	1341872.5812754072	12.226057052612305	1334061.67190531	10.77942442893982	1339089.242316322	20.14194965362549	1342258.6611064966	19.937212467193604	1337728.8123522347	14.285545110702515	1337641.0402377457	13.518019914627075	1338292.97629334	13.145488500595093	1341303.7447773202	
11.33993649482727	1341185.9461465222	19.733582496643066	1340528.607844452	19.21614956855774	1342146.204675886	12.246077537536621	1334072.6709407174	10.79395604133606	1339074.138211116	20.166476726531982	1342250.1402486141	19.970741510391235	1337751.4554572254	14.305064678192139	1337649.3475304933	13.53126335144043	1337858.912214569	13.161508083343506	1341293.9959713158	
11.353358268737793	1341186.8142512648	19.759588718414307	1340523.1755810524	19.246705293655396	1342036.8395030324	12.26674771308899	1334247.1906367678	10.809975862503052	1339075.5763782472	20.187785148620605	1342227.9564113936	20.00483798980713	1337756.181232315	14.323081016540527	1337662.2589770244	13.546597480773926	1337909.8067231071	13.17554259300232	1341293.8203498514	
11.36881971359253	1341194.449949852	19.785120725631714	1340534.8244443233	19.276734590530396	1342046.3241399182	12.288504600524902	1334256.2055057213	10.825482606887817	1339139.9863433477	20.211281538009644	1342227.7139773127	20.037107706069946	1337728.592433032	14.339221239089966	1337665.9192941545	13.564673662185669	1337902.492744839	13.191945552825928	1341381.1722351199	
11.382992029190063	1342262.434474505	19.809735536575317	1340538.9956194544	19.305652141571045	1342086.3128800432	12.30902647972107	1334584.5315853686	10.83950424194336	1339141.9799563924	20.23680353164673	1342237.33908357	20.074257850646973	1337706.3380964338	14.3599112033844	1337657.2652896883	13.586156129837036	1337736.7318686661	13.2064528465271	1341371.1532751448	
11.398005485534668	1342237.9942937153	19.836452960968018	1340504.403873225	19.330841779708862	1342085.7545873295	12.328038215637207	1334582.843609693	10.854010820388794	1339215.9391999796	20.260324239730835	1342237.8373873981	20.11308264732361	1337719.4253639383	14.380921602249146	1337643.100715342	13.604726791381836	1337747.5897041145	13.222470045089722	1341371.042918673	
11.413511514663696	1342229.3772337132	19.863789796829224	1340504.0033809405	19.36542582511902	1342095.0210250528	12.34705138206482	1334416.9826111349	10.868029117584229	1339202.8440483306	20.283844709396362	1342242.2902717777	20.1501247882843	1337729.6370184245	14.400936365127563	1337653.7932967944	13.62490177154541	1337755.0070823233	13.235734462738037	1341391.8479985825	
11.426015377044678	1342209.9139153834	19.890812158584595	1340509.8304620322	19.391042470932007	1342095.3411433564	12.368786573410034	1334410.2273198157	10.883285284042358	1339208.5255429305	20.309370756149292	1342336.2350418183	20.182820081710815	1337728.8982368344	14.421453952789307	1337870.5436126362	13.644914388656616	1337778.7426493596	13.250757932662964	1341395.6346516216	
11.44107985496521	1342221.9125762389	19.92185091972351	1340506.5879439604	19.416558980941772	1342099.5689662094	12.390305519104004	1334392.404663749	10.902300596237183	1340350.248248694	20.332609176635742	1342346.5847200258	20.21734642982483	1337736.5850360196	14.440465927124023	1337855.4036988693	13.667927265167236	1337768.6540404793	13.266269207000732	1341353.9932993834	
11.455508947372437	1342235.8689897533	19.94668745994568	1340506.8615132964	19.442574501037598	1342174.5260646588	12.411352634429932	1334366.368930641	10.919313907623291	1341329.6437473916	20.355643033981323	1342351.0114100233	20.252227067947388	1337758.6205798073	14.458562135696411	1337865.7715903446	13.686676502227783	1337774.914000322	13.281280994415283	1341349.3193896646	
11.472527980804443	1342048.3763544362	19.974026203155518	1340510.992524941	19.467403411865234	1342084.751307939	12.431381702423096	1334454.163648295	10.941039323806763	1341331.3568451537	20.378678798675537	1342360.9868089051	20.28785538673401	1337682.1591687002	14.476641654968262	1337675.3929723296	13.705197811126709	1338058.887030454	13.296063899993896	1341316.4992509875	
11.487536430358887	1342055.9833370636	20.006071090698242	1340516.2855285504	19.4923837184906	1342107.8812115453	12.45539665222168	1334411.0511305365	10.958046913146973	1341330.1720842083	20.403764724731445	1342360.563250007	20.33480215072632	1337648.0013051191	14.495474815368652	1337742.0964153667	13.725208759307861	1338116.3273094038	13.310083389282227	1341275.1661888687	
11.503221988677979	1342040.8210771903	20.029661893844604	1340535.5990658097	19.51890206336975	1342105.5449510019	12.475918769836426	1334407.1565634157	10.975562334060669	1341319.937848125	20.43078303337097	1342502.2946224592	20.37044358253479	1337640.0273488658	14.510990142822266	1337731.4611185004	13.747891187667847	1338120.606273522	13.324590682983398	1341276.5472358614	
11.517232179641724	1342413.8790265333	20.06549620628357	1340534.2331285593	19.542920112609863	1342099.4116367234	12.500999927520752	1334512.4826874444	10.99708080291748	1341349.5873338284	20.455575227737427	1342503.7251658267	20.401758193969727	1337633.1234893796	14.526002645492554	1337736.3721370706	13.77463150024414	1338128.473942264	13.338604211807251	1341236.6650129166	
11.532744646072388	1342082.6992796508	20.08950638771057	1341403.8766363903	19.574655294418335	1342104.5654361038	12.524021863937378	1334500.7472943454	11.017095804214478	1341066.1053350016	20.479591846466064	1342594.9842554622	20.4318904876709	1337652.1626977036	14.543723583221436	1338139.7233229307	13.795456409454346	1338129.5830732642	13.354617357254028	1341238.558680584	
11.545754671096802	1342085.1705039944	20.120383262634277	1341415.8923427968	19.600769519805908	1342132.699333043	12.550534963607788	1334512.8411513949	11.03411078453064	1341070.8986500867	20.50411105155945	1342600.5884208689	20.465993404388428	1337574.8591059563	14.56162691116333	1337676.630183675	13.81746506690979	1338126.6794627185	13.372633934020996	1341273.4399835302	
11.562275171279907	1342107.2972572704	20.152461051940918	1341436.3184418164	19.62581181526184	1342132.2341045027	12.573553800582886	1334473.6733427965	11.052124738693237	1341080.3371817484	20.532356023788452	1342289.031727843	20.49892234802246	1337573.8162557795	14.581537961959839	1337678.5770868682	13.839536905288696	1338134.1621205036	13.392729759216309	1341277.1004791325	
11.575514078140259	1342111.0060515055	20.178044080734253	1341439.8537755907	19.65058946609497	1342140.3942544102	12.59156608581543	1334475.8845752953	11.068359851837158	1341066.016816477	20.559381008148193	1341642.776739768	20.530240058898926	1337614.6812294407	14.600309610366821	1337684.5293651307	13.857546329498291	1338181.5447101202	13.407756805419922	1341296.588259027	
11.590289115905762	1342081.964270761	20.20607614517212	1341413.090433072	19.676130771636963	1342144.9215355183	12.610087156295776	1334445.346533873	11.083370923995972	1341069.0684604824	20.5827214717865	1341672.4363284046	20.565433025360107	1337721.672840465	14.621193170547485	1337786.2663124802	13.879130125045776	1338178.4344865181	13.425774812698364	1341305.678707625	
11.604795217514038	1342185.0577564235	20.228094339370728	1341546.0212128405	19.700847387313843	1342147.183446591	12.633901357650757	1333881.2838590126	11.096876621246338	1341047.7169244057	20.60424828529358	1341667.0566988338	20.5960955619812	1337730.828274698	14.641547679901123	1338261.0595305339	13.898937940597534	1338179.9909338166	13.442314624786377	1341313.1286991169	
11.619812726974487	1342171.7847439463	20.25185513496399	1341566.3405795004	19.72607111930847	1341644.4576027843	12.65349555015564	1333861.3269814833	11.112892150878906	1341057.2792965912	20.630000591278076	1341676.3057454438	20.633551597595215	1338636.3233032918	14.661343336105347	1338278.9610984789	13.919731140136719	1338160.0675382842	13.460390567779541	1341322.1520800726	
11.63632345199585	1342159.6062554296	20.279871463775635	1341604.2150269055	19.748859405517578	1341645.302721382	12.674642324447632	1333849.7217120868	11.126409769058228	1341093.352390102	20.659099817276	1341673.5989366523	20.66931390762329	1338551.8491156113	14.684348821640015	1338321.3463945852	13.943910837173462	1338165.2636641124	13.475865364074707	1341332.5224275615	
11.6573486328125	1341049.834669575	20.30890154838562	1341556.2754153218	19.772685766220093	1341631.1603290658	12.698660373687744	1333825.3446323257	11.142096996307373	1341070.2884059655	20.68361783027649	1341679.2563802763	20.702890872955322	1338568.325290227	14.706871509552002	1338266.7678511005	13.969500303268433	1338191.9756212358	13.493397951126099	1341299.872716263	
11.677357196807861	1341063.3527707676	20.336423873901367	1341468.2131063363	19.79920792579651	1341609.5713113889	12.718677520751953	1333829.060780365	11.158106803894043	1341124.8162868593	20.704638957977295	1341684.8620360936	20.73758363723755	1338582.0015242987	14.722484588623047	1338256.3007605604	13.992536306381226	1338177.2301427256	13.509141445159912	1341322.4100582013	
11.697872877120972	1341024.7439261412	20.36466646194458	1341412.5065642777	19.822232723236084	1341609.589769648	12.738693714141846	1333825.926464426	11.171619176864624	1341079.7917533151	20.728795051574707	1341682.6217555741	20.773197889328003	1338595.6972594787	14.740156888961792	1338295.417408503	14.013793706893921	1339082.4914500953	13.526649713516235	1341317.690064396	
11.718536138534546	1341037.888842363	20.39319086074829	1341417.827032748	19.84581756591797	1341609.4463045835	12.760254621505737	1333807.3817228146	11.18712592124939	1341051.966215493	20.752809286117554	1341693.5576818138	20.806945323944092	1338606.4747922039	14.7584969997406	1338383.6064432275	14.027119398117065	1339070.5267347128	13.546700477600098	1341319.8058258952	
11.738551616668701	1341027.008269478	20.419214010238647	1341398.12584005	19.870473384857178	1341825.9065826335	12.780267477035522	1333817.0619464829	11.20113468170166	1341056.7981508486	20.775978565216064	1341752.9531219595	20.845689296722412	1338557.6654620836	14.772696495056152	1338365.9504983614	14.041627883911133	1339072.0032371846	13.563028573989868	1341314.4679701596	
11.761563777923584	1341022.7607653735	20.447343349456787	1341396.2909957948	19.895496606826782	1341839.5279988267	12.800286531448364	1333854.6242933883	11.216641187667847	1341035.003960407	20.799155473709106	1342447.9202086362	20.88087821006775	1338495.7084852252	14.792273998260498	1338375.1419093811	14.056637048721313	1339085.046906737	13.580662965774536	1341312.0602498793	
11.782412767410278	1341024.945405409	20.4788556098938	1341389.6783555213	19.928045988082886	1341841.4990930017	12.821038722991943	1333258.5998937169	11.230652332305908	1341015.4475383358	20.823673009872437	1342444.6806915377	20.911229133605957	1338469.4320626082	14.8093740940094	1338316.4210171052	14.06914496421814	1339080.1160360908	13.59867262840271	1341303.460905697	
11.805444717407227	1341039.530414432	20.500897884368896	1341399.3392041323	19.95057249069214	1341820.2721670743	12.84505558013916	1333268.982197829	11.24416208267212	1341000.1101102075	20.848721027374268	1342481.5054359012	20.945729732513428	1338466.2975632744	14.823880434036255	1338683.707432692	14.08387565612793	1339076.3225595842	13.614573955535889	1341305.355920059	
11.82928466796875	1341192.2866605923	20.526926279067993	1341374.0964867508	19.972378492355347	1341458.8921175853	12.867586135864258	1333279.8852410486	11.259679794311523	1341005.4193840283	20.87173581123352	1342532.554948457	20.985780477523804	1338467.2916673066	14.839900970458984	1338751.257036101	14.098028182983398	1339078.6762518794	13.632094144821167	1341326.352581541	
11.851298093795776	1341138.651495053	20.55602741241455	1341399.9710750047	19.994388341903687	1341462.9447884315	12.88859486579895	1333260.8594481573	11.272886514663696	1341032.8270396378	20.89625835418701	1342531.3585072039	21.009710788726807	1338306.1961062592	14.854922771453857	1338756.9272269486	14.112532377243042	1338774.0534084702	13.651315212249756	1341367.8360462296	
11.870310306549072	1341138.3823469344	20.584084510803223	1341383.8367171655	20.018906593322754	1341466.326158248	12.910636186599731	1333263.132042441	11.28889775276184	1341128.5640299988	20.91856026649475	1342524.7556719705	21.036116123199463	1338308.1132958734	14.87061357498169	1338704.8011956236	14.12714171409607	1338772.4360192118	13.668327331542969	1341376.8002608796	
11.890323877334595	1341642.5180035064	20.63191294670105	1341422.6675547864	20.043336629867554	1341430.3469333646	12.931649446487427	1333358.4932610807	11.305408000946045	1341034.6316783938	20.94343876838684	1342523.6011090945	21.055694341659546	1338386.8720248453	14.88512110710144	1338708.235861842	14.140646696090698	1338768.0026263653	13.688352108001709	1341360.939088318	
11.905981063842773	1341638.0837134507	20.665634870529175	1341439.890397576	20.066964864730835	1341454.023305507	12.95366907119751	1333374.9489404322	11.320283889770508	1341033.030161704	20.971959590911865	1342531.3768200148	21.076714992523193	1338387.7250803758	14.903644800186157	1338693.7106175255	14.157658100128174	1338793.198012212	13.703228950500488	1341359.4463025893	
11.928011417388916	1341666.6575296063	20.699661254882812	1341419.2539798839	20.09047794342041	1341479.10345313	12.973394393920898	1333411.7692960163	11.33467173576355	1341033.7035460828	20.995999813079834	1342548.8468720573	21.097451210021973	1338386.9320092322	14.91815733909607	1338693.4578403437	14.174030542373657	1341298.5296054282	13.721070289611816	1341358.6874058824	
11.945990562438965	1341652.5672922588	20.736217498779297	1341542.9520073435	20.11569380760193	1341510.2404687079	12.995410203933716	1333414.7036707003	11.348959922790527	1340993.5275622986	21.020018577575684	1342559.5381126634	21.11566138267517	1338377.264032242	14.933684587478638	1338344.7327514386	14.189998865127563	1341341.677772536	13.737340211868286	1341400.3386506066	
11.970555543899536	1341637.8405917664	20.772822380065918	1341549.3200476035	20.139533281326294	1341517.8179825423	13.013665676116943	1333416.8355556552	11.362467527389526	1340987.2931532885	21.044635772705078	1342571.3736636078	21.13668656349182	1338389.7730699657	14.951354265213013	1338333.2387806992	14.205684661865234	1341296.0561715292	13.753880262374878	1341390.6150070955	
11.990941524505615	1341441.3286204617	20.802024841308594	1341602.9670435968	20.16404676437378	1341503.165392512	13.033674001693726	1333405.5768764222	11.375975370407104	1340972.881623795	21.071650505065918	1342494.597443375	21.15569829940796	1338379.3892319167	14.971336841583252	1338382.2021576695	14.220189094543457	1341254.8086762927	13.772904634475708	1341385.3267431243	
12.015953540802002	1341479.101129043	20.82672429084778	1341728.9112727805	20.189754486083984	1341474.442167623	13.059195518493652	1333403.3481369782	11.39022970199585	1341129.7685981165	21.099176168441772	1342490.5381067856	21.176246643066406	1338319.5535875661	14.98801040649414	1338387.839135921	14.23419713973999	1341262.6564876756	13.790900468826294	1341390.379229613	
12.03650450706482	1341459.7225485188	20.85253381729126	1341730.0433466667	20.21435856819153	1341491.8006790576	13.078465223312378	1333402.468329985	11.4047372341156	1341132.458198915	21.124998092651367	1342491.388250325	21.193822860717773	1338314.228349776	15.003570556640625	1338391.1774513123	14.249706029891968	1341260.996067578	13.80740761756897	1341407.8305559123	
12.058871507644653	1341458.8179137686	20.876964807510376	1341000.0182615789	20.237879514694214	1341510.3020637706	13.10298776626587	1333420.2748154863	11.42076325416565	1341060.5486837141	21.153520107269287	1342423.7818228402	21.211589097976685	1338309.9014364334	15.022194385528564	1338407.8582908865	14.264218807220459	1341254.7203250087	13.82442331314087	1341406.263638165	
12.08068299293518	1341464.3319899354	20.90198564529419	1340989.3740526899	20.262168645858765	1341485.3341976916	13.1250741481781	1333433.1569455164	11.435271263122559	1341065.832859004	21.17905282974243	1342470.4563049925	21.229133367538452	1338328.5512525765	15.039794445037842	1338481.0241317824	14.27972412109375	1341269.824195829	13.843597650527954	1341369.926239215	
12.106200695037842	1341476.2926505443	20.932514905929565	1341009.235934738	20.287692546844482	1341498.708859821	13.150515079498291	1333415.609396597	11.450287103652954	1341077.9721311256	21.20631694793701	1342421.9948628475	21.249826669692993	1338361.9872966981	15.05726170539856	1338498.8316563817	14.295102834701538	1341299.925440401	13.85961389541626	1341361.8567005207	
12.128408193588257	1341549.8847230948	20.959939002990723	1341023.855248061	20.313470363616943	1341512.233921123	13.173529148101807	1333579.3585486559	11.46642279624939	1341125.8495267509	21.23383927345276	1342426.5750773384	21.27385711669922	1338351.5553371224	15.07802414894104	1338505.056978238	14.31060791015625	1341299.1216232588	13.873995542526245	1341364.5872985064	
12.149925470352173	1341582.825200496	20.98173451423645	1341025.4277349883	20.34099841117859	1341558.6814591784	13.193582534790039	1333586.48319226	11.483435869216919	1341138.7822692012	21.25785541534424	1342434.4143224244	21.293870449066162	1338355.1385212324	15.09699273109436	1338505.6505296042	14.326626062393188	1341305.7265754717	13.889710664749146	1341385.9522140108	
12.173572301864624	1341586.2091414756	21.005749225616455	1341495.8306191538	20.36663818359375	1341575.41094068	13.216757535934448	1333563.200751774	11.497944355010986	1341120.713639894	21.281871557235718	1342421.2452670592	21.317527294158936	1338564.361031984	15.115822553634644	1338525.3344871348	14.342146158218384	1341341.6812441903	13.907222986221313	1341430.6601915634	
12.196594476699829	1341547.8623048607	21.03078818321228	1341495.8487518886	20.394174337387085	1341669.5717224483	13.242282152175903	1333572.0564353738	11.512953042984009	1341065.462307322	21.30790090560913	1342474.3230156573	21.335067987442017	1338402.170534097	15.134091138839722	1338412.0042262436	14.360138893127441	1341305.5407190963	13.923254489898682	1341436.887362626	
12.218641519546509	1341551.297719569	21.053831338882446	1341497.3474001728	20.418981313705444	1341678.6818735565	13.26430058479309	1333825.606764246	11.526459693908691	1341073.5847737426	21.33258080482483	1342467.137076536	21.35398530960083	1338405.1509846358	15.151869297027588	1338416.7266584414	14.375978946685791	1341316.4072877232	13.938777208328247	1341489.2072146554	
12.239261627197266	1341547.1824311907	21.081589460372925	1341428.3010163505	20.44399929046631	1341672.165766058	13.287959814071655	1334227.3413580966	11.541988611221313	1341068.9267535405	21.35910153388977	1342458.6552708365	21.373948574066162	1338408.6391492013	15.16858983039856	1338408.898243486	14.39148211479187	1341318.8920798074	13.954288244247437	1341460.2749300862	
12.25877594947815	1341588.7441189985	21.104122161865234	1341454.509998998	20.469642639160156	1341617.8578419264	13.30898404121399	1333801.7884026442	11.557096719741821	1341055.2349553236	21.384130239486694	1342448.002139402	21.394139528274536	1338388.736166088	15.185103416442871	1338383.2809783462	14.407256364822388	1341858.9026458866	13.971823692321777	1341464.3371044951	
12.280795335769653	1341593.3895553388	21.13015103340149	1341406.8596592247	20.495659589767456	1341801.063951715	13.332502365112305	1333824.5026733018	11.572115182876587	1341128.402484006	21.411872386932373	1342446.9519834176	21.417907238006592	1338393.624844666	15.199774026870728	1338384.7088273435	14.421761751174927	1341854.6607607135	13.987332105636597	1341493.0968777859	
12.301310062408447	1341580.6162328972	21.156461477279663	1341401.463530354	20.520369052886963	1341808.816236764	13.354517221450806	1333833.8000053933	11.586622953414917	1341124.939515271	21.437400579452515	1342446.2268007644	21.44062376022339	1338416.9678954403	15.220298528671265	1338285.6582563547	14.437645435333252	1341848.3133343372	14.004351139068604	1341512.7644813373	
12.322220802307129	1341584.8481831532	21.182008981704712	1341396.0001362292	20.54238748550415	1341806.7060747433	13.375985145568848	1333081.8018887155	11.602640390396118	1341133.1553588246	21.46392321586609	1342472.9888560502	21.464736461639404	1338430.045255051	15.241313934326172	1338318.3055413254	14.452687978744507	1341866.4919501909	14.021368265151978	1340782.3116509554	
12.341238498687744	1341544.432323715	21.20652437210083	1341391.7056760697	20.566640615463257	1341806.6092844137	13.400508403778076	1333083.7658138515	11.61815333366394	1341144.2680429674	21.48594307899475	1342487.0195243806	21.487302541732788	1338418.1925998451	15.258326053619385	1338313.6440781376	14.469161033630371	1341844.7320164419	14.03939938545227	1340784.153770993	
12.366256713867188	1341569.7084570697	21.22754144668579	1341371.5962616683	20.601196765899658	1341800.1341189544	13.42003059387207	1333086.1017237222	11.63216757774353	1341150.8821086553	21.511232376098633	1342455.5948347962	21.508368253707886	1338475.8207923714	15.2730872631073	1338317.2551339	14.482669353485107	1341834.3199166092	14.05353307723999	1340795.6479274638	
12.386441230773926	1341568.6267291754	21.254278659820557	1341367.4943262094	20.630333423614502	1341802.8939102783	13.443935632705688	1333080.6671985444	11.648178577423096	1341150.902634122	21.536762475967407	1342485.755364409	21.527616500854492	1338476.7311098836	15.286590337753296	1338224.5480335804	14.496181726455688	1341819.0585133722	14.070338487625122	1341033.7728014425	
12.410617589950562	1341552.9820430253	21.280794858932495	1341229.4868430041	20.653350830078125	1341811.4055592434	13.46364426612854	1333041.3912203016	11.662195444107056	1341027.9414884145	21.56327986717224	1342480.7941112397	21.54403567314148	1338481.7897964634	15.302105188369751	1338209.590703832	14.511319160461426	1341836.2875576674	14.08384656906128	1340847.9911968904	
12.432629108428955	1341555.862452154	21.306816816329956	1341228.9774515093	20.67815136909485	1341796.772898001	13.485315084457397	1333048.7181482615	11.676703691482544	1341020.243808045	21.58647394180298	1342504.4972019186	21.56467318534851	1338369.7070685588	15.317428588867188	1338208.79896064	14.526108503341675	1341839.4612806933	14.09755563735962	1340854.5798433358	
12.454147577285767	1341562.9627621078	21.331350326538086	1341224.5393816454	20.70316982269287	1341777.595889791	13.506054162979126	1333072.7175741936	11.692717790603638	1340979.0228794105	21.612493753433228	1342514.1601928947	21.58369207382202	1338360.0064196985	15.33354377746582	1338211.4761278606	14.54069185256958	1341856.7124691168	14.112572431564331	1340843.8238388826	
12.474167823791504	1341570.0786236993	21.355367422103882	1341189.500444411	20.727767944335938	1341778.4884359115	13.526632308959961	1333076.0962540812	11.7072274684906	1340888.8285517832	21.63903045654297	1342536.105008237	21.60271191596985	1338486.2592717572	15.351714849472046	1338205.5631311596	14.555261135101318	1341837.2208745624	14.128581762313843	1341564.2224665165	
12.492187738418579	1341568.4568109775	21.384101629257202	1341276.6022128172	20.75277614593506	1341774.4967630007	13.547646284103394	1333085.3227934295	11.722241878509521	1340911.0118999837	21.66654109954834	1342528.519768869	21.621849536895752	1338495.017165783	15.37350082397461	1338225.275535322	14.569798946380615	1341867.0339746869	14.144603252410889	1341564.205383822	
12.510443210601807	1341518.9394571974	21.410114765167236	1341272.3159628115	20.778316736221313	1341751.3597422629	13.571161031723022	1333083.8403294825	11.737014055252075	1340924.0143670472	21.691560745239258	1342501.403011003	21.643383026123047	1338496.8073018715	15.390515327453613	1338226.4028201865	14.583659887313843	1341886.3459387321	14.160620212554932	1341487.5716175293	
12.530455112457275	1341521.4856155391	21.432631969451904	1341356.9543585798	20.80344796180725	1341758.6499389694	13.592174768447876	1333062.1107427974	11.751033067703247	1340933.4766959224	21.715285778045654	1342522.1560712617	21.664757013320923	1338360.343518085	15.406116008758545	1338245.783118045	14.598681449890137	1341884.413631908	14.176130056381226	1341545.8519597822	
12.549475193023682	1341479.5896844948	21.460047483444214	1340918.1717153655	20.8310763835907	1341765.9587091366	13.613975286483765	1333075.267237744	11.76766061782837	1340913.4600095865	21.73901343345642	1342473.1764012713	21.685550212860107	1338364.9274657706	15.433292150497437	1338228.5420871906	14.612015962600708	1341924.6477867353	14.190145492553711	1341570.5093559753	
12.569989204406738	1341502.021234336	21.487066984176636	1341034.831146238	20.85526990890503	1341782.965756551	13.634989738464355	1333085.2077163486	11.78169059753418	1340914.6306901984	21.76367712020874	1342486.9478800877	21.712194442749023	1338376.1562476563	15.458327770233154	1338333.985037934	14.626853704452515	1341923.409766501	14.206655740737915	1341575.1409467575	
12.587687492370605	1341507.9125327878	21.509076833724976	1341042.9183354834	20.88079857826233	1342260.2645590573	13.656506061553955	1333060.597776176	11.797224998474121	1340908.1170119029	21.788928508758545	1342489.8646786595	21.731550693511963	1338389.9810777176	15.473838567733765	1338341.040651169	14.643055438995361	1341924.0719859663	14.221859693527222	1341571.6695540696	
12.607702493667603	1341542.0663140677	21.541099309921265	1341026.2325155896	20.909632682800293	1342257.2321120915	13.677473783493042	1333053.6264974878	11.812234163284302	1340309.2354189435	21.815452814102173	1342535.8895858766	21.751566171646118	1338390.2406392118	15.488851547241211	1338335.792132611	14.658063650131226	1341917.6128630512	14.238883256912231	1341656.7264463864	
12.630722284317017	1341529.7184947059	21.56937527656555	1341017.4254236359	20.93527841567993	1342217.6821901652	13.703000783920288	1332772.1649399325	11.82875370979309	1340316.0091036423	21.84247136116028	1342541.6335769235	21.770082235336304	1338317.6097054048	15.50677490234375	1338385.4442398422	14.672584056854248	1341922.4602148717	14.253812074661255	1341676.8242772126	
12.655571699142456	1342312.3134179374	21.59389901161194	1341241.2766742182	20.962090015411377	1342156.1221740148	13.72401213645935	1332774.2601748432	11.844768285751343	1340637.672005312	21.865989923477173	1342611.538105435	21.790097951889038	1338289.0234795096	15.521430492401123	1338379.1832219302	14.687096357345581	1341907.7277954295	14.269825458526611	1341659.3551369987	
12.677082300186157	1342326.0939988254	21.617432832717896	1341255.5712433348	20.9908709526062	1342125.8032310796	13.74207592010498	1332111.4852464092	11.860292196273804	1340994.410093441	21.889517545700073	1342626.3216174783	21.81165909767151	1338333.562343489	15.537129878997803	1338373.9747685657	14.703895568847656	1341845.9626738396	14.285336256027222	1341640.589760465	
12.70009708404541	1342320.1227101437	21.641120195388794	1341222.6663415846	21.017908096313477	1342115.993795193	13.754578828811646	1332109.5655897162	11.874811172485352	1340998.2929733922	21.915252208709717	1342614.452580005	21.83046531677246	1338303.9442335535	15.552377700805664	1339014.6170599663	14.716960430145264	1341847.3889925596	14.30146312713623	1341636.1301926668	
12.71988582611084	1342317.187034726	21.664745092391968	1340999.5233482365	21.04622721672058	1342072.0003721335	13.76808762550354	1332092.4451059094	11.891338586807251	1341291.5988507892	21.938887119293213	1342614.0312279714	21.851691007614136	1338307.1979557895	15.568466424942017	1338993.9129044383	14.732110500335693	1341820.0977648199	14.315902709960938	1341646.8945408058	
12.738808393478394	1342315.6701604265	21.689756870269775	1341023.0735705276	21.07439875602722	1342076.5418657674	13.783099174499512	1332099.0062667232	11.905969381332397	1341303.5662152579	21.96190118789673	1342618.2657729757	21.87027335166931	1339999.0823775763	15.59108018875122	1339042.986657441	14.746119499206543	1341823.9512123745	14.331929206848145	1341621.6883043572	
12.757824182510376	1341828.9363519503	21.71279501914978	1341030.8888829278	21.107873916625977	1342089.726948273	13.79660701751709	1332101.7332159947	11.921987056732178	1341306.5978210554	21.98771834373474	1342606.1617448784	21.888010025024414	1340316.6974647536	15.610499620437622	1338978.2913102305	14.760624408721924	1341824.966448093	14.347442626953125	1341548.5516162268	
12.773002624511719	1341781.9289108578	21.739803552627563	1341024.436019189	21.133949756622314	1342119.3676111326	13.810127258300781	1332988.0260924473	11.938765287399292	1340598.1943513218	22.01324224472046	1342614.7051846317	21.90348482131958	1340339.9553280235	15.62912130355835	1338985.9340562206	14.774641990661621	1341801.5324832029	14.372962951660156	1341558.8284194139	
12.794014692306519	1341748.7987386363	21.767472982406616	1341010.1108676593	21.16084313392639	1342130.8132957185	13.825330257415771	1333068.9877086862	11.957780122756958	1340610.8486672286	22.036264181137085	1342566.7509189616	21.91805863380432	1340497.5685505297	15.650337934494019	1338988.6989371034	14.790849685668945	1341799.1338131065	14.400323390960693	1341557.3017456245	
12.813077449798584	1341768.0927294968	21.796991109848022	1341025.9617813258	21.18708348274231	1342313.3354404366	13.841344594955444	1333503.592508877	11.972292184829712	1340622.7738552853	22.059279680252075	1342538.5144751917	21.934629917144775	1340445.874866675	15.668639421463013	1338324.5012278634	14.805807113647461	1341801.541045067	14.42733645439148	1341553.6032244738	
12.834999799728394	1341054.859210684	21.823023080825806	1341069.621942609	21.21209406852722	1342321.3293828543	13.853851795196533	1333499.6600623163	11.989820957183838	1340585.9678742937	22.083296060562134	1342578.414013785	21.949137210845947	1340432.092769142	15.692214012145996	1338321.4819547874	14.819311380386353	1341804.080948846	14.455578327178955	1341605.1453290917	
12.854529857635498	1341014.9420220382	21.85257577896118	1341088.6968814612	21.245327472686768	1342319.6881769358	13.867045164108276	1333512.470839636	12.004326105117798	1340588.7872264965	22.107840061187744	1342584.9801250629	21.964024782180786	1340410.7092217219	15.712218284606934	1338180.470962429	14.834031343460083	1341805.1561431666	14.490116357803345	1341604.9402259663	
12.875544548034668	1340983.635218977	21.879213571548462	1341096.9944826805	21.268466472625732	1342471.5917896011	13.881767511367798	1333542.3600069233	12.018342971801758	1340569.334314197	22.132044792175293	1342587.8931059323	21.979535579681396	1340422.281656287	15.725724935531616	1338180.6059742863	14.84704065322876	1341819.470760059	14.516884088516235	1341596.7904519641	
12.896567106246948	1340989.5301713496	21.912983894348145	1341083.7882009554	21.301984310150146	1342474.2247153877	13.896887063980103	1333522.527027831	12.03185248374939	1340565.4210038518	22.155566692352295	1342585.5613347038	21.994548082351685	1340416.956411423	15.739465951919556	1338184.3249469118	14.859913110733032	1341827.0490431413	14.543410062789917	1341591.5204323838	
12.916316270828247	1340994.8700861244	21.94236159324646	1341072.696823081	21.329787254333496	1342482.293408687	13.91190767288208	1333563.8085826675	12.043358564376831	1340548.4390063928	22.17809271812439	1342581.4919355966	22.009824752807617	1340426.2278513361	15.754289388656616	1338184.5222459468	14.873935222625732	1341844.781236121	14.566429853439331	1341581.8492446449	
12.929331541061401	1341022.280822429	21.966602087020874	1341038.9426401798	21.359803915023804	1342482.5729338822	13.924416542053223	1333567.875043208	12.056866884231567	1340555.3885287074	22.20536184310913	1342601.5248323593	22.0279278755188	1340414.6551195602	15.771215200424194	1338325.469388227	14.887958288192749	1341841.8388592447	14.591949939727783	1341580.1651458305	
12.944365501403809	1341039.818422668	21.990760803222656	1341099.937286496	21.38549041748047	1342510.0127675903	13.937929630279541	1333457.0371750165	12.069031715393066	1340559.3523283568	22.22838020324707	1342613.03474081	22.042661666870117	1340520.917891244	15.78877854347229	1338338.4546696646	14.90173888206482	1341845.4196024318	14.616966009140015	1341569.968071154	
12.957882642745972	1341016.230934288	22.017289876937866	1341104.467738205	21.41051459312439	1342513.426857677	13.954940557479858	1333448.8747393056	12.084039211273193	1340568.4134855054	22.25292468070984	1342595.113886218	22.056175470352173	1339457.1495331535	15.8108229637146	1338340.9066603347	14.914746761322021	1341849.319831031	14.646519660949707	1341581.4475423067	
12.972406148910522	1341273.8940133685	22.042208909988403	1341136.1796567019	21.44088101387024	1342503.8603606129	13.968887567520142	1333464.5804771022	12.098054647445679	1340552.6077837883	22.276569843292236	1342539.828370518	22.072195529937744	1339473.775473129	15.832502365112305	1338341.7755393235	14.928518533706665	1341850.8116978782	14.668756246566772	1341549.9328534268	
12.988037824630737	1341274.7818738678	22.068837642669678	1341185.3126103329	21.4671528339386	1342514.8825645053	13.984268426895142	1333430.4491861786	12.110566139221191	1340557.4612667742	22.30077838897705	1342527.3185373554	22.085705757141113	1339172.7238613174	15.846007347106934	1338365.6326184424	14.942032814025879	1342147.5595877958	14.697905540466309	1341560.9482780262	
13.00267219543457	1341243.430219874	22.093067169189453	1341395.6571233578	21.49516463279724	1342510.9904340282	13.998741865158081	1332850.2009929728	12.125076293945312	1340561.7365248364	22.32557773590088	1342533.13144787	22.100213289260864	1339158.6830653825	15.86231279373169	1338340.443506717	14.955221891403198	1342132.8124360526	14.720445394515991	1341593.208595038	
13.015181064605713	1341244.6316274519	22.116604328155518	1341397.4778779687	21.518184661865234	1342519.3633083848	14.013778686523438	1332853.3601720238	12.137842893600464	1340565.6052242317	22.35359215736389	1342536.3088101135	22.11543846130371	1339160.2902327091	15.876364707946777	1338163.6306261274	14.968733310699463	1342124.4987488661	14.753971576690674	1341571.142564672	
13.031197547912598	1340903.7729712515	22.150115251541138	1341468.205473768	21.54595923423767	1342493.9840675564	14.026874542236328	1332984.1554039612	12.15235710144043	1340560.366244678	22.37962508201599	1342492.7812708914	22.129125118255615	1339187.3148165867	15.889403104782104	1338170.8682136193	14.98192048072815	1342100.091632526	14.782496452331543	1341568.4870082259	
13.045228242874146	1340932.8954710204	22.173056602478027	1341473.2942208948	21.568470239639282	1342488.3266054753	14.040411710739136	1333003.0683143632	12.16686487197876	1340546.9029348693	22.403841257095337	1342496.396284346	22.144142150878906	1339195.574353629	15.904605150222778	1338191.2755379307	14.996931076049805	1342170.999726145	14.810019731521606	1341590.339640811	
13.059756517410278	1340915.9363680074	22.201793670654297	1341419.4257759198	21.593289136886597	1342486.6949948526	14.055159330368042	1333014.5089637213	12.179383277893066	1340511.3230065447	22.428377628326416	1342527.5976357665	22.158719062805176	1339357.0048679544	15.919619798660278	1338183.653964833	15.01208782196045	1342141.253214596	14.835537672042847	1341473.37235583	
13.073912143707275	1340930.7137315979	22.235441207885742	1341413.9550660085	21.620310068130493	1342004.992382018	14.071697473526001	1333082.0961481729	12.191891431808472	1340517.7222022335	22.45341444015503	1342510.427940872	22.171730041503906	1339384.2270670792	15.936773777008057	1338207.1890076664	15.026098728179932	1342100.3558165985	14.859283447265625	1341581.6921954444	
13.086422204971313	1340883.110836035	22.26111888885498	1341407.3768968647	21.644847869873047	1342000.7780562972	14.086917877197266	1333366.8164504252	12.207897901535034	1340515.4526656503	22.47943663597107	1342516.456740175	22.185243368148804	1339358.0614705388	15.954116106033325	1338176.917310987	15.039602994918823	1342103.8297273759	14.883300304412842	1341604.0948614478	
13.10143518447876	1340798.5726032078	22.284616947174072	1341426.1818050083	21.668148279190063	1342069.1228523487	14.101478576660156	1333366.0614877983	12.222453355789185	1340513.991811753	22.50245451927185	1342581.5774491993	22.197750568389893	1339359.4737188558	15.971285581588745	1338181.3658179434	15.052618503570557	1342145.2860032746	14.910582065582275	1341602.4940430694	
13.117072820663452	1340830.603256405	22.30717635154724	1341440.6020442143	21.69190740585327	1342065.4813030735	14.115993738174438	1333382.835033458	12.23701024055481	1340513.8505112506	22.52621340751648	1342575.113240545	22.210262060165405	1339366.8195701467	15.98438835144043	1338166.4171354356	15.067133665084839	1342166.6690944901	14.934597492218018	1341599.0293503418	
13.132583618164062	1341643.8229782525	22.331629037857056	1341432.5781099466	21.716699600219727	1342302.679957096	14.128507852554321	1333382.8554218446	12.252020597457886	1340591.2480127874	22.550748825073242	1342583.2682263656	22.223297357559204	1339357.984661558	16.000601053237915	1338167.0744214715	15.080637693405151	1342130.3938460026	14.957175731658936	1341599.7356967295	
13.145090579986572	1341670.9707589825	22.354642868041992	1341482.5725632561	21.740549564361572	1342269.3896258425	14.144531965255737	1333364.523367368	12.267030477523804	1340596.0220846543	22.57527208328247	1342585.5667086362	22.236664295196533	1339359.3253093355	16.015175580978394	1337590.0933744367	15.093903541564941	1341769.6775466867	14.984697818756104	1341596.4659699388	
13.159613370895386	1341669.9594198994	22.382648468017578	1341472.471740463	21.76413083076477	1342206.5084493733	14.160044431686401	1333365.2180730994	12.282239437103271	1340594.161363679	22.598405122756958	1342541.6694752213	22.25016975402832	1339380.249537642	16.02971076965332	1337594.6967164194	15.108412504196167	1341778.9639414258	15.011221170425415	1341656.0014238493	
13.173328399658203	1341670.8603773606	22.41517186164856	1341484.9507032272	21.786695957183838	1342191.1883473913	14.175069808959961	1333363.8288571872	12.296747922897339	1340581.837472008	22.62242364883423	1342536.34928894	22.263992309570312	1339368.1567667744	16.041218996047974	1337609.8374313877	15.125582456588745	1341783.5358346354	15.03673768043518	1341647.4138175142	
13.187060356140137	1341673.3931576312	22.43916392326355	1341488.8437461292	21.815215349197388	1342130.2873773342	14.190072774887085	1333352.6241234432	12.310757160186768	1340610.5316202599	22.64794611930847	1342634.8505265494	22.276509046554565	1339367.9872511202	16.05323362350464	1337608.8129237778	15.143099308013916	1341780.0402881282	15.058502912521362	1341652.819788015	
13.201571941375732	1341661.4362202098	22.4706928730011	1341468.1203675943	21.84130883216858	1342202.3519674602	14.202582597732544	1333348.9918721358	12.325263977050781	1340653.010688732	22.673943519592285	1342604.1467666742	22.290019035339355	1339384.417625679	16.065523624420166	1337602.319036473	15.159956932067871	1341763.29384816	15.083521127700806	1341641.253027708	
13.216078996658325	1341606.3255669528	22.494229078292847	1341472.0715508885	21.86530613899231	1342257.9256616728	14.216593742370605	1333369.615813411	12.340293407440186	1340650.8688667899	22.698153018951416	1342617.3162666338	22.303043842315674	1339363.1914226166	16.081146240234375	1337545.8371301605	15.175994634628296	1341815.7216165606	15.108722448348999	1341637.1391116735	
13.23109745979309	1341055.9801711298	22.519763946533203	1341504.9134600868	21.89107656478882	1342263.6470359296	14.228816986083984	1333358.8537723664	12.353799104690552	1340638.9275469757	22.722680807113647	1342611.7892041293	22.31704545021057	1339356.672624693	16.096657752990723	1337656.5096483636	15.193039178848267	1341817.3323654502	15.137247323989868	1341644.6214735005	
13.244606018066406	1341075.7875143045	22.548481225967407	1341484.4817439353	21.917552709579468	1342255.1797380035	14.242841005325317	1333312.1126453166	12.368819952011108	1340651.6648510904	22.745205879211426	1342616.957934982	22.329063177108765	1339376.375688742	16.11118459701538	1337651.672720737	15.207915544509888	1341877.8340169934	15.162782430648804	1341914.941983575	
13.259127616882324	1341110.6248274923	22.575302839279175	1341490.0472929094	21.942488193511963	1342268.8550167782	14.257863759994507	1333312.6390965169	12.382885217666626	1340641.6262460512	22.77022075653076	1342574.4117598496	22.341569900512695	1339390.9092857211	16.125688314437866	1337635.6845235347	15.222357511520386	1341895.5598177498	15.18494963645935	1341659.1940010635	
13.27263355255127	1341118.2617271363	22.61234974861145	1341452.7717412177	21.9685320854187	1342276.102783767	14.27310061454773	1333315.9201917464	12.398900747299194	1340364.3946679984	22.793964385986328	1342629.2667020906	22.354105710983276	1339246.9342579036	16.138549089431763	1337649.3207474449	15.24015188217163	1341959.0567404912	15.213513135910034	1341647.4983729222	
13.288169860839844	1341146.3266881898	22.638730764389038	1341460.6142145349	21.99406623840332	1342274.3440841169	14.290120601654053	1333317.7100897958	12.414408445358276	1340372.9821151362	22.820982933044434	1342630.2721897913	22.36761236190796	1339250.2248870903	16.151573181152344	1337652.5293935402	15.254417896270752	1341958.574185293	15.240714073181152	1341617.2406364193	
13.3026762008667	1341189.1382494494	22.664203882217407	1341443.2681731181	22.016589164733887	1342272.1062879502	14.30663251876831	1333306.4126740112	12.426920175552368	1340377.9088068807	22.845961332321167	1342614.176921276	22.38016366958618	1339262.791381562	16.166033029556274	1337599.296812087	15.270784616470337	1341962.6077193385	15.267469644546509	1341612.7359294498	
13.316445350646973	1341192.235749208	22.68781042098999	1341479.5890248562	22.04060459136963	1342282.015149568	14.322658061981201	1333343.1138154755	12.441987752914429	1340367.6118902348	22.86827850341797	1342579.464270587	22.395212411880493	1339263.449000289	16.18090057373047	1337599.8104075862	15.285260200500488	1341943.9085118158	15.286487340927124	1341623.2078815082	
13.329987049102783	1341166.1897986622	22.71133065223694	1341186.5006366686	22.07809853553772	1342270.5821568544	14.341675281524658	1333349.0402636887	12.458034038543701	1340386.506178498	22.891852855682373	1342585.5989669336	22.40772247314453	1339252.1549065132	16.193230152130127	1337608.175948841	15.300945520401001	1341960.7911501122	15.31580400466919	1341656.6317642864	
13.345076322555542	1341944.9184906126	22.737354040145874	1341185.7719448132	22.102996587753296	1342273.2366739775	14.359183311462402	1333363.7052174688	12.471688747406006	1340382.5144798039	22.918581008911133	1342642.1773668227	22.41923213005066	1339256.910402709	16.207239866256714	1337608.0817350107	15.314960241317749	1341879.1415121723	15.343018054962158	1341644.6130950728	
13.35911774635315	1341940.2964719038	22.760875940322876	1341067.1886641611	22.128509521484375	1342271.3433068728	14.374199867248535	1333361.6243109594	12.483711242675781	1340381.9928391213	22.939595699310303	1342643.0928552677	22.434054851531982	1340242.7159966438	16.221262216567993	1337643.9314260713	15.332122087478638	1341875.2183526298	15.367036819458008	1341550.6157853294	
13.373388290405273	1341959.1253856327	22.787068128585815	1341072.6896878127	22.15059185028076	1342250.9713203537	14.391221046447754	1333350.1701286978	12.497717142105103	1340403.2817031613	22.964622735977173	1342645.1304495214	22.448567152023315	1340202.5257817605	16.235405683517456	1337650.8084597168	15.348144769668579	1341829.4139986902	15.393559694290161	1341548.8371096877	
13.39084005355835	1341980.062875781	22.81759023666382	1341096.537175747	22.173896074295044	1342221.213882747	14.405725240707397	1333372.9618714377	12.51322340965271	1340394.952228468	22.98714518547058	1342645.1384458772	22.459998846054077	1340203.948443249	16.2484188079834	1337646.8938436133	15.362012147903442	1341853.3150318288	15.421080112457275	1341500.249593326	
13.40742540359497	1341984.9714371176	22.843642473220825	1341136.7250227588	22.198429107666016	1342232.070090297	14.418737649917603	1333373.0247087446	12.527732133865356	1340386.4268122585	23.01276707649231	1342604.06998154	22.4740149974823	1340204.0437314014	16.262102842330933	1337640.6590288428	15.376047849655151	1341858.2903245816	15.45139479637146	1341519.740081564	
13.42161774635315	1341978.9000231738	22.87074303627014	1341138.97962981	22.225467681884766	1342200.6320973032	14.433751344680786	1333370.5486399268	12.540024757385254	1340392.551499923	23.037295818328857	1342613.308171297	22.48952627182007	1340209.5927229458	16.27660894393921	1337644.536586716	15.39108943939209	1341865.190098478	15.480919599533081	1341540.6937970417	
13.436125755310059	1341970.8252688984	22.895878076553345	1340779.1087261098	22.250489473342896	1342179.3573726285	14.446260213851929	1333377.9401898342	12.555528402328491	1340373.609400962	23.063817262649536	1342619.2546770228	22.50462317466736	1340185.1363544927	16.291624784469604	1337747.2059019029	15.40917420387268	1342270.3860972025	15.505309104919434	1341148.3428974377	
13.450946807861328	1341960.1000296285	22.924410820007324	1340837.6205726503	22.27364206314087	1342208.07026816	14.462777376174927	1333375.4200253938	12.568541288375854	1340385.9287400267	23.09134578704834	1342623.482395126	22.519359350204468	1340205.551486192	16.305633783340454	1337699.019762465	15.427143335342407	1342269.7637273716	15.526331901550293	1341150.5530939875	
13.465094804763794	1341960.7118031676	22.948119401931763	1340882.0961295718	22.296160459518433	1342207.9018950113	14.476465702056885	1333375.5070714962	12.582561254501343	1340381.539753588	23.117080688476562	1342617.842235168	22.532888650894165	1340210.7868116335	16.318642139434814	1337705.9791000087	15.442654848098755	1342162.4470668293	15.552353620529175	1341146.2813817617	
13.478110790252686	1341950.011583425	22.969913721084595	1341182.416431319	22.325519561767578	1342210.0605056633	14.491480112075806	1333386.7580815342	12.598071813583374	1340390.3249717015	23.14010190963745	1342610.7391581468	22.546404123306274	1340204.3856099118	16.33314824104309	1337766.699158143	15.460667371749878	1342161.0641335312	15.577374696731567	1341136.1086085443	
13.493624448776245	1341880.3487941746	22.99363684654236	1341173.717812986	22.34839677810669	1342326.262483601	14.505492448806763	1333387.7464651936	12.610080003738403	1340363.34097515	23.16263723373413	1342628.8756308695	22.558916091918945	1340205.5842378272	16.34677219390869	1337742.96238494	15.474174499511719	1342177.6323546038	15.602900266647339	1341145.4396322176	
13.508056640625	1341856.9928475274	23.02365207672119	1341205.3221272756	22.371413230895996	1342813.0638192343	14.520008563995361	1333399.5483265433	12.624588012695312	1341088.3855780608	23.18767261505127	1342922.4620057812	22.573527574539185	1340200.2040173505	16.363431453704834	1337748.7807577685	15.489861249923706	1342178.8040729507	15.624918222427368	1341106.7058943084	
13.521563291549683	1341031.9698705175	23.046178579330444	1341217.9984212243	22.39560079574585	1342804.3586342533	14.535025358200073	1333399.555813916	12.638595581054688	1341095.137325762	23.210689067840576	1342921.0005445012	22.58719277381897	1340197.0614378816	16.376935958862305	1337750.4353874119	15.505885124206543	1342525.385083156	15.657624244689941	1341107.212899297	
13.534071207046509	1341049.616660404	23.071472644805908	1341224.2498293458	22.41874599456787	1342830.0345036804	14.547535181045532	1333410.0265809346	12.652103424072266	1341085.3221617085	23.237207651138306	1342996.4758670868	22.60070490837097	1340184.7898580667	16.391945600509644	1337746.9824820585	15.520387172698975	1342482.2229219363	15.681160688400269	1341085.745574241	
13.550155401229858	1341070.6445329834	23.093502521514893	1341233.352670022	22.44475769996643	1342757.7257024888	14.562551259994507	1333353.7901800186	12.665108919143677	1341128.162779847	23.26174569129944	1342998.9763490662	22.61676287651062	1340182.745129701	16.405956745147705	1337680.2949215095	15.534497022628784	1342457.698408489	15.70439100265503	1341077.8030143797	
13.563186645507812	1341071.8158986736	23.120585441589355	1341202.5284163964	22.470741033554077	1342763.8964955222	14.578057527542114	1333384.8661816826	12.679400205612183	1341123.931349791	23.28426718711853	1343009.865533203	22.63178300857544	1340174.498950206	16.419968605041504	1337629.9566706957	15.548003196716309	1342434.38280725	15.732932090759277	1341090.6734224472	
13.578923225402832	1341074.4740381376	23.14361882209778	1341220.2157598678	22.49825644493103	1342772.6131288356	14.593109846115112	1333408.19819732	12.692910194396973	1341143.9158663957	23.308286905288696	1342986.377389694	22.645409107208252	1340208.655845239	16.4344744682312	1337653.6968887981	15.562258005142212	1342428.8779149149	15.758774757385254	1341122.6059795897	
13.591118574142456	1341115.6449165656	23.17211151123047	1341205.0951024005	22.526135444641113	1342770.8432459142	14.608625173568726	1333081.52886499	12.707919120788574	1341678.7325410855	23.334017992019653	1342979.3655703508	22.658557653427124	1340214.9779119748	16.450987100601196	1337670.1152968195	15.57792854309082	1342107.3500894012	15.790856122970581	1341478.6483124928	
13.604625225067139	1341105.7978249842	23.19885540008545	1341198.1288380483	22.553147077560425	1342290.4003437834	14.622406005859375	1333072.67208928	12.720430612564087	1341313.771092597	23.35954761505127	1343009.0109258443	22.671568393707275	1340249.4488400517	16.46617102622986	1337698.8607342306	15.591434717178345	1342082.6602025123	15.813683032989502	1341481.9060924635	
13.617638349533081	1340971.7045319378	23.221880197525024	1341181.9927376877	22.579349994659424	1342286.5327054418	14.637907981872559	1333039.4544738054	12.735447883605957	1341243.2586453427	23.38283610343933	1343272.7834537702	22.68390440940857	1340243.0974902052	16.480180263519287	1337724.2301781352	15.605451107025146	1342044.4606470289	15.839749574661255	1341440.06714744	
13.631148099899292	1340965.0478841702	23.249905586242676	1341893.6387398755	22.610864877700806	1342531.512737128	14.652924299240112	1332931.309528871	12.75082802772522	1341299.0232585596	23.408356189727783	1343320.656080688	22.698095321655273	1340243.6792867372	16.493686199188232	1337688.6385965056	15.621341943740845	1342074.2042709854	15.868935108184814	1341132.0698734191	
13.644655227661133	1340963.7228237635	23.27394676208496	1341155.9596571932	22.633874654769897	1342206.8107713957	14.66725754737854	1332769.867001596	12.763329029083252	1341294.5777574498	23.432376861572266	1343327.6554132574	22.711631059646606	1340232.3003841522	16.506697177886963	1337686.822921742	15.636055707931519	1341480.0322454935	15.895963668823242	1341140.656822165	
13.659172534942627	1340964.9998766545	23.294957876205444	1341161.3824186288	22.657392978668213	1342221.2675356127	14.680961608886719	1332728.524033736	12.775835514068604	1341319.1231106522	23.456405878067017	1343326.9716021162	22.723884344100952	1340242.7577354782	16.521707773208618	1337679.323837016	15.6500084400177	1341449.6919961749	15.915984630584717	1341238.6726343692	
13.674681186676025	1340940.429481294	23.318476915359497	1341169.4292417276	22.681755542755127	1342248.8588247544	14.696472406387329	1332892.6910164508	12.791346549987793	1341361.3988814927	23.480420112609863	1343340.5434999035	22.738905429840088	1340243.7330330422	16.53521180152893	1337675.8858376185	15.664016246795654	1341436.6108555985	15.930996894836426	1341251.5773740823	
13.68869924545288	1340941.2950138622	23.34300398826599	1341171.240483052	22.705777406692505	1342250.8193366982	14.710484504699707	1332538.4258446167	12.805359840393066	1341362.0307748816	23.50396418571472	1343343.4419473552	22.751725912094116	1340238.932190052	16.54837155342102	1337684.415969489	15.679510831832886	1341501.8085787264	15.945019721984863	1341258.4724036541	
13.7007155418396	1340947.6441867708	23.371020078659058	1341173.9691229977	22.727859020233154	1342243.3928464097	14.724994897842407	1332507.5666476602	12.821093559265137	1341457.9853141624	23.528114080429077	1343338.7138959675	22.765329599380493	1340246.9171049737	16.563740491867065	1337692.0040758552	15.692339658737183	1341527.29542684	15.960033178329468	1342067.5252420255	
13.714918851852417	1340912.2963894824	23.3966281414032	1341196.9620187748	22.753435373306274	1342271.2599055043	14.739509344100952	1332507.162225847	12.836599826812744	1341432.8578046323	23.552638053894043	1343351.2185013243	22.7789089679718	1340321.3905201326	16.57824730873108	1337673.1574917112	15.707350015640259	1341537.6406202381	15.973539113998413	1342076.111878182	
13.728934526443481	1341195.19675885	23.422147274017334	1341178.4421585838	22.777660846710205	1342274.5003067933	14.753524541854858	1332483.1949096753	12.849609136581421	1341472.753380912	23.57715892791748	1343347.22935013	22.791523933410645	1340325.6482449735	16.59400987625122	1337680.9214296844	15.720853805541992	1341529.9486298356	15.989619255065918	1342038.4805780565	
13.742444276809692	1341059.087037303	23.444992780685425	1341129.6588511483	22.801708221435547	1342276.1496498233	14.769030570983887	1332491.9254623218	12.863112449645996	1341461.2940439126	23.601359367370605	1343345.549827981	22.805577039718628	1340345.5749248697	16.606950998306274	1338059.7588494744	15.734409093856812	1341456.0479247211	16.005128622055054	1342057.615883943	
13.755454301834106	1341623.2563822658	23.478511810302734	1340956.744655802	22.825623750686646	1342270.573561204	14.785009622573853	1331955.6026296513	12.87612509727478	1341452.3809865112	23.628888368606567	1343344.0913909972	22.818792819976807	1340345.044760302	16.62196135520935	1338139.533800602	15.750917673110962	1341461.9299096672	16.020151615142822	1342009.0881363293	
13.76997447013855	1341605.2180654302	23.50255846977234	1341325.9088512368	22.8474383354187	1342238.4207668386	14.79902458190918	1331855.7614771468	12.893647909164429	1341433.3943213448	23.652413606643677	1343347.4383922284	22.832858324050903	1340351.0728075225	16.63746690750122	1338216.1608007732	15.768096923828125	1341524.6854413839	16.033660888671875	1342017.9048612833	
13.785698175430298	1341275.6626313871	23.528581380844116	1341287.162847152	22.870843172073364	1342142.6769801418	14.81210446357727	1332254.8989117036	12.907156229019165	1341430.6965991154	23.67794394493103	1343355.469582495	22.845004081726074	1340359.5134255174	16.65047812461853	1338232.7036683655	15.785589694976807	1341532.6451069023	16.04749345779419	1342013.025691516	
13.798438310623169	1341315.01243597	23.549597024917603	1341301.1468633178	22.899710655212402	1342175.5124162135	14.8266122341156	1331829.214766191	12.923017740249634	1341458.935564363	23.6989586353302	1343355.5149415312	22.862913131713867	1341093.7228436046	16.665210247039795	1338222.7393757426	15.800898313522339	1341249.981780996	16.06350803375244	1342002.4620323414	
13.81294560432434	1341309.0759407314	23.573976278305054	1341320.9964864862	22.923558712005615	1342117.1542281874	14.84163236618042	1331825.8323939191	12.940257549285889	1341453.8954346213	23.72499370574951	1343350.781500962	22.8808171749115	1341099.4137986181	16.67922282218933	1338217.7090687086	15.8140127658844	1341247.7258329282	16.078015565872192	1341958.050800636	
13.82545804977417	1341307.1366327018	23.60199284553528	1341024.3794672114	22.95201086997986	1342272.1975858274	14.855137825012207	1332462.6619573836	12.954764604568481	1341456.402802833	23.751532077789307	1343354.3519691378	22.897730350494385	1341095.9573509917	16.693726778030396	1338225.320584275	15.829183101654053	1341231.995222256	16.094541788101196	1341998.3752901168	
13.840479373931885	1341298.368236586	23.631776809692383	1341059.343285361	22.975861310958862	1342263.9164251934	14.870875358581543	1332477.1027313827	12.968777894973755	1341471.553022653	23.776055097579956	1343362.8139637862	22.912886142730713	1341096.0280908868	16.706243991851807	1338264.0944533632	15.843690633773804	1341294.7192142785	16.107755661010742	1342028.92113138	
13.85370135307312	1341296.2550560539	23.658095359802246	1341068.287759822	22.999579191207886	1342008.5830302956	14.88608193397522	1332520.1424594098	12.981786489486694	1341474.9236489492	23.80235457420349	1343351.523863139	22.932412147521973	1341093.0424182173	16.718953371047974	1338267.0897657913	15.858011722564697	1341268.683592998	16.1230525970459	1342023.3952789854	
13.868711233139038	1341299.0999170782	23.682196378707886	1341078.791051448	23.025696516036987	1342099.5809339532	14.90109634399414	1332573.023637381	12.995293617248535	1341344.675060173	23.82788062095642	1343356.864727549	22.948931455612183	1341110.2742875153	16.73646378517151	1339129.0687684547	15.87251591682434	1341290.6770520804	16.138559103012085	1342016.9452306654	
13.884216070175171	1341320.2657884394	23.70321488380432	1341073.2930487273	23.048948764801025	1342095.6992646959	14.917109251022339	1332581.843240754	13.010302066802979	1341342.5787473544	23.852403163909912	1343360.742813271	22.96284246444702	1341095.0818003523	16.754491090774536	1339131.0487844306	15.88652515411377	1341278.8100457143	16.15157437324524	1342180.6047352129	
13.89638066291809	1341296.6462785539	23.725229740142822	1341047.9240819695	23.071463584899902	1342095.288888609	14.935129880905151	1332567.0655012392	13.02381682395935	1341333.8235820644	23.877928256988525	1343226.4415538167	22.978955507278442	1341111.093582982	16.769184827804565	1339131.091281333	15.900535345077515	1341282.7742765304	16.165082693099976	1342174.093421008	
13.910465240478516	1341381.6679534994	23.747255325317383	1341066.8556055897	23.09359622001648	1342106.4767075293	14.947635173797607	1332567.1746608051	13.036327600479126	1341334.4552867685	23.905447721481323	1343212.5062668407	22.993011236190796	1341111.186436407	16.788194179534912	1339144.0172704188	15.91521143913269	1341299.455654076	16.18309450149536	1341952.2355355101	
13.923566579818726	1341395.0495505433	23.7737820148468	1340977.217336132	23.118404150009155	1342265.8836967594	14.960762977600098	1332883.5565503344	13.04834508895874	1341354.6618383855	23.929730653762817	1343213.2446766556	23.008594751358032	1341286.0638355508	16.80521059036255	1339149.5630655445	15.938219785690308	1341298.7060432807	16.19760227203369	1341957.8166561637	
13.937182664871216	1341400.7748923087	23.798272132873535	1340982.8305366293	23.141710996627808	1342269.0663306485	14.976270914077759	1332871.6939541507	13.06184983253479	1341359.200303588	23.9522545337677	1343212.241646065	23.0321364402771	1341238.6496343687	16.82322335243225	1339152.4475465056	15.961931943893433	1341298.4918085802	16.210617065429688	1341956.937580358	
13.950218915939331	1341430.1441147209	23.82630753517151	1340982.8203071393	23.164747953414917	1342250.9720813576	14.991795539855957	1332839.6414999848	13.074865102767944	1341392.5957584716	23.97682499885559	1343208.1359342763	23.053698539733887	1341315.107768588	16.840237140655518	1339159.404016904	15.98311185836792	1341310.7901954786	16.225125551223755	1341949.191410698	
13.962776184082031	1341441.1416474753	23.849677562713623	1340981.8236201894	23.188339233398438	1342251.7610349702	15.005976915359497	1332684.824673426	13.088656425476074	1341382.7017507232	24.000181198120117	1343198.996539104	23.076712131500244	1340813.1721700185	16.855406761169434	1338906.220153773	16.007628679275513	1341291.3354340983	16.241148948669434	1341956.7276112032	
13.977461338043213	1341437.837056736	23.873210668563843	1340995.540284882	23.212103843688965	1342251.5549537085	15.02011251449585	1332687.4868090344	13.102166652679443	1341403.376009489	24.025708198547363	1343235.776194271	23.09673261642456	1340715.8940257237	16.872091054916382	1338898.8338881899	16.031153917312622	1341291.5092438408	16.25648593902588	1341976.230028876	
13.98912787437439	1341447.0501639724	23.895230293273926	1341005.260834917	23.23570442199707	1342238.2329957937	15.034621000289917	1332386.9928777027	13.11667251586914	1341355.3486810322	24.053732872009277	1343225.334610292	23.115487337112427	1340724.112122778	16.88910675048828	1338869.390867832	16.054667472839355	1341271.0472956037	16.270857095718384	1341981.798050053	
14.003633260726929	1341438.9204804765	23.91549324989319	1341017.4185352284	23.259814023971558	1342246.1614649747	15.0491304397583	1332368.586360401	13.13119387626648	1341372.173917919	24.07975196838379	1342343.7666207675	23.133662939071655	1340740.0248150204	16.90411877632141	1338891.3712653264	16.076261520385742	1341251.2485991584	16.28610396385193	1341793.8247935316	
14.01613712310791	1341382.7526059097	23.938513040542603	1341018.1339329395	23.28633141517639	1342253.9664690667	15.064651250839233	1332385.8563989936	13.14448070526123	1341376.8900637836	24.103768825531006	1342327.2554825058	23.152679920196533	1340740.8860820748	16.918129920959473	1338891.9865604558	16.102468967437744	1341237.4086760571	16.300651788711548	1341770.1764950876	
14.028783082962036	1341428.6309942817	23.9640793800354	1340915.7369916483	23.3093421459198	1342247.5979716291	15.079405307769775	1332795.2470866882	13.159537315368652	1341393.0776899515	24.125010013580322	1342897.5739567806	23.17470693588257	1340741.1695915784	16.93364143371582	1338893.5273564358	16.123159885406494	1341243.6421588908	16.31255602836609	1341777.1284375114	
14.04228949546814	1341396.8738074887	23.986340284347534	1341464.9174734815	23.333706378936768	1342246.2496763866	15.095429420471191	1332617.7191355543	13.175044298171997	1341378.3419236634	24.15153193473816	1342874.624395009	23.20527458190918	1340676.9566643662	16.95274829864502	1339322.2122615075	16.147677421569824	1341250.660901369	16.328063249588013	1341755.0802723074	
14.055814027786255	1341387.5270314862	24.010217428207397	1341428.8726213921	23.363133192062378	1342215.8925165848	15.108934164047241	1332624.5531357045	13.189058303833008	1341381.9561151485	24.176055192947388	1342875.6130964302	23.225279808044434	1340684.8076817421	16.970406532287598	1339336.044315687	16.166678428649902	1341162.494221776	16.341111421585083	1341763.08322129	
14.06952452659607	1341386.0577856123	24.03173828125	1341412.7015383758	23.38664937019348	1342211.1306977826	15.121945858001709	1332637.092923495	13.203562259674072	1341397.8122200635	24.199177742004395	1342897.17392323	23.244669437408447	1340673.2330065765	16.986770153045654	1338925.4501627095	16.18779993057251	1341184.2862236956	16.354797840118408	1341751.7078641362	
14.082537651062012	1341927.5871635852	24.055149793624878	1341415.5508180945	23.411867380142212	1342233.8513025157	15.138482093811035	1332667.1690772385	13.217066764831543	1341353.1221114534	24.222193002700806	1342876.0261224888	23.265686511993408	1340683.6322523088	17.006561756134033	1338938.23602656	16.208832263946533	1341170.685849274	16.369816303253174	1341743.553145687	
14.096464395523071	1341926.29386465	24.080158472061157	1341429.3524600621	23.432509422302246	1342221.52373192	15.1524977684021	1332655.4155621734	13.230079412460327	1341340.509615709	24.244718313217163	1342900.8007622287	23.29064130783081	1340686.599142637	17.023188591003418	1338947.7479516733	16.230993270874023	1341144.1519830422	16.38632035255432	1341738.2664735208	
14.109327793121338	1341911.4776801295	24.106502056121826	1340911.7403591275	23.461190938949585	1342226.8164403054	15.16800856590271	1332652.1242343788	13.243585348129272	1341362.547205831	24.26937770843506	1342866.7862852064	23.311769723892212	1340690.971252409	17.03841280937195	1338946.9147253511	16.25200343132019	1341179.6495579218	16.402335166931152	1341739.6978566647	
14.123844623565674	1341189.358103884	24.129529237747192	1340918.9746165422	23.48871397972107	1342275.0118419263	15.18202018737793	1332706.8156219546	13.258594512939453	1341506.1872608964	24.29487442970276	1342897.4900714206	23.332807779312134	1340696.5901132212	17.05669379234314	1338935.3157832066	16.272382497787476	1341235.5004016336	16.416847467422485	1341652.0601521933	
14.136496782302856	1341204.0876110746	24.15208673477173	1340914.3303575877	23.51073670387268	1342271.2717502704	15.195532321929932	1332722.0324123271	13.275356531143188	1341521.6524797906	24.320663452148438	1342883.6693807386	23.35282802581787	1340664.490140215	17.073705434799194	1339326.0557928619	16.29750156402588	1341257.0819400593	16.431872129440308	1341657.9931460444	
14.151514768600464	1341216.4714090433	24.1811683177948	1340925.5512432877	23.537526845932007	1342266.0226189422	15.209053993225098	1332713.3322619582	13.28988528251648	1341507.8391041055	24.343703746795654	1342873.8190922907	23.37488102912903	1340634.5083348837	17.08721613883972	1339351.1629641645	16.317827463150024	1341551.41892269	16.447629690170288	1341663.8080271662	
14.165019989013672	1341271.051759353	24.203166007995605	1340926.419773966	23.561054229736328	1342236.4173213707	15.224242925643921	1332708.8721402427	13.303390264511108	1341512.7353789199	24.368968963623047	1342860.8148056932	23.396901607513428	1340638.3042124456	17.1042742729187	1339357.539195773	16.344084978103638	1341426.246172342	16.46164846420288	1341659.6812084971	
14.179837703704834	1341261.242961796	24.22433638572693	1340947.8930289058	23.598814725875854	1342335.576466687	15.240253925323486	1332752.0730143324	13.316894769668579	1341590.3605468932	24.3904926776886	1342826.2659769924	23.415562629699707	1340644.4725916504	17.11928653717041	1339372.8395230812	16.367610216140747	1341386.733816144	16.475148677825928	1341662.586879661	
14.193345546722412	1341274.47040499	24.244853973388672	1340892.8741430389	23.62915301322937	1342250.2754840124	15.256766319274902	1333026.7104535124	13.332416772842407	1341599.573970103	24.41452431678772	1343154.9151948325	23.438599109649658	1340650.18351864	17.132527589797974	1339369.8474712262	16.392579793930054	1341384.4192513623	16.490171670913696	1341591.8144893432	
14.205759286880493	1341262.072725736	24.269500494003296	1340957.1240031396	23.65267252922058	1342217.8521635965	15.271451950073242	1333040.1021558677	13.34567403793335	1341597.497116163	24.4415385723114	1343145.6855274467	23.460033655166626	1340644.9130981662	17.149800777435303	1339369.5831513922	16.425224781036377	1341381.9387876496	16.505834579467773	1341667.7272743243	
14.220777750015259	1341225.6333021417	24.294880867004395	1341025.3515966877	23.679937839508057	1342235.2224221965	15.288642644882202	1333136.8304282436	13.35969090461731	1341598.059285752	24.46656632423401	1343153.0373968729	23.48058581352234	1340739.9249915583	17.169572591781616	1339338.9670913578	16.45023250579834	1341354.1224915835	16.519857168197632	1341761.0222833464	
14.235283613204956	1341161.4076232025	24.319395303726196	1341014.5439097765	23.701459407806396	1342238.6229899514	15.303164720535278	1333141.4936021445	13.373965978622437	1341615.4609648352	24.49258327484131	1342855.7906689704	23.49797487258911	1340543.7323730753	17.187589406967163	1339352.3981991012	16.47252631187439	1341305.7782078753	16.533362865447998	1341693.9729515905	
14.247756958007812	1341156.8967803684	24.344915628433228	1341012.9071585825	23.72424554824829	1342239.2357279826	15.316673517227173	1333137.5242923973	13.387975454330444	1341614.9481797814	24.518608570098877	1342833.8216392433	23.511632680892944	1340574.536460336	17.206463098526	1339407.8297671822	16.496082544326782	1341322.424018806	16.546870470046997	1341453.3315690442	
14.261263370513916	1341165.1586693637	24.3662371635437	1341034.9084372122	23.749643325805664	1342256.0564726868	15.329185485839844	1333102.761890869	13.40251874923706	1341609.3778187565	24.542264938354492	1342831.9497915504	23.526886224746704	1340568.3513093726	17.231261730194092	1339162.7273536038	16.51780366897583	1341281.6231005858	16.560887813568115	1341461.3591735621	
14.27476716041565	1341181.412214214	24.387944221496582	1341039.8254686499	23.770553827285767	1342264.8811928318	15.342204809188843	1333067.6609586054	13.415210485458374	1341631.8195984608	24.56729507446289	1342829.129939329	23.54034686088562	1340572.2148126778	17.247395992279053	1339155.5905948356	16.53961992263794	1341081.434310357	16.576399564743042	1341459.6360766708	
14.287273645401001	1342210.7158755763	24.415597438812256	1341049.9502511574	23.792911529541016	1342248.8939056762	15.354708433151245	1333090.631343362	13.430223226547241	1341773.2070442433	24.589824676513672	1342829.7394083757	23.55528473854065	1340568.1568441316	17.266226053237915	1339313.2279052096	16.562631607055664	1341085.8097602553	16.591416835784912	1341455.9933803452	
14.302935361862183	1342212.9770671525	24.43918204307556	1341052.3797603708	23.815595149993896	1342249.0771274692	15.367726564407349	1333327.6030743911	13.44272780418396	1341785.050361364	24.611839294433594	1342830.5752439667	23.56948208808899	1340569.748799404	17.286311388015747	1339311.7610055362	16.580374240875244	1341097.9780626786	16.60692572593689	1341797.973531089	
14.318941354751587	1342231.9156420913	24.463979721069336	1341008.695243374	23.83961510658264	1342232.0274950708	15.380738258361816	1332955.0871581766	13.458231925964355	1341799.029729091	24.63736343383789	1343408.1373030106	23.58385419845581	1340604.0130943402	17.300960302352905	1339288.335780339	16.592881679534912	1341105.9990593242	16.620943069458008	1341810.4291411715	
14.331297397613525	1342228.8840773553	24.489991426467896	1340998.1115494913	23.865336179733276	1342226.8190981746	15.394251346588135	1332998.6718485667	13.470952272415161	1341793.3984393573	24.660887241363525	1343401.0212886026	23.599361181259155	1340499.3151598976	17.317068099975586	1339287.950108806	16.608892679214478	1341351.913210853	16.636449813842773	1341818.8428510511	
14.345802307128906	1342283.798572244	24.521010875701904	1341003.5161131218	23.89261794090271	1342230.2937722183	15.410284280776978	1332986.1301105178	13.484963655471802	1341814.093234716	24.685974836349487	1343400.505041857	23.61187982559204	1340509.4913047352	17.33578634262085	1339284.2127299705	16.622394323349	1341351.0467447133	16.65165638923645	1341706.98226259	
14.359695196151733	1343521.7599588872	24.546557903289795	1341069.422656351	23.918648719787598	1342222.9912350264	15.424424648284912	1333570.3158544153	13.500977993011475	1341837.095840717	24.709991455078125	1343426.5461893652	23.62682032585144	1340518.7605943715	17.350130319595337	1339286.366930022	16.638489723205566	1341622.1001108722	16.66616654396057	1341705.7091298527	
14.371706485748291	1343528.8624684638	24.573989152908325	1341053.1323145542	23.94379472732544	1342214.3001494333	15.438932180404663	1333552.2116334871	13.515479326248169	1341816.9465382262	24.734236001968384	1343402.8895951416	23.64016628265381	1340507.30746117	17.36363649368286	1339282.327724077	16.65551257133484	1341629.692236636	16.680409908294678	1341712.5726505597	
14.387940883636475	1343526.3001118652	24.59876322746277	1341001.0026140986	23.967487335205078	1342217.6996911915	15.452950239181519	1333513.318814886	13.530491352081299	1341866.1904256607	24.7627592086792	1343432.2034197224	23.657521724700928	1340506.251129581	17.378140926361084	1339501.5217451525	16.670723915100098	1341633.735969783	16.69522523880005	1341648.726257286	
14.40144681930542	1343387.221549305	24.62450647354126	1341018.4337282027	23.991289854049683	1342237.759074725	15.467240333557129	1333515.80858987	13.543500661849976	1341896.557256276	24.78652596473694	1343417.958197687	23.670302152633667	1340466.4213313959	17.394304037094116	1339498.4415968212	16.684728622436523	1341306.2208926973	16.707740783691406	1341663.6771470024	
14.415951013565063	1343387.2350175388	24.650025606155396	1341002.9012376335	24.015757083892822	1342183.411214771	15.481003761291504	1333522.834216418	13.561262130737305	1341867.214150375	24.810542821884155	1343404.9904507445	23.686987161636353	1340380.7956900639	17.410425186157227	1339472.5815718742	16.701980352401733	1341313.7446413261	16.72326946258545	1341679.1411234178	
14.43053650856018	1343356.9515981677	24.676252603530884	1341056.6104721564	24.043858289718628	1342184.4529920318	15.494519710540771	1333503.5698516197	13.576770305633545	1341843.3548435858	24.83406639099121	1343412.8469672773	23.700780868530273	1340374.3447519045	17.427550554275513	1339446.6948643597	16.717990398406982	1341332.094673736	16.736457586288452	1341678.016421365	
14.442042112350464	1343366.8373787976	24.700265645980835	1341069.3733597419	24.079429626464844	1342212.736058651	15.507543802261353	1333196.4121609873	13.595290422439575	1341825.349761651	24.85959219932556	1343423.033510531	23.717270374298096	1340354.515485397	17.442304372787476	1339455.9066788114	16.731704711914062	1341320.835292197	16.75050449371338	1341692.8381511369	
14.45550012588501	1343349.16123549	24.727281093597412	1341075.2998364235	24.10794472694397	1342200.802618788	15.521554470062256	1333965.7852222568	13.61129641532898	1341584.2611576142	24.88411808013916	1343436.8381556172	23.733020782470703	1340340.3963958616	17.458266735076904	1339493.0579354004	16.746412754058838	1341349.0471030183	16.765012502670288	1341703.1169725386	
14.47009825706482	1342704.414492009	24.755452394485474	1341028.0816948619	24.13408350944519	1342232.6653227434	15.537067890167236	1333966.4571589923	13.628307580947876	1341566.724439164	24.911136627197266	1343291.9673515072	23.747438192367554	1340371.4519142762	17.475556135177612	1339435.6582398198	16.76191759109497	1341335.157776929	16.77887272834778	1341675.603017555	
14.482603311538696	1342705.4413512708	24.779624462127686	1341047.857836348	24.159230709075928	1342233.5321520038	15.55367922782898	1333978.44380477	13.64281940460205	1341536.106728172	24.933347463607788	1343300.3056309775	23.76254677772522	1340369.7614301853	17.495349168777466	1339427.3972824367	16.7818341255188	1341338.526661293	16.791885375976562	1341668.5043029021	
14.497608184814453	1342679.1276861804	24.802141904830933	1341065.1024213813	24.18443727493286	1342165.562764155	15.56761384010315	1333941.7218880372	13.658835172653198	1341697.7315522195	24.958791971206665	1343300.969804406	23.777044534683228	1340401.058460036	17.51102590560913	1339398.6980460938	16.80435013771057	1341349.427961464	16.80539298057556	1341677.7334724895	
14.513272047042847	1342810.2007019531	24.828901290893555	1341088.0157066009	24.20873212814331	1342150.3013815538	15.582101345062256	1333964.3814058586	13.673643350601196	1341694.1516113903	24.981690883636475	1343271.3089438393	23.79085421562195	1340373.4883818752	17.522568464279175	1339409.4194894854	16.82607102394104	1341348.6731727407	16.818901777267456	1342112.2468874343	
14.528284311294556	1342638.5053068202	24.85092806816101	1341097.024354259	24.23375415802002	1342165.475378278	15.597607851028442	1333948.5797536592	13.692786693572998	1341695.5174194784	25.007401704788208	1343259.742814368	23.80602502822876	1340392.5982254702	17.53599977493286	1339417.770018263	16.84307861328125	1341341.45325595	16.835718631744385	1342136.5873495538	
14.54285216331482	1342583.5447928205	24.87676477432251	1341193.5170701449	24.259276151657104	1342171.4877379888	15.611794471740723	1333973.7369686842	13.707290172576904	1341693.3536986907	25.03241729736328	1343281.910843587	23.821654081344604	1340675.926274744	17.550670385360718	1339419.6921757576	16.86258602142334	1341341.6180492176	16.849812984466553	1342148.726218066	
14.556358337402344	1342558.8045479667	24.900890111923218	1341200.318306476	24.283802032470703	1342142.3831813105	15.626065015792847	1333930.4886684043	13.723304748535156	1341714.8878331988	25.058449268341064	1343293.0930389496	23.83623957633972	1340666.6048760961	17.563695669174194	1339419.9924166056	16.88210678100586	1341373.4555896942	16.865047454833984	1342151.5996645326	
14.571592807769775	1342566.2347889934	24.924360275268555	1341188.7681863026	24.307315349578857	1342142.713227397	15.640075206756592	1333951.211343027	13.737101316452026	1341715.180159575	25.08247137069702	1343296.535742015	23.850504159927368	1340661.7257256678	17.578202486038208	1339421.0363322375	16.90136218070984	1341365.4852561152	16.877559661865234	1342159.7467039418	
14.585952997207642	1341763.946518986	24.949466466903687	1341173.8096764653	24.331656455993652	1342141.4291366276	15.653582572937012	1333939.7386978355	13.7541184425354	1341726.0239041364	25.103986501693726	1343349.0144204418	23.866719007492065	1340690.009097875	17.59271788597107	1339424.3205114016	16.921370267868042	1341361.7258470433	16.89257287979126	1342115.0527823668	
14.600625038146973	1341941.4935652683	24.974443674087524	1341222.8025715218	24.356191873550415	1342144.2876429327	15.667209386825562	1333938.2482762132	13.771128177642822	1341761.095035609	25.133225679397583	1343340.412520394	23.882002592086792	1340724.9755661916	17.606233835220337	1339430.3697817312	16.940537214279175	1341359.9429006628	16.905394792556763	1342109.3105519868	
14.615130424499512	1341579.3497570246	24.998186111450195	1341041.7022447905	24.376569032669067	1342155.6601463256	15.680904150009155	1333935.3364754433	13.78713846206665	1341756.100992566	25.1552517414093	1343341.807918249	23.897196292877197	1340736.9341861515	17.62041974067688	1339434.5431018868	16.963139533996582	1341354.0171765378	16.920409202575684	1342116.880965335	
14.628139019012451	1341681.5400793476	25.02320885658264	1341041.575103117	24.40052056312561	1342161.56220491	15.69345498085022	1333932.5689739233	13.801155805587769	1341751.468091994	25.183518409729004	1343358.2744514323	23.913275003433228	1340721.0750858034	17.633930206298828	1339448.1431058347	16.982654571533203	1341306.419094504	16.935919523239136	1342120.7734781292	
14.642152309417725	1341686.4223016798	25.048725128173828	1341030.0282192542	24.42454719543457	1342176.5690453637	15.707464218139648	1333766.5562702164	13.818379640579224	1341764.4977012088	25.209176778793335	1343391.2410142394	23.925888538360596	1340697.732743395	17.646944999694824	1339448.1536213937	17.003876447677612	1341325.1071033229	16.95293402671814	1342127.714898495	
14.655657529830933	1341689.0603763147	25.071948528289795	1341020.0610030117	24.446318864822388	1342162.2959181315	15.723471879959106	1333548.2509300816	13.834526300430298	1341775.963844594	25.23369836807251	1343394.3184287203	23.940313577651978	1340711.546514506	17.66434645652771	1339396.4342636645	17.021382808685303	1341325.929757387	16.969987630844116	1342093.212367705	
14.66866660118103	1341689.0966893535	25.095979690551758	1341023.2454471106	24.47289752960205	1342189.4541352803	15.735978603363037	1333552.2599192658	13.850545883178711	1341784.8923080654	25.2592294216156	1343435.0152463452	23.955228090286255	1340675.6143719065	17.679360151290894	1339397.1029742053	17.04107904434204	1341322.1374963266	16.988999605178833	1342104.7255180741	
14.683176755905151	1341616.568153749	25.116522550582886	1341025.6511884548	24.500414848327637	1342202.5088658787	15.751991271972656	1333556.4589762483	13.865052938461304	1341774.831173588	25.28674840927124	1343422.915159272	23.96951127052307	1340671.5007442676	17.694372415542603	1339383.223888523	17.061087369918823	1341326.7753615424	17.00450825691223	1342136.2964103997	
14.695732831954956	1341615.0174934878	25.13917350769043	1341093.568935062	24.52647852897644	1342309.354794778	15.765496730804443	1333550.103355642	13.882087469100952	1341770.7811611106	25.310763359069824	1343435.1205661201	23.98434066772461	1340672.027606456	17.71220827102661	1339371.3332948706	17.08209800720215	1341334.3561932181	17.020522594451904	1342152.066367982	
14.710022211074829	1341606.882558818	25.16570520401001	1341021.1097375213	24.552486419677734	1342360.427177371	15.784153699874878	1333672.958376036	13.896590948104858	1341733.4428744575	25.34053325653076	1343426.6697278887	23.99924921989441	1340676.0456059612	17.728222846984863	1339384.9550281446	17.100995779037476	1341331.2872833677	17.037028789520264	1342113.8869901379	
14.722526788711548	1341611.201734671	25.191456079483032	1341084.135604967	24.579509258270264	1342370.9820312753	15.797665119171143	1333680.6444701224	13.915601968765259	1341742.3507836373	25.366562604904175	1343431.5947775054	24.014663457870483	1340671.1676706928	17.745392084121704	1339435.796217413	17.12067484855652	1341349.8147944133	17.052063703536987	1342114.7867794442	
14.737492799758911	1341614.7140542064	25.217971563339233	1341428.138648212	24.60524320602417	1342404.0922752626	15.812708377838135	1333734.7366707819	13.932615995407104	1341728.4286027797	25.392215490341187	1343447.3257428466	24.029683589935303	1340684.4797645502	17.764246702194214	1339454.596928413	17.142195224761963	1341334.7204062934	17.067290544509888	1342105.7293997398	
14.75100564956665	1341628.3492618087	25.23998761177063	1341350.4501721028	24.628928422927856	1342383.736053215	15.826105833053589	1333742.7049762364	13.951846361160278	1341729.779867574	25.415735721588135	1343453.680887695	24.044044017791748	1340678.2541336098	17.781322479248047	1339443.136936829	17.16315007209778	1341369.9932448368	17.086305618286133	1342091.0302772925	
14.765519857406616	1341631.1028766297	25.269692182540894	1341367.5585733748	24.65394949913025	1342401.713588713	15.840116024017334	1333688.9174009715	13.971861839294434	1341612.0279981827	25.441755056381226	1343436.4517153564	24.058643341064453	1340698.4856235676	17.79483127593994	1339456.3086578874	17.183351278305054	1341428.2128488172	17.102524280548096	1342094.031036456	
14.78075385093689	1341644.4650112656	25.292202711105347	1341354.2448883292	24.67897605895996	1342510.3612704007	15.853627443313599	1333891.7044925939	13.986874341964722	1341621.9435198873	25.46878409385681	1343443.849953903	24.07284712791443	1340692.026188737	17.80818796157837	1339456.3146824352	17.20201015472412	1341439.3167291153	17.118534803390503	1341963.7219675991	
14.794950246810913	1341637.0902562924	25.315699100494385	1341371.507806019	24.70298933982849	1342531.8538516548	15.867695331573486	1333870.7867945011	14.001891374588013	1341680.2318648978	25.49384117126465	1343444.546142876	24.088730812072754	1340308.4023719875	17.82253122329712	1339469.7745278315	17.222010850906372	1341414.4925416242	17.13404679298401	1342015.8805404066	
14.810058116912842	1341664.6866542865	25.337693691253662	1341373.143960875	24.731976747512817	1342535.6766921212	15.880207538604736	1333876.1057702235	14.01639461517334	1341685.8499677007	25.520363330841064	1343446.1431662824	24.103864669799805	1340308.4054597442	17.836551427841187	1339487.2377174147	17.242551565170288	1341434.010296188	17.149571895599365	1342023.6648615717	
14.823565244674683	1341646.4839641603	25.35969376564026	1341365.5436818884	24.75771689414978	1342556.8895680986	15.893377780914307	1333867.1181790659	14.03112530708313	1341602.4357055938	25.5461266040802	1343443.350957039	24.118217706680298	1340304.25881227	17.851568460464478	1339463.5773073013	17.26193594932556	1341425.6307793842	17.166078567504883	1342018.2875595447	
14.838576316833496	1341653.5741964567	25.385427713394165	1341360.9378636992	24.783808946609497	1342573.6260732017	15.905888795852661	1333877.2998031538	14.049135684967041	1341780.4573587205	25.57364797592163	1343430.6650876866	24.132240533828735	1340304.3720753498	17.869322299957275	1339202.6989531557	17.283122539520264	1341445.9041372433	17.18109655380249	1342013.7830868633	
14.852078914642334	1341658.8887194858	25.409945964813232	1341353.846915689	24.805591821670532	1342597.4639027608	15.919394731521606	1333876.832306701	14.069647789001465	1341759.4134046284	25.603530883789062	1343466.5665039802	24.14572548866272	1340309.1265585278	17.884928941726685	1339191.3626625556	17.302354335784912	1341394.8517852358	17.195602416992188	1342015.1387619507	
14.868732213973999	1341684.1197576625	25.43746519088745	1343292.391821351	24.82680082321167	1342569.7587966397	15.933415174484253	1333817.8099311579	14.08538818359375	1341763.9351518848	25.63188648223877	1343474.190274038	24.160601377487183	1340313.4385807724	17.903443336486816	1339191.8027923477	17.324023723602295	1341386.6245994107	17.211616277694702	1342011.109140172	
14.882237911224365	1341675.971919976	25.461937189102173	1343298.4991261452	24.851239442825317	1342570.769723513	15.946924686431885	1333635.7027878382	14.10439920425415	1341767.9795189796	25.663585662841797	1343482.5810144646	24.174201250076294	1340313.632468792	17.921299695968628	1339196.3137407862	17.342530488967896	1341388.9180219907	17.22712278366089	1341969.370684759	
14.897249698638916	1341685.121997651	25.488953113555908	1342971.550478001	24.87623119354248	1342361.7687093918	15.960933208465576	1333678.829339914	14.123917818069458	1341775.8022968338	25.691107749938965	1343487.6156251773	24.19145679473877	1340321.4281494408	17.938315868377686	1339189.2672551204	17.36254620552063	1341370.9492939932	17.24314546585083	1341971.6431137975	
14.911968231201172	1341675.9061168218	25.517974615097046	1342971.1770545647	24.898243188858032	1342368.5472138347	15.977439403533936	1333672.2087267165	14.141379117965698	1341777.5039952213	25.71351456642151	1343475.370484625	24.20654058456421	1340319.1755196878	17.955994606018066	1339427.8557099511	17.386566400527954	1341367.642433291	17.25975775718689	1341995.3440354643	
14.92797589302063	1341678.719818213	25.54148817062378	1342943.6747351359	24.923073530197144	1342368.287896657	15.99045443534851	1333672.0718981419	14.156545877456665	1341761.58213703	25.736756086349487	1343469.6178695392	24.221654415130615	1339757.797669346	17.973007917404175	1339429.8397558616	17.404215335845947	1341352.791874613	17.27626347541809	1342003.1724428441	
14.942485094070435	1342533.9884314951	25.566502571105957	1342952.0941418163	24.949613094329834	1342389.0835218008	16.004462718963623	1333789.237805986	14.176563739776611	1341770.4660616312	25.763280153274536	1343470.133380609	24.242712259292603	1339736.5661579499	17.99152708053589	1339337.6627915269	17.42502450942993	1341329.3953003103	17.29327702522278	1342004.7758102764	
14.954989194869995	1342399.3828354103	25.59937810897827	1342927.9738540575	24.977653980255127	1342332.0726038602	16.0174822807312	1333762.5560707839	14.194089889526367	1341766.2754648272	25.78980541229248	1343436.8685711075	24.25861430168152	1339733.7991247608	18.007357835769653	1339121.4044162135	17.446529626846313	1341338.9837383507	17.308483123779297	1342017.4922499568	
14.968868255615234	1342411.7992480106	25.629406452178955	1340699.7608840703	25.00108766555786	1342331.398577943	16.032296180725098	1333762.5521266272	14.211105823516846	1341775.051129978	25.817084312438965	1343429.9741945118	24.271867275238037	1339741.3998539285	18.026442527770996	1339105.1815451616	17.469372510910034	1341356.6173247106	17.324995279312134	1342020.3850224377	
14.982282400131226	1342413.0557442675	25.653122663497925	1340746.8266193436	25.023097276687622	1342341.9412976631	16.046260833740234	1333785.7741212025	14.228722095489502	1341902.3525704013	25.844609260559082	1343448.4451083166	24.28633141517639	1339736.5711303828	18.040687799453735	1339104.1071736955	17.487950563430786	1341258.5080225954	17.33900761604309	1342013.051716555	
14.995789766311646	1341284.4166775134	25.679831504821777	1340718.342156401	25.04761266708374	1342369.7149253357	16.061065196990967	1333771.1506718334	14.248735189437866	1342007.6763605713	25.871132373809814	1343455.037893368	24.301707983016968	1339738.5187898648	18.055697917938232	1339104.3425024142	17.50812816619873	1341274.420716152	17.355060338974	1341994.3445241353	
15.010619878768921	1341517.0645740062	25.704444408416748	1340727.1950911577	25.071266889572144	1342357.1427792355	16.075286865234375	1333761.762463065	14.266749858856201	1342020.0681061554	25.8966543674469	1343438.3387572311	24.31639790534973	1339738.2424493972	18.070115327835083	1339109.2739244786	17.525137901306152	1341383.1266273705	17.370095014572144	1341946.0165870707	
15.025635480880737	1341475.06309409	25.729472398757935	1340727.1429589987	25.09679937362671	1342457.575785013	16.09130096435547	1333751.1166015791	14.285494804382324	1342000.9386559306	25.92531681060791	1343430.2244132813	24.330949783325195	1339730.3387715982	18.089125394821167	1339114.2593618033	17.54614520072937	1341387.1715820252	17.38660192489624	1342026.6860022633	
15.039587020874023	1341495.8512805887	25.758001804351807	1340673.5017831833	25.12031626701355	1342486.7318735605	16.10481309890747	1333747.2104061067	14.30350947380066	1342010.6730533764	25.951843976974487	1343434.4674880411	24.344773054122925	1339447.8715884588	18.10564875602722	1339142.63905344	17.566656351089478	1341388.3677537844	17.4016170501709	1342034.1001681064	
15.051973342895508	1341495.5832277285	25.783174991607666	1340677.0460618888	25.143990516662598	1342467.2929622259	16.119321584701538	1333736.0492192828	14.32152533531189	1342021.2258609794	25.97836685180664	1343449.138801992	24.359055995941162	1339435.7496646596	18.122333526611328	1339144.3232153014	17.588021516799927	1341410.6087570866	17.41712236404419	1342028.224536871	
15.065477848052979	1341506.9782719358	25.806349992752075	1340681.864756442	25.16903829574585	1342482.1114766076	16.132339239120483	1333782.6582452054	14.336533784866333	1342027.1854306122	26.00359559059143	1343427.0241512887	24.37357449531555	1339430.6959671103	18.139231204986572	1339514.7533521773	17.608036756515503	1341417.5229359132	17.43313765525818	1341995.8260843877	
15.081103563308716	1341439.9844217573	25.83286428451538	1341085.5127417638	25.194466590881348	1342492.5657433216	16.147944927215576	1333777.069628416	14.354241371154785	1341984.9348688892	26.032615184783936	1343387.4941335518	24.38695216178894	1339438.7155934006	18.15591025352478	1339524.0150071003	17.62857699394226	1341413.5329246488	17.447660207748413	1342116.656181527	
15.095710277557373	1341423.6968424565	25.855162382125854	1341100.5537141864	25.22040057182312	1342469.8044606305	16.16291856765747	1333777.6282642558	14.37064814567566	1341995.1206181352	26.05964684486389	1343402.6367209086	24.40073299407959	1339438.0212767858	18.171430587768555	1339545.0602094207	17.643083810806274	1341477.880181995	17.46550440788269	1342168.74343513	
15.109848976135254	1341400.2232867633	25.882676362991333	1341093.4564909379	25.24263906478882	1342457.888687519	16.17642641067505	1333776.4307236183	14.389164209365845	1342172.1272858754	26.086174726486206	1343411.0289123273	24.414252758026123	1340011.7016071184	18.186259746551514	1339543.4803718133	17.65791130065918	1341486.8690529459	17.48051691055298	1342168.9893623188	
15.12199854850769	1341400.3198676135	25.908188819885254	1341108.2284828858	25.26596689224243	1342463.264465122	16.19047474861145	1333764.8994496665	14.40267014503479	1342174.7486983105	26.113691806793213	1343392.5342597475	24.430055379867554	1340008.9160095174	18.20310926437378	1339540.9224923283	17.67897367477417	1341486.5056227485	17.49903917312622	1342177.1947264546	
15.134503602981567	1341395.9910974668	25.932521104812622	1341127.2028901759	25.288008213043213	1342476.893651554	16.205668687820435	1333778.1316197182	14.419335126876831	1342164.8470051717	26.138789176940918	1343397.5621018615	24.441985845565796	1340000.023935679	18.220705032348633	1339538.9044571156	17.700753927230835	1341451.702102479	17.517196893692017	1342206.7308161731	
15.14851999282837	1341407.3093973428	25.955530643463135	1341157.8243093777	25.307750463485718	1342444.186786106	16.218690156936646	1333759.6879066557	14.438343286514282	1342161.1840708754	26.163817644119263	1343395.4832990295	24.45453667640686	1340005.6263369839	18.235780239105225	1339540.7484175896	17.718299865722656	1341458.4393588866	17.534239292144775	1342532.6270053585	
15.162030696868896	1341437.247994551	25.980047702789307	1341169.396955654	25.32886266708374	1342449.5182084742	16.233413457870483	1333845.0779218944	14.4548499584198	1342168.3689658982	26.1893413066864	1343396.403290691	24.469094276428223	1340025.2321653701	18.25327157974243	1339534.8070766826	17.736923694610596	1341451.7666337225	17.551963329315186	1342186.8057671278	
15.177284002304077	1341308.5469714787	25.999700784683228	1341169.697795912	25.35640788078308	1342459.471963516	16.246925592422485	1333869.8763929037	14.471524238586426	1342171.6212660135	26.22157049179077	1343372.4906249028	24.481598615646362	1339843.8959898695	18.268338441848755	1339565.518090197	17.75601840019226	1341453.9698004473	17.5749454498291	1341957.7826659402	
15.190558671951294	1341343.0909081697	26.027337074279785	1340817.143296243	25.383131504058838	1342408.3914454838	16.262453079223633	1333865.128829855	14.488446712493896	1342171.270897457	26.247090339660645	1343348.0274807008	24.496143341064453	1339791.0160760435	18.285356283187866	1339566.6572060403	17.776305198669434	1341625.8930287098	17.592958688735962	1341965.8059235124	
15.20406460762024	1341334.4198170013	26.053351879119873	1340828.756814479	25.406506538391113	1342421.2852062024	16.277190685272217	1333869.5204214351	14.505650520324707	1342336.7110180932	26.274118423461914	1343333.9748768236	24.50957989692688	1339820.7735482533	18.299869060516357	1339571.0712319252	17.79396390914917	1341645.2755646964	17.61397695541382	1341971.1264169281	
15.217567205429077	1341329.3180767768	26.078362703323364	1341054.4455766224	25.432520866394043	1342410.016869461	16.290204286575317	1333816.7197524996	14.523253440856934	1342135.0991899462	26.297147750854492	1343390.640374614	24.52262806892395	1339836.4930204875	18.318390130996704	1339644.7320227032	17.81497550010681	1341608.9187387354	17.630990266799927	1341936.7367864829	
15.229575395584106	1341263.2948210987	26.10387682914734	1341429.4324719824	25.45704674720764	1342419.5641583963	16.30572247505188	1333825.6483911062	14.53876805305481	1342164.1547182137	26.32167148590088	1343389.4099918613	24.53661322593689	1339402.5260230605	18.33440899848938	1339666.628406944	17.83221936225891	1341629.64549018	17.64877200126648	1341941.3033250107	
15.243040084838867	1341189.347519891	26.13154935836792	1341560.9382365663	25.480184316635132	1342411.8784806344	16.319236040115356	1333839.9364247865	14.55497145652771	1342161.5596695382	26.344703197479248	1343396.0506498932	24.55004096031189	1339403.4012862085	18.348421335220337	1339638.140886044	17.851229906082153	1341632.5279595547	17.664286136627197	1341959.4496627748	
15.25754451751709	1341203.3996660493	26.155559539794922	1341544.7988113058	25.50406765937805	1342415.598550331	16.334249258041382	1333672.2875299528	14.574623584747314	1342161.619623444	26.37022352218628	1343444.5847596102	24.563889503479004	1339415.058461409	18.36373233795166	1339648.9687458747	17.87175679206848	1341620.0130411203	17.689809799194336	1341961.977982958	
15.271554470062256	1341212.4081094854	26.174577713012695	1341539.6626841293	25.52909779548645	1342405.3744233586	16.348756790161133	1333997.05561671	14.591139316558838	1342129.8856294136	26.39624309539795	1343445.4498883316	24.57697367668152	1339421.3510735992	18.37924838066101	1339602.9561012194	17.890766382217407	1341573.1763434361	17.718576908111572	1341950.7610557913	
15.286057233810425	1341251.1590355423	26.203004837036133	1341407.7118937233	25.552854299545288	1342411.3714304257	16.36377477645874	1334040.773261501	14.608144283294678	1342155.444408319	26.422275066375732	1343457.237229217	24.5926411151886	1339395.949559321	18.395262718200684	1339664.1299653142	17.91300368309021	1341590.552496466	17.749340295791626	1341953.1626024821	
15.300067663192749	1341323.168688113	26.22851824760437	1341410.1218440086	25.58240294456482	1342412.3364727097	16.380791425704956	1334397.65922435	14.624659061431885	1342255.6416061367	26.449869632720947	1343455.2060260947	24.605422973632812	1339978.765686439	18.410786867141724	1339658.595032707	17.932029485702515	1341604.1640365492	17.78323483467102	1341956.1450367009	
15.314204692840576	1341345.4845437976	26.252540111541748	1341428.95049688	25.618547439575195	1342351.2231612944	16.39730191230774	1333715.8411899856	14.642289876937866	1341930.5390297545	26.47490382194519	1343466.2847384755	24.62004566192627	1340016.2732035047	18.429306745529175	1339663.7396789198	17.953044891357422	1341640.002399731	17.810775756835938	1341920.7101379053	
15.327999830245972	1341233.5799766637	26.27655005455017	1341433.852036673	25.64407467842102	1342345.5984487222	16.41255235671997	1333729.5892683405	14.659300565719604	1341953.4302269777	26.503753662109375	1343467.0786782005	24.63474202156067	1340010.1545162653	18.442813396453857	1339662.6950025083	17.972970485687256	1341645.1333041533	17.838451623916626	1341935.2953968195	
15.339918613433838	1341226.120072332	26.301079034805298	1341429.5903381158	25.66612696647644	1342338.3011693293	16.42906403541565	1333728.6826438657	14.676407098770142	1341948.4243440821	26.53662085533142	1343406.1976449366	24.649468898773193	1340112.4981064934	18.456835746765137	1339694.7041799328	17.99057912826538	1341736.9394975319	17.86654758453369	1341937.350133122	
15.354427576065063	1341165.0837987282	26.326096057891846	1341303.7949849996	25.692742586135864	1342555.0090595374	16.446531057357788	1333749.5846347637	14.693973064422607	1341869.5211771464	26.56213927268982	1343424.8570679654	24.664947748184204	1340374.832682265	18.471664905548096	1339764.014609579	18.011587858200073	1341613.6410034546	17.89492392539978	1341918.9821144734	
15.365930318832397	1341169.7953610262	26.35226058959961	1341305.9476363044	25.71826195716858	1342538.304409118	16.4612717628479	1333735.9186264365	14.70897889137268	1341872.0400867849	26.590923070907593	1343419.83071671	24.679392337799072	1340391.602450944	18.48918318748474	1339630.3272921196	18.032596349716187	1341760.3168058423	17.927489757537842	1341919.5567674777	
15.379518985748291	1341203.8079748743	26.377783060073853	1341307.2842318995	25.74397563934326	1342538.2001830293	16.477964162826538	1333803.9961845714	14.724493980407715	1341875.283580233	26.618448734283447	1343425.5646910854	24.693478107452393	1340411.3964079183	18.504703998565674	1339616.089066923	18.049604654312134	1341858.772542722	17.95753788948059	1341995.1733313634	
15.394030570983887	1341150.1236573118	26.39930772781372	1341312.4235199392	25.76696515083313	1342538.4887887482	16.49298667907715	1333831.309763976	14.739006996154785	1341888.4237637445	26.648553609848022	1343403.7159538823	24.707804441452026	1340415.1437664784	18.522215843200684	1339260.9378765447	18.07425856590271	1341864.8728906042	17.983059406280518	1341987.0770743503	
15.407596349716187	1341150.149017749	26.42232871055603	1341296.6326146917	25.7930109500885	1342509.198547732	16.50800061225891	1334063.170979909	14.755227088928223	1341891.3910553157	26.677582263946533	1343388.5494840497	24.722086191177368	1340466.048897742	18.54144859313965	1339689.9705287318	18.09528660774231	1341859.9551043306	18.017584085464478	1341976.5307753945	
15.419657230377197	1341152.3291444234	26.445354461669922	1341297.3076686915	25.815205097198486	1342511.6776244193	16.524015426635742	1333931.726724329	14.770237684249878	1341902.5697576087	26.70110559463501	1343389.984723215	24.73525333404541	1340464.1511867351	18.55947518348694	1339542.5186508913	18.11317801475525	1341861.6453240556	18.04411029815674	1341950.0068142416	
15.434168577194214	1341108.78691058	26.465760946273804	1341284.5318377842	25.839357614517212	1342520.2221962747	16.540026903152466	1334076.504481022	14.7852463722229	1341898.9254933735	26.727225065231323	1343382.0209911535	24.750492811203003	1340470.9376346485	18.573976278305054	1339562.6934018673	18.13118839263916	1341843.892153568	18.071919918060303	1342210.0768276437	
15.457573175430298	1341088.0161416233	26.49428629875183	1341284.7447993634	25.862722635269165	1342491.7294255379	16.55553889274597	1334085.0039310928	14.799254417419434	1341897.2820450354	26.757567644119263	1343391.6080104993	24.763211727142334	1340434.4487073568	18.589492082595825	1339566.8338628276	18.15086030960083	1341853.8822612523	18.1024432182312	1342247.4755765202	
15.471528053283691	1341105.9466763826	26.52133011817932	1341081.9728098486	25.886741399765015	1342493.4661467143	16.57155752182007	1334090.6318991177	14.815282583236694	1341942.885995199	26.781885147094727	1343423.8739823608	24.775866985321045	1340436.7617384363	18.606712818145752	1339572.9956125594	18.168350219726562	1341852.4342240153	18.127536058425903	1342245.989927126	
15.483886957168579	1341093.6055364353	26.542365312576294	1341135.449452816	25.911614894866943	1342513.2033535026	16.588064908981323	1334317.9604311183	14.830296277999878	1341945.5458916181	26.807949542999268	1343424.750278604	24.789167404174805	1340417.5738782664	18.62830090522766	1339592.1877732563	18.193366050720215	1341864.0683398505	18.153581380844116	1342266.4922211913	
15.49790096282959	1341087.762259687	26.56904411315918	1341134.812461002	25.93546986579895	1342513.0782845668	16.602588891983032	1334330.1222786123	14.844908475875854	1342000.8068713306	26.831618309020996	1343414.6806383058	24.80263376235962	1340438.566515187	18.645316123962402	1339528.229006746	18.211403608322144	1341861.965404541	18.184104442596436	1342272.0634012215	
15.511777639389038	1341087.1084225713	26.59500789642334	1341360.4194017455	25.958930253982544	1342491.279238382	16.619958877563477	1334308.2264910848	14.859917163848877	1342007.0566175573	26.86165714263916	1343405.027625082	24.81581950187683	1340394.882130047	18.666765928268433	1339525.1359345366	18.22739005088806	1341878.58384241	18.20862340927124	1342292.6826708356	
15.525282621383667	1341084.475786126	26.628050565719604	1341204.6708408343	25.9864764213562	1342515.7806535843	16.635468244552612	1334327.2101696115	14.874099254608154	1341975.079830988	26.887311458587646	1343400.1129250731	24.829622745513916	1340401.7640995074	18.682284593582153	1339529.342261046	18.24440026283264	1341891.146878333	18.2369647026062	1342289.3190668127	
15.54030990600586	1341079.327412759	26.648080110549927	1341205.2198065917	26.011107206344604	1342844.3236160188	16.65248680114746	1334327.7709571642	14.887109279632568	1341934.0485425557	26.912365198135376	1343340.6126238783	24.842546463012695	1340401.4045984761	18.69829225540161	1339473.2706120703	18.262399435043335	1341936.5731529407	18.26519775390625	1342297.172092546	
15.55281662940979	1341090.3901722308	26.670952081680298	1341190.2640181656	26.036630153656006	1342820.1864278573	16.668368339538574	1334346.440404874	14.903119802474976	1341938.1774005496	26.937195301055908	1343363.483926416	24.855127811431885	1340408.2879683862	18.718315839767456	1339470.715057922	18.28144359588623	1341920.9586057933	18.290722131729126	1342299.5832843848	
15.567328453063965	1341097.1415851999	26.693467140197754	1341179.4031977186	26.061686992645264	1342821.4503556574	16.687589406967163	1334293.7688591708	14.916622400283813	1341952.6172036445	26.962718963623047	1343339.1620285113	24.868401050567627	1340414.5481912962	18.736835479736328	1339478.3271055147	18.30019187927246	1341907.587864963	18.321523666381836	1342291.4557382285	
15.58112120628357	1341140.9901372234	26.718982934951782	1341722.5680335257	26.08620309829712	1342753.1151434777	16.705137252807617	1334309.8617605595	14.932631015777588	1341936.3491750278	26.98931384086609	1343346.8286727478	24.880901336669922	1340416.8666010904	18.75407648086548	1339490.5950846819	18.320447206497192	1341889.9726601806	18.347063779830933	1342303.9246711787	
15.59463095664978	1341068.1343343875	26.74592089653015	1339785.4617872713	26.111743927001953	1343188.2060734981	16.720709323883057	1334319.8740155816	14.949146270751953	1341950.479274504	27.01555109024048	1343347.4755249885	24.89397883415222	1340370.3977534273	18.771564722061157	1339472.0916637124	18.33802580833435	1341873.1436332588	18.374945402145386	1342309.698655602	
15.608646154403687	1341061.3538571245	26.769583225250244	1339791.5033874102	26.134272575378418	1343187.382496323	16.735217571258545	1334061.4069811394	14.963650226593018	1342983.1951218056	27.03653621673584	1343363.0436592817	24.906620025634766	1340405.4050634918	18.790082454681396	1339528.3619032542	18.357041120529175	1341890.3611253055	18.400922298431396	1342307.0261882893	
15.622153997421265	1341069.6771448818	26.795344591140747	1339788.857542708	26.159786224365234	1343177.0609367713	16.750231504440308	1334488.3708189167	14.978775978088379	1343001.0163164462	27.06056308746338	1343368.2573684477	24.919483423233032	1340412.8083435125	18.806599378585815	1339513.5671139031	18.375340938568115	1341881.1483901201	18.429564237594604	1342291.0007662945	
15.636664152145386	1341075.1869033491	26.820722341537476	1340087.1897913245	26.186311960220337	1343191.4671493059	16.766932487487793	1334479.652309124	14.993785858154297	1343050.172491807	27.085317134857178	1343364.1183839804	24.933433294296265	1340402.574391286	18.826119422912598	1339524.595153572	18.39298915863037	1341945.5379423231	18.456746578216553	1342293.0675928898	
15.649706363677979	1341077.2409866648	26.852261304855347	1340087.1930451598	26.21332621574402	1343195.522970666	16.782947540283203	1334481.8807607032	15.007290840148926	1343046.5524247475	27.11233162879944	1343351.0510267636	24.945230722427368	1340398.9857009943	18.84663152694702	1339543.9386195447	18.410855054855347	1341947.9776994882	18.48227047920227	1342347.5474208528	
15.663212299346924	1341074.8474628094	26.879043340682983	1340285.8834555482	26.2375545501709	1343199.5710570028	16.798964023590088	1334932.8547145152	15.022300004959106	1343049.2616861735	27.138975858688354	1343318.082078315	24.959271669387817	1340398.1543241502	18.86265254020691	1339549.2117681277	18.430492639541626	1341932.1693557377	18.510591983795166	1342350.0929674264	
15.676717281341553	1341072.3481600299	26.906072854995728	1340264.7762970605	26.26852560043335	1343234.3096910005	16.818174600601196	1335061.285124774	15.035485982894897	1343051.9787443862	27.163512229919434	1343324.1299002375	24.972914218902588	1340993.912211532	18.882150888442993	1339544.5016470016	18.451037883758545	1341936.7033197845	18.52709937095642	1342342.539331565	
15.690642595291138	1341075.3897942274	26.935139179229736	1340271.0116733394	26.302628755569458	1343257.291298427	16.836701154708862	1334401.9363226262	15.04849100112915	1343035.1466857702	27.190157890319824	1343329.62796956	24.986557483673096	1340988.4186603497	18.899664163589478	1339531.4454209113	18.470061779022217	1341439.7028951843	18.54962682723999	1342314.2693831364	
15.70517110824585	1341060.177018202	26.96286630630493	1340268.7092271214	26.335742473602295	1343257.9721300567	16.853721380233765	1334402.870925608	15.06300401687622	1342988.0682304634	27.217684268951416	1343315.5363121019	24.999131441116333	1341012.8957918717	18.915676832199097	1339532.114396089	18.487687587738037	1341012.0382261416	18.57763981819153	1342329.1506469804	
15.718945741653442	1341070.6664013097	26.991400241851807	1340246.402502741	26.36656427383423	1343263.7719408826	16.867573499679565	1334358.0626379051	15.07830262184143	1342986.1562275814	27.247203588485718	1343338.1132951502	25.014299392700195	1341018.8103372923	18.931706428527832	1339522.3599530242	18.505306482315063	1340994.4766868872	18.605159282684326	1342061.94487698	
15.732505321502686	1341067.9274081513	27.0194091796875	1340100.979463944	26.396560192108154	1343219.6099744262	16.884811639785767	1333821.1572507028	15.096362590789795	1342971.0016945023	27.268723964691162	1343355.1953520316	25.027528285980225	1341034.3793345052	18.948980569839478	1339523.1548747914	18.524022102355957	1341001.1946823345	18.63068175315857	1342057.1005188425	
15.74595594406128	1341068.9590459105	27.042875051498413	1339451.2410796564	26.42796802520752	1343005.4890551136	16.90033459663391	1334165.7316585314	15.111333131790161	1342951.8472469437	27.293744325637817	1343406.1558911277	25.0410099029541	1341023.2098414523	18.967189073562622	1339520.5679795463	18.54944658279419	1341003.4395133774	18.659818649291992	1342079.6450481557	
15.75849723815918	1341081.6790812437	27.065096378326416	1339464.885655895	26.459482192993164	1342998.2457681918	16.917051553726196	1334152.522140582	15.128341674804688	1342940.7927436414	27.3246066570282	1343382.7471120874	25.05470633506775	1341032.3937876301	18.985708475112915	1339166.0308316487	18.56645631790161	1341011.2081173477	18.684774160385132	1342104.2003635066	
15.7730712890625	1341062.891675596	27.087105751037598	1339458.2389137014	26.488512992858887	1342996.911313693	16.93306851387024	1333843.8301358246	15.143665552139282	1342943.8367909256	27.351362943649292	1343380.7041024053	25.068950414657593	1341410.6738428255	19.004366636276245	1339173.9652894323	18.58065938949585	1341010.2389137796	18.714584589004517	1342121.8837119346	
15.788458347320557	1340982.4875187974	27.114131927490234	1339450.2319041856	26.518968105316162	1343401.8240286733	16.953086376190186	1334203.218729423	15.159757852554321	1342956.4336333333	27.37663173675537	1343384.0287175714	25.083577394485474	1341412.8449856846	19.025887966156006	1339184.2026812958	18.60230588912964	1341007.8207669614	18.746113300323486	1342096.6527746331	
15.801961898803711	1340975.0157029254	27.141146659851074	1339427.928354939	26.54759430885315	1343165.7333385209	16.969427347183228	1334105.0656284736	15.175262689590454	1342958.8400285263	27.402044534683228	1343388.19912822	25.097421407699585	1341456.494914368	19.04242491722107	1339207.8918317126	18.620314836502075	1341013.9189544755	18.781145334243774	1342034.3856293042	
15.81547236442566	1340948.4173514836	27.16574215888977	1339420.5952094554	26.575608015060425	1343208.3476096361	16.98644495010376	1334048.637106384	15.191600322723389	1342978.4753773382	27.428697109222412	1343399.4501985614	25.11070442199707	1341451.3818473706	19.05592656135559	1339214.117923098	18.6417977809906	1341005.2823161224	18.810665369033813	1342032.0499908752	
15.829483032226562	1341249.3859031918	27.187984466552734	1339422.1917129455	26.603793621063232	1343114.8260872166	17.000454425811768	1334042.0548250447	15.208471059799194	1342960.473716531	27.45873260498047	1343448.467038944	25.12367820739746	1341481.6014085778	19.07119107246399	1339235.7697425848	18.6618070602417	1341017.8665773317	18.839183568954468	1342098.545319779	
15.844494104385376	1341247.0254366477	27.21201992034912	1339432.409871238	26.6463143825531	1343112.9117411994	17.01802921295166	1334121.921933711	15.223751783370972	1343115.4611997106	27.484252452850342	1343454.5615419315	25.136542797088623	1341527.396528805	19.08469557762146	1339294.6777057773	18.680110454559326	1341019.7249020028	18.86500573158264	1342111.665949106	
15.859276294708252	1341261.3157281752	27.23606014251709	1339397.661816428	26.68333601951599	1343112.4743132924	17.033815383911133	1334121.620592897	15.238759994506836	1342943.1958554476	27.51026725769043	1343473.4444804543	25.150014400482178	1341536.1655639096	19.10021209716797	1339239.385737801	18.70239782333374	1341017.0620291552	18.89901089668274	1342140.1425766218	
15.873779773712158	1341137.1165904154	27.261091470718384	1340014.3894111516	26.707849740982056	1343114.919405625	17.050331115722656	1334110.966848531	15.253266096115112	1342951.9513611211	27.534033060073853	1343475.7666079963	25.163801193237305	1341526.8601337713	19.113226413726807	1339221.5742601615	18.717966318130493	1341025.7786141632	18.942317962646484	1342169.2525316174	
15.887786626815796	1341069.0966664169	27.284478664398193	1340031.0566249841	26.732909679412842	1343125.5662386983	17.066749334335327	1334150.076480564	15.26927638053894	1341971.5427963978	27.560558319091797	1343477.035391067	25.177692651748657	1341071.7873814392	19.126237630844116	1339222.2772765146	18.737221717834473	1341025.7609312348	18.971840143203735	1342177.6932373117	
15.90329909324646	1341062.1460413688	27.307010412216187	1340046.6727117694	26.76114821434021	1343128.3478816035	17.084916830062866	1334152.582900838	15.282835483551025	1341958.8400336057	27.595715522766113	1343497.9114528757	25.19184684753418	1341070.1326308292	19.139434814453125	1339210.576999961	18.761362075805664	1341425.1588208254	18.995855569839478	1342188.7951350522	
15.915878057479858	1341070.921413845	27.333524227142334	1339998.6671024566	26.784167051315308	1343125.8354494644	17.100427865982056	1334099.3594731577	15.300022840499878	1341956.192660222	27.654266357421875	1343503.6179397698	25.208266496658325	1341070.2925447903	19.153949737548828	1339332.6775078655	18.785923957824707	1341436.5605370796	19.024375915527344	1342195.1692487875	
15.929886102676392	1341111.6617979747	27.35453200340271	1339989.8331503198	26.809935569763184	1343105.709211878	17.11544680595398	1334869.662704913	15.316530704498291	1341952.7162136417	27.689791679382324	1343502.8541911524	25.222691297531128	1341071.2045105547	19.167460680007935	1339050.4635611027	18.80493450164795	1341436.6646917046	19.04991340637207	1342259.982996135	
15.94339919090271	1341138.2071029805	27.38605308532715	1339938.8260145439	26.83376717567444	1343132.352654107	17.131460905075073	1334079.954041572	15.332542181015015	1341963.4137606688	27.72782564163208	1343500.7814910423	25.23705506324768	1341071.7782525674	19.181978464126587	1339070.8371405941	18.823169469833374	1341435.9194466216	19.072927474975586	1342237.1661475343	
15.956460237503052	1341141.0842271447	27.412827730178833	1339545.236892706	26.857788801193237	1343135.4734312475	17.144965410232544	1334036.872810069	15.346811294555664	1341970.8474980895	27.766366004943848	1343487.7729955113	25.249338150024414	1341104.0297947994	19.19648575782776	1339122.8054207002	18.842382669448853	1341433.8445064907	19.1019549369812	1342218.3887140912	
15.971743106842041	1341087.2828395711	27.443340301513672	1339540.0036394938	26.888871431350708	1343134.4443756302	17.160984992980957	1334043.9002153194	15.362823247909546	1342025.6267579582	27.802338361740112	1343482.1804562116	25.262798309326172	1341112.2529281538	19.21151089668274	1339915.2677779028	18.85639238357544	1341994.2997738621	19.135255098342896	1342250.649927174	
15.98572850227356	1341101.9592699716	27.467474222183228	1339528.904729755	26.915395736694336	1343137.1055668842	17.17449378967285	1334029.8438734296	15.380833625793457	1342021.3565943234	27.84486198425293	1343506.169189385	25.274736404418945	1341107.196797892	19.225193977355957	1339926.403420822	18.8724045753479	1341995.545444436	19.15929388999939	1342247.0116898532	
15.999444723129272	1341095.1176380555	27.49459671974182	1339598.240549656	26.945655822753906	1343148.5265512909	17.189001321792603	1333996.868313769	15.398345232009888	1342011.6238761265	27.880932569503784	1343505.253051944	25.289295434951782	1341142.7340962463	19.23922348022461	1339938.303456856	18.88853430747986	1341978.625187435	19.189818859100342	1342213.7472478356	
16.012951374053955	1341106.4194454674	27.519633293151855	1339391.7502314665	26.971161365509033	1343164.5410627997	17.203526496887207	1334028.8639233878	15.416855812072754	1342073.5294554136	27.92198348045349	1343486.0481290012	25.30154252052307	1341143.5272546464	19.254233598709106	1339912.6840030951	18.905052661895752	1342102.0078106343	19.211960792541504	1342214.8015810195	
16.026461124420166	1341109.4162803309	27.546163320541382	1339362.9385685727	26.997445821762085	1343119.576655746	17.218541383743286	1333971.9313510638	15.436376333236694	1342059.4409084897	27.963638067245483	1342980.5295703714	25.315975666046143	1341145.7120018667	19.2680881023407	1339839.7097805892	18.921289205551147	1342081.9853279681	19.23862075805664	1342167.7433494427	
16.04046607017517	1341166.480273531	27.57016921043396	1339371.4828038174	27.027551651000977	1343101.7411497028	17.234199285507202	1333983.3082990185	15.451306581497192	1342068.7420685987	28.00034475326538	1342976.349695072	25.33035683631897	1342358.1832042327	19.28218674659729	1339864.053068943	18.940300464630127	1342086.8460005468	19.26723575592041	1342164.285056814	
16.05448627471924	1341169.7594086642	27.59918713569641	1339071.9108088585	27.055822610855103	1343103.3434892746	17.24671244621277	1334091.5380954554	15.46875286102295	1342099.2725553936	28.03837490081787	1342983.557407714	25.345393657684326	1342357.031868552	19.297300815582275	1339858.44930914	18.957404613494873	1342094.3884661682	19.292763471603394	1342170.8439097158	
16.06749129295349	1341250.744813167	27.634721040725708	1339170.7960746665	27.082592487335205	1343584.5695352303	17.26223874092102	1334096.0227921456	15.484839916229248	1342114.4170809512	28.0780770778656	1343011.10157779	25.361953020095825	1342357.6148796538	19.312151193618774	1339879.915281516	18.970223903656006	1342101.0599195068	19.319260120391846	1342203.4527752295	
16.08099913597107	1341251.6455204517	27.65702486038208	1339157.750131036	27.10942554473877	1343620.2836822798	17.27826452255249	1333987.823380489	15.501852989196777	1342121.767023343	28.118106365203857	1342994.2897077748	25.377490997314453	1342371.381779879	19.32673406600952	1339895.7390965573	18.990952730178833	1342103.896813641	19.34228229522705	1342234.0350845791	
16.10605025291443	1341303.5644889802	27.682542085647583	1339139.4395508312	27.134140729904175	1343626.521546569	17.29297637939453	1334019.1009080932	15.518362998962402	1342122.5706193617	28.15388512611389	1342987.5133851185	25.391190767288208	1342370.4027470886	19.34104609489441	1339903.9532343324	19.008936643600464	1342071.363133303	19.368802547454834	1342242.1165744786	
16.125675201416016	1341294.3428739645	27.706052541732788	1339137.727723719	27.159688711166382	1343622.602405595	17.306520223617554	1334020.4603585224	15.532512426376343	1342123.2152949844	28.190927505493164	1342978.5308633433	25.407944679260254	1342380.2176620774	19.357056140899658	1339938.4888488168	19.022438526153564	1342105.4045311932	19.401325225830078	1342188.7989441839	
16.142693281173706	1341299.193468596	27.73106813430786	1339033.8539913257	27.188225507736206	1343634.1026806457	17.322073698043823	1334021.9722024829	15.54864764213562	1342099.91908663	28.2266743183136	1343002.9020705095	25.423980474472046	1341701.013973792	19.371254444122314	1339944.6306570244	19.04069423675537	1342146.7279933677	19.43185043334961	1342184.634920378	
16.161863803863525	1341208.8391450306	27.756206274032593	1339058.5101007426	27.2137930393219	1343645.1201564374	17.33558177947998	1334014.8100382993	15.56515908241272	1342021.4252833454	28.267229557037354	1342994.3744651154	25.43855094909668	1341706.6606943104	19.38526225090027	1339938.5504977796	19.055981874465942	1342142.1747569111	19.455601453781128	1342205.7173704915	
16.181543827056885	1341203.335149687	27.78356432914734	1339012.521521176	27.240421533584595	1343412.7580532886	17.35059928894043	1334020.7321352814	15.578665733337402	1342066.1594608084	28.3047616481781	1343001.9257980774	25.453980922698975	1341702.6396111238	19.399272203445435	1339972.4195796412	19.07320237159729	1342135.5276072028	19.484122276306152	1342186.948452509	
16.202149391174316	1341224.1599439334	27.80586552619934	1339014.0302160766	27.266513109207153	1343394.9776315677	17.36811327934265	1333988.5011152404	15.594177961349487	1342030.529001116	28.345043659210205	1343023.02020897	25.46801471710205	1341707.473950228	19.41332221031189	1339983.1410974525	19.088728427886963	1342101.2120796095	19.510870456695557	1342151.1386020868	
16.22387409210205	1341242.874172838	27.838380575180054	1339278.9923458218	27.292781114578247	1343398.0892243332	17.38713574409485	1333980.893996891	15.61119031906128	1342026.2157312653	28.377074718475342	1343032.6835543676	25.484692335128784	1341702.4602159245	19.426833391189575	1339964.825706027	19.102781772613525	1342117.2093415437	19.535884380340576	1342119.7975291049	
16.241437673568726	1341404.3694872796	27.865743160247803	1339247.6968197601	27.319252490997314	1343416.057042373	17.406667470932007	1333938.326281053	15.627698421478271	1342023.5282870156	28.41941213607788	1343008.6257936454	25.499149560928345	1341265.2353323041	19.44084405899048	1340302.146081697	19.115493774414062	1342128.8743967717	19.562498092651367	1342135.265579285	
16.260449409484863	1341427.2603604125	27.8946053981781	1339245.239107364	27.344737768173218	1343424.7605066737	17.42119574546814	1333916.067971925	15.642714023590088	1342120.278334913	28.460963010787964	1343019.6824727503	25.51392936706543	1341241.0389975044	19.455349922180176	1340301.4335444826	19.132046699523926	1342063.1385451197	19.588670015335083	1342126.8583738483	
16.27826428413391	1341449.8318957328	27.916122674942017	1339259.6712824728	27.36875581741333	1343433.4743934504	17.437401294708252	1333915.52260842	15.656222105026245	1342117.3389347612	28.498367071151733	1343038.7829937178	25.530782222747803	1341240.6263340425	19.471942901611328	1340245.0512625324	19.146056652069092	1342114.693915329	19.616230010986328	1341972.6352459828	
16.297374725341797	1341421.062577644	27.941147327423096	1339288.483264983	27.39642858505249	1342908.5705906781	17.452413082122803	1334017.5013789944	15.674301385879517	1342075.3451752437	28.53433084487915	1343034.374975925	25.546775341033936	1341491.7874998471	19.48595118522644	1340239.4609402209	19.160560131072998	1342103.9555983958	19.643261909484863	1341909.426322251	
16.315595388412476	1341524.7831495216	27.968308448791504	1339306.390183716	27.424453496932983	1343077.28343622	17.465420961380005	1333925.4415273985	15.689088344573975	1342068.5532315753	28.564603567123413	1343047.8054193393	25.562123775482178	1341780.1956046466	19.50096082687378	1340668.4518191963	19.17407202720642	1342124.4219045439	19.668920278549194	1341980.2561862697	
16.334938526153564	1341442.1862930574	27.994860887527466	1339285.1844733595	27.451974630355835	1343081.3225946205	17.48043942451477	1333931.193257142	15.70459771156311	1342073.7310948824	28.600316286087036	1343009.4249669102	25.575814247131348	1341716.0433472395	19.514176607131958	1340694.8402038678	19.18981957435608	1342115.069629429	19.69593834877014	1341967.595605935	
16.352542638778687	1341455.473731403	28.022406578063965	1339277.7055744047	27.480587482452393	1343076.7858609916	17.495102882385254	1333858.7292464834	15.719608306884766	1342101.5860159786	28.642361879348755	1342997.4201017795	25.591895818710327	1341681.4953582897	19.529186487197876	1340556.8128568598	19.20539927482605	1342120.103751611	19.721991300582886	1341957.6371253836	
16.371681451797485	1341447.1879360594	28.04543447494507	1339265.5162513694	27.510597944259644	1343071.4804681505	17.510618209838867	1333805.6274975333	15.736115217208862	1342097.6557180984	28.680904150009155	1343129.848958686	25.60703730583191	1341690.0991185403	19.543092012405396	1340597.9453028755	19.222903966903687	1342205.3849477926	19.749014616012573	1341833.6790081332	
16.390397548675537	1341456.3652731692	28.07157015800476	1339022.3248681782	27.53726577758789	1343083.250470229	17.525139570236206	1333855.1230447828	15.752186059951782	1342110.8043812986	28.72344183921814	1343096.1551215493	25.622350692749023	1341639.2398217313	19.558107614517212	1340752.5926775725	19.23869228363037	1342203.8273381563	19.77703833580017	1341897.7620985091	
16.4081711769104	1341456.3715910423	28.095589876174927	1339036.424786477	27.561288118362427	1342960.6286497808	17.53864622116089	1334000.3179172142	15.766200065612793	1342116.165346013	28.769165754318237	1343166.952017845	25.635740280151367	1341649.1563552439	19.5731201171875	1340791.9670144843	19.257704496383667	1342561.9615570453	19.807520866394043	1341896.787095853	
16.426676034927368	1341457.9086208192	28.119637966156006	1339029.263178362	27.59173035621643	1342987.9388619722	17.55566167831421	1333914.0183885717	15.780225276947021	1342044.8605574758	28.806984424591064	1343171.0142084665	25.65061044692993	1341638.9766277592	19.58863115310669	1340802.819197967	19.27071213722229	1342218.382672416	19.833054542541504	1341769.2111211133	
16.44766116142273	1341456.7436633105	28.15265917778015	1339056.6582498883	27.63381266593933	1343038.3711162412	17.57168483734131	1333910.8136738597	15.797356367111206	1342130.1275191878	28.847010612487793	1343171.5105808445	25.665204524993896	1341639.1202509159	19.60415267944336	1340779.439719659	19.28525137901306	1342209.127844244	19.856580018997192	1341735.383247831	
16.46566104888916	1341383.5257368959	28.181538820266724	1340665.4937754006	27.66136145591736	1343037.0821308913	17.585191011428833	1333917.2950327892	15.814714193344116	1342152.8203922254	28.883540630340576	1343056.2039855279	25.679524183273315	1341329.2195056197	19.61716365814209	1340248.8859743355	19.30008053779602	1342195.0811477804	19.882102012634277	1341656.1025755848	
16.484659671783447	1341385.4926648287	28.204408407211304	1340665.035932231	27.688971519470215	1343043.6310650415	17.60020685195923	1333926.8073279546	15.829731225967407	1342144.35298428	28.91506576538086	1343054.6337017103	25.694406509399414	1341334.6414349421	19.631176233291626	1340251.6093546005	19.314087629318237	1342185.5098561218	19.908761978149414	1341642.888892828	
16.50166344642639	1341386.020169119	28.22995376586914	1340629.5736214484	27.713980436325073	1343043.6396392768	17.615959644317627	1333933.7553893286	15.846839904785156	1342127.8440212004	28.952272176742554	1343071.6292994893	25.709243297576904	1341355.3794275285	19.64684224128723	1340322.0863898569	19.32757544517517	1342195.1523384575	19.933781147003174	1341695.4847026612	
16.522939205169678	1341365.0250202098	28.25698447227478	1340752.6714653692	27.74068570137024	1342988.06846507	17.630785942077637	1333568.9407305275	15.862393140792847	1342074.6195210835	28.98969841003418	1343072.0810299204	25.724581003189087	1341303.3985595093	19.66196322441101	1340363.7372853737	19.343080282211304	1342138.3085679158	19.959805488586426	1342041.7948097566	
16.538950443267822	1341512.0494858786	28.282323598861694	1340753.2601585544	27.771127700805664	1343008.007423272	17.643771171569824	1333554.1560896833	15.87956714630127	1342047.723282473	29.03192925453186	1343065.8282639282	25.740163326263428	1341294.652976953	19.678476095199585	1340335.302664876	19.356088161468506	1342156.5334922352	19.983866453170776	1342059.6932887705	
16.557512521743774	1341957.0006814017	28.307453393936157	1340724.8367992004	27.799972772598267	1343005.5650447174	17.65776491165161	1333639.2068135657	15.895297288894653	1341979.9942526934	29.068474531173706	1342974.152425397	25.75630259513855	1342019.3780151778	19.691606044769287	1340452.38467318	19.372095584869385	1342164.0539021373	20.007039070129395	1342097.8123139972	
16.576042890548706	1341500.6969825474	28.331279754638672	1340724.2116193043	27.82650136947632	1342735.0188721395	17.672852039337158	1333571.075187222	15.91012454032898	1342086.128592933	29.103832244873047	1342939.1031890917	25.77386212348938	1342029.714692866	19.704273462295532	1340466.6477308166	19.385279655456543	1342161.1655234306	20.034597396850586	1342089.2407832586	
16.595267057418823	1341486.1650998436	28.354414224624634	1340741.494945675	27.850807428359985	1342736.06110806	17.685112953186035	1333567.4485769744	15.92814326286316	1342074.2442571202	29.14061665534973	1343002.3927445475	25.7892165184021	1342038.3499843844	19.719791412353516	1340475.527135317	19.39820122718811	1342167.8950831837	20.062005758285522	1342102.5641257835	
16.611915349960327	1341507.647808617	28.381155014038086	1340838.450558622	27.879037857055664	1342741.4739813465	17.69861888885498	1333571.6613316222	15.944169759750366	1342020.2849073906	29.178208112716675	1343020.5492262524	25.804816246032715	1342035.1452500825	19.733805418014526	1340465.8960323	19.412607192993164	1342173.546449277	20.08840823173523	1342108.9005515736	
16.629521131515503	1341449.117990882	28.407875061035156	1340830.9370441877	27.904208183288574	1342752.5353090763	17.712136268615723	1333590.4823036154	15.959286212921143	1341929.0611157126	29.21754264831543	1342865.508124071	25.820220470428467	1342072.9384873207	19.746392488479614	1340464.3737623643	19.427618265151978	1342193.7302119287	20.112143516540527	1342104.3927416827	
16.64350652694702	1341444.6305877443	28.42986249923706	1340840.764232642	27.929230213165283	1343273.1657736937	17.725642442703247	1334019.0089742437	15.974303960800171	1341942.0941069154	29.258079290390015	1342861.8159299314	25.83619785308838	1342144.066079659	19.761741399765015	1341072.5485835425	19.444123029708862	1342193.0374395438	20.136162042617798	1342240.846529995	
16.65601372718811	1341527.7235974967	28.457447052001953	1340856.3700089243	27.954591274261475	1343184.6575405824	17.739159107208252	1334019.907291487	15.988327503204346	1342003.3736391636	29.30461835861206	1342868.019244658	25.85096836090088	1342145.480506784	19.775755643844604	1341071.9462557973	19.45972180366516	1342196.3349483835	20.163188457489014	1342282.8049225237	
16.671934366226196	1341519.7613018253	28.483071088790894	1340880.0119761822	27.978631734848022	1343200.292001481	17.755170583724976	1333972.9943599082	16.001840591430664	1342001.2424569826	29.339954137802124	1342894.6780439017	25.86667251586914	1342111.5633643838	19.792271614074707	1341066.5539577012	19.474067211151123	1342200.4631505285	20.18871283531189	1342136.8345046795	
16.68543839454651	1341488.695092429	28.504698991775513	1340901.5252060255	28.004903316497803	1343200.6749186583	17.770177364349365	1333975.2605894462	16.017348766326904	1341982.6616468586	29.379661321640015	1342960.7708536007	25.881022214889526	1342079.8948529281	19.805615425109863	1341089.0083561537	19.48920464515686	1342214.0816741437	20.211734533309937	1342142.9293373113	
16.698387384414673	1341503.809619371	28.529367208480835	1340905.4355663164	28.030067920684814	1343180.8228587243	17.783684253692627	1333968.4242310424	16.0313618183136	1341979.710382572	29.41393542289734	1342966.6169317442	25.895702838897705	1342100.5697189406	19.820627212524414	1341137.4003588478	19.505394220352173	1342232.9976623098	20.236748456954956	1342166.3040645865	
16.712034225463867	1341530.1066039857	28.55477786064148	1341053.1668201457	28.055612325668335	1343184.2580318062	17.797192573547363	1333967.554660817	16.045388221740723	1341963.1618090894	29.45096445083618	1342998.4541622482	25.910633325576782	1342127.4411153367	19.835637092590332	1341176.3104214775	19.518900632858276	1342234.3513631467	20.265800952911377	1342128.6107730905	
16.72622561454773	1341535.7118802762	28.57678461074829	1341057.9737609192	28.083904504776	1343183.3445564713	17.811216115951538	1333970.5933875083	16.060551404953003	1342033.619911857	29.48899817466736	1342999.4314400002	25.924926280975342	1342125.8614207613	19.85071063041687	1341377.821126733	19.53411054611206	1342192.5511657207	20.28936529159546	1342026.3990386517	
16.742236375808716	1341535.1728250976	28.603822469711304	1341061.8395513613	28.113903999328613	1343194.8259916315	17.826977968215942	1334076.5451479775	16.074143648147583	1342225.098102176	29.53155255317688	1343003.8615728137	25.939701080322266	1342152.992038625	19.86357283592224	1341373.6254850675	19.55022668838501	1342190.6337717734	20.314602375030518	1342029.6418581766	
16.757243871688843	1341585.4190824998	28.63184428215027	1340883.718889567	28.141647577285767	1343243.3327897238	17.840763807296753	1334141.7759583583	16.086681604385376	1342227.7558123132	29.569737672805786	1342998.46823677	25.954310178756714	1342165.589572904	19.877079486846924	1341377.7525483232	19.571303606033325	1342140.7704718031	20.34012222290039	1341990.2998271806	
16.77086114883423	1341614.8612394063	28.655662536621094	1340904.6217937437	28.17066717147827	1343247.24433202	17.852269172668457	1334138.170443494	16.102694511413574	1342184.5710874705	29.610963821411133	1342991.038913515	25.969477891921997	1342159.7482104653	19.89208984375	1341345.711551301	19.589146852493286	1342125.9945089335	20.367650032043457	1342168.4089716324	
16.786067247390747	1341628.8659962805	28.689621210098267	1340881.6813147888	28.201483964920044	1343476.7250045023	17.86627984046936	1334174.5524456769	16.117202281951904	1342198.0977114947	29.654592990875244	1342979.1236530077	25.985620260238647	1342149.4331357866	19.90660285949707	1340983.1800951352	19.61015748977661	1342131.381793516	20.397175788879395	1342191.370230981	
16.799295663833618	1341625.4860451308	28.71163845062256	1340889.1604174501	28.232008695602417	1343478.4485160266	17.880357027053833	1334169.566033811	16.134219884872437	1342193.3491116946	29.695131063461304	1342982.2283744412	26.000078201293945	1342147.94995407	19.921120166778564	1340984.2326552127	19.63035774230957	1342755.0004861874	20.43190026283264	1342185.3605238541	
16.811582326889038	1341645.3386279838	28.733883142471313	1340888.0403653525	28.266074180603027	1343360.582254243	17.893872261047363	1334156.287040674	16.149249792099	1341990.2591145076	29.73471450805664	1342987.2950538017	26.016626596450806	1342145.554478334	19.934128999710083	1341374.8912258279	19.64730477333069	1342760.577968581	20.464069843292236	1342191.8701432373	
16.826088428497314	1341470.8510007516	28.759893894195557	1340897.7901310357	28.29161238670349	1343368.4591358448	17.908884048461914	1334157.699026881	16.162404537200928	1341996.2794206715	29.770456314086914	1343000.7049614254	26.03057336807251	1342136.2666424252	19.94917058944702	1341375.8374182421	19.668787240982056	1343068.22455623	20.493072032928467	1342177.588054553	
16.84060835838318	1341467.2027973006	28.787922382354736	1340796.1178351329	28.319745302200317	1343395.7289693356	17.922905445098877	1334376.1250520535	16.176913261413574	1342011.4089451348	29.805652141571045	1342998.6925272432	26.043473482131958	1342151.0506189277	19.964059114456177	1341368.1465038317	19.68779683113098	1343069.567685543	20.525831937789917	1342177.0127133783	
16.855358600616455	1341480.5505740284	28.815526962280273	1340778.9111315617	28.36096215248108	1343395.666096267	17.93741226196289	1334369.1835599926	16.19145679473877	1342014.1859389124	29.83166790008545	1343075.3148520924	26.059797763824463	1342131.3810785108	19.980573177337646	1341653.123377838	19.712010860443115	1343070.4887889954	20.554861783981323	1342223.6784064476	
16.870052576065063	1341408.5877909975	28.841041803359985	1340777.914875329	28.390490531921387	1343391.2579727683	17.953434467315674	1334507.8759647477	16.205963611602783	1342019.8826037943	29.86820673942566	1343064.7702507428	26.07594323158264	1342154.5489500924	19.99508047103882	1341655.7328853102	19.73695206642151	1342987.31535968	20.586384057998657	1342080.6760387907	
16.885063886642456	1341405.8532386809	28.863558292388916	1340809.5173228905	28.421014070510864	1343386.059499235	17.96794295310974	1334481.3294420235	16.21898055076599	1342027.7855168341	29.9092435836792	1343059.176004514	26.09202814102173	1342087.0068014318	20.009596347808838	1341343.5844761669	19.757408142089844	1342691.4545139342	20.61690616607666	1342067.3437562769	
16.89978289604187	1341488.5873504977	28.890385627746582	1340813.699869156	28.446975469589233	1343386.1280272237	17.980958938598633	1334495.4133818527	16.232568502426147	1342047.258849718	29.949434280395508	1343051.0164474715	26.105234146118164	1342078.37336309	20.025102853775024	1341371.058106875	19.774932146072388	1342693.5401296755	20.650941371917725	1342110.4624921426	
16.91428780555725	1341525.8309941115	28.9153048992157	1340813.8383394568	28.479012727737427	1343366.6033574587	17.99547004699707	1334465.1704604297	16.24607539176941	1342051.784697095	29.990484714508057	1342935.3652099757	26.120019912719727	1342086.3350808623	20.038724184036255	1341406.3386772315	19.79252815246582	1342065.1995895335	20.688678979873657	1342146.7457879619	
16.92758345603943	1341514.5286636406	28.941295862197876	1340736.0409085008	28.514535903930664	1343365.573990408	18.01098871231079	1334477.6664744045	16.26008939743042	1342076.362871785	30.02880024909973	1343045.3215742486	26.1359806060791	1342099.40500958	20.053817987442017	1341409.2155495773	19.814544200897217	1342071.5595412175	20.717833042144775	1342147.4942327864	
16.94235634803772	1341534.0954375463	28.969311475753784	1340748.3257744662	28.547654151916504	1343325.9659679527	18.024503707885742	1334515.0400385358	16.274691581726074	1342078.1756646356	30.06633496284485	1343050.9240088149	26.150965690612793	1342104.3917669277	20.067249298095703	1341415.8551923577	19.83049178123474	1342001.1515149167	20.753493309020996	1342308.2555185156	
16.958870887756348	1341533.3716347348	28.991307258605957	1340733.1551854482	28.57971715927124	1343321.0826985282	18.039010047912598	1334501.6392802875	16.28670597076416	1342076.1094796367	30.10728144645691	1343069.7064670555	26.165846824645996	1342284.5258387707	20.08184289932251	1340805.9498855832	19.848500728607178	1342118.7251030344	20.78106117248535	1342319.6910699545	
16.973881721496582	1341548.0314622896	29.013790369033813	1340726.8630421287	28.613729000091553	1343326.5498761926	18.056028842926025	1334487.9989373442	16.30172324180603	1342166.8562882417	30.143502473831177	1343069.649065055	26.18035316467285	1342324.4511562865	20.094852447509766	1340809.2836910866	19.865373611450195	1342116.3715212536	20.80958604812622	1342135.449787255	
16.989635229110718	1341512.3790194201	29.03687572479248	1340734.6526737744	28.655004262924194	1343307.2693961128	18.071320295333862	1334509.3869667575	16.315231561660767	1342165.7816532115	30.181533575057983	1343070.762074913	26.197261095046997	1342332.2452626794	20.11037039756775	1340809.9793333574	19.88388466835022	1342119.9133850278	20.838599920272827	1342156.537911181	
17.003690481185913	1341520.868933138	29.061384439468384	1340722.4140659852	28.6865017414093	1343319.1078746258	18.089096307754517	1334548.2049248514	16.328245162963867	1342451.6216856455	30.218308448791504	1342976.120866445	26.210138082504272	1342398.2142801532	20.123905658721924	1340810.4911472974	19.904154777526855	1342618.4058711403	20.875317573547363	1342156.492804817	
17.018309116363525	1341489.7716252003	29.08463978767395	1340743.3610233779	28.71797227859497	1343320.1717459052	18.104551792144775	1334522.0521027613	16.343759059906006	1342084.3459542461	30.256845474243164	1342961.2115236185	26.225401163101196	1342394.7843962517	20.138418436050415	1340857.165574052	19.9224956035614	1342623.982950276	20.911853790283203	1342344.530053257	
17.03408145904541	1341474.5380934563	29.108154773712158	1340741.225655483	28.74806571006775	1343301.571006035	18.118693113327026	1334528.5555270445	16.356433868408203	1342187.9853593993	30.304380893707275	1342963.847726786	26.237597942352295	1342408.9300770822	20.15177607536316	1340856.5833158642	19.940504789352417	1342595.6829761884	20.9456148147583	1342340.8857115079	
17.047593116760254	1341483.5683405132	29.13231897354126	1340733.4017074914	28.774513483047485	1343294.453431279	18.133095264434814	1334536.5894293764	16.370452880859375	1342140.8088753796	30.345953226089478	1342996.8733235607	26.251732110977173	1342410.801400073	20.1666738986969	1340827.8360987785	19.95951819419861	1342600.003382928	20.980644464492798	1342346.7387291181	
17.062401294708252	1341500.5212165203	29.15836000442505	1340753.3730846178	28.800850868225098	1343300.1346445926	18.148603439331055	1334569.8394529626	16.385462760925293	1342110.6412028766	30.38808560371399	1343008.9833657565	26.264740705490112	1342398.3491159389	20.182434558868408	1340828.6009820641	19.98003315925598	1342435.106318226	21.01116394996643	1342344.9684710214	
17.076570987701416	1341474.0412274147	29.184873580932617	1340739.1307960749	28.830907821655273	1343207.0385962238	18.163620948791504	1334602.5679913515	16.40148138999939	1342104.456290129	30.422828197479248	1343297.3310017241	26.279547452926636	1342237.877384109	20.198947191238403	1340854.9605383635	20.000141143798828	1342501.3712318335	21.04068350791931	1342349.2804687326	
17.09017777442932	1341488.8010918568	29.211257696151733	1340746.671287301	28.85492467880249	1343215.6400663876	18.176299333572388	1334596.6777759218	16.41698956489563	1342109.1077763287	30.458366870880127	1343297.8030604245	26.293970108032227	1342259.8606337674	20.214956283569336	1340910.0362972994	20.0221529006958	1342498.8926706861	21.075961351394653	1342456.4348227112	
17.105684995651245	1341488.6007115748	29.242289543151855	1340743.7064032068	28.880969762802124	1343220.5273510024	18.190316438674927	1334584.1483451412	16.43056082725525	1342120.8606845865	30.49940037727356	1343310.8423614444	26.307493448257446	1342319.449011163	20.228318214416504	1340917.1199327803	20.04068636894226	1342488.4596411395	21.121819019317627	1342194.4226606502	
17.117389917373657	1341752.4937316116	29.26981544494629	1340770.5403044948	28.902986764907837	1343220.488540424	18.20433211326599	1334591.1340959338	16.444066286087036	1342125.1553223636	30.540595293045044	1342564.8623381464	26.321675062179565	1342320.6625400106	20.24255084991455	1340931.142728646	20.06401252746582	1342486.6625679876	21.151922702789307	1342186.5872175165	
17.131949424743652	1341766.336789475	29.300119400024414	1340785.3097256578	28.926234483718872	1343264.1520196656	18.218340635299683	1334640.6661772768	16.459080934524536	1342137.51385408	30.580747365951538	1342581.091012103	26.33687663078308	1342320.3566637463	20.257055282592773	1340928.0523226839	20.085116386413574	1342504.9777304684	21.185526847839355	1342199.363595939	
17.146458387374878	1341743.3730955827	29.327150344848633	1340816.3422085922	28.9512038230896	1343259.0924165898	18.23343062400818	1334618.2892982487	16.47408938407898	1342451.6433137045	30.618868350982666	1342580.856423586	26.353135347366333	1342291.504347815	20.271687984466553	1340925.1110929616	20.103983402252197	1342527.4710141234	21.222810745239258	1342184.259977853	
17.16249370574951	1341754.1048971135	29.35166883468628	1340818.433149143	28.978251457214355	1343272.6961878831	18.249171018600464	1334968.4911018496	16.488317251205444	1342363.0285202619	30.64913845062256	1342583.0833852568	26.367942810058594	1342284.7543630926	20.288007736206055	1340807.2755508316	20.12398386001587	1342539.1452313403	21.250561952590942	1342178.6252148482	
17.176503658294678	1341808.275810369	29.376686096191406	1340799.0926825402	29.00206685066223	1343232.0076326896	18.2631893157959	1335165.4325742777	16.501828908920288	1342362.8852087995	30.6741681098938	1342549.791160613	26.381869316101074	1342279.343012286	20.301538467407227	1340808.6256868439	20.143171310424805	1342508.1949895537	21.283354997634888	1342182.4387505983	
17.18975067138672	1341817.0287458987	29.400187015533447	1341171.928259459	29.026368379592896	1343199.5589918622	18.27949070930481	1335123.9032271241	16.515333890914917	1342343.993924946	30.69930148124695	1342550.7010702526	26.39614772796631	1342226.0408804961	20.316768169403076	1341556.9575687596	20.158855438232422	1342514.3657922235	21.3187472820282	1342198.9386669274	
17.20325756072998	1341791.1581014136	29.42423701286316	1341166.8323225866	29.05141043663025	1343191.1867039725	18.29323101043701	1335119.9207412899	16.530067682266235	1342181.9663603934	30.721287965774536	1342550.8873036555	26.410866260528564	1342282.3793416214	20.33277726173401	1341580.0015168106	20.175106048583984	1342534.7009529623	21.347811460494995	1342189.012896662	
17.215765476226807	1341804.9782476053	29.45024299621582	1341164.3789716812	29.07596254348755	1343064.5468159425	18.30537438392639	1335125.1026761744	16.543574810028076	1342123.0022039602	30.745323419570923	1342419.13214345	26.425162076950073	1342290.9853498167	20.345966815948486	1341554.098035889	20.195223808288574	1342562.1867657762	21.37735629081726	1342204.0115364601	
17.228780269622803	1341801.1981576565	29.478943824768066	1341163.5575918457	29.100186824798584	1343062.4811221368	18.318880796432495	1335053.3299984797	16.558358907699585	1342117.6845546253	30.768846035003662	1342411.643578405	26.439414978027344	1342277.62735466	20.36027717590332	1341523.5900720903	20.215232849121094	1342560.2107956952	21.41238260269165	1342213.4717449688	
17.242319583892822	1341814.0005940911	29.502302885055542	1341165.673994522	29.12597942352295	1343053.0772507591	18.331897497177124	1335057.1355632793	16.571871995925903	1342119.6733022903	30.791860580444336	1342412.798649784	26.45296287536621	1342290.4198270994	20.376286506652832	1341421.6475143153	20.233869552612305	1342557.8267698593	21.442410230636597	1342206.7769795265	
17.25735330581665	1341773.0240531543	29.525449991226196	1341516.8123336912	29.1563081741333	1343049.7927010474	18.34640598297119	1335049.1784106097	16.5868821144104	1342123.1185701382	30.812582969665527	1342413.2279946238	26.46651005744934	1342287.3471892085	20.389801263809204	1341421.1766383736	20.249956130981445	1342582.2988640238	21.476616621017456	1342191.7013168966	
17.271376371383667	1341763.1642013355	29.551970720291138	1341517.7996409521	29.185742139816284	1342972.0060065365	18.360416889190674	1335081.693113645	16.60190200805664	1342161.1951472787	30.83810806274414	1342415.3910209965	26.479488611221313	1342305.4976342397	20.403311252593994	1341402.203882054	20.26646614074707	1342600.2476419283	21.51115393638611	1342173.3930073914	
17.287405729293823	1341784.541999587	29.572981119155884	1341518.6377243174	29.209670305252075	1342427.0261503104	18.374929189682007	1335063.3555247409	16.615909099578857	1342160.8544581651	30.866217613220215	1343308.8823242963	26.492810249328613	1342317.4220078716	20.418943881988525	1341093.7006938942	20.284934997558594	1342611.8530852364	21.54618501663208	1342197.600731606	
17.301191806793213	1341719.535161706	29.599228858947754	1341506.2397213196	29.232697248458862	1342456.4452943704	18.388437271118164	1335047.528907553	16.632433891296387	1342182.5872272	30.890233993530273	1343329.5537854028	26.50780701637268	1342315.7591519358	20.433452367782593	1341097.9703746326	20.30148458480835	1342608.8189792035	21.5772488117218	1342204.119138349	
17.31432318687439	1341745.116628053	29.62426996231079	1341511.0009921824	29.256925344467163	1342453.7153966993	18.403964042663574	1335259.4730244782	16.64694333076477	1342159.8521692106	30.91375160217285	1343324.4131475068	26.521676301956177	1342412.3988278254	20.44996476173401	1341111.7055066728	20.316917181015015	1342608.8203328105	21.609168767929077	1342206.6903917573	
17.32756495475769	1341748.7930282073	29.64929437637329	1341496.0161144044	29.28444266319275	1342466.2211381015	18.41897702217102	1335259.061579673	16.66096067428589	1342164.7866998776	30.94078040122986	1343328.343894141	26.53546452522278	1342409.1303621223	20.464008808135986	1341111.912393342	20.336596488952637	1342604.9776180435	21.640692234039307	1342105.8205719613	
17.34407615661621	1341771.3810304056	29.671332836151123	1341459.4215782292	29.31097388267517	1342483.727661408	18.43384575843811	1335231.659014118	16.67496919631958	1342076.1458912606	30.964820623397827	1343323.5653057117	26.54889702796936	1342426.3495083228	20.477028131484985	1341095.224557104	20.356607675552368	1342608.165433651	21.67614984512329	1342102.0648600836	
17.357598543167114	1341797.7549282184	29.69743800163269	1341487.1257231045	29.33679461479187	1342486.3723619771	18.448355674743652	1335171.0098101078	16.68817400932312	1342072.5056405987	30.99083685874939	1343323.9353158483	26.56282877922058	1342372.9184240052	20.492544174194336	1341115.053223837	20.375122785568237	1342503.809734486	21.712684869766235	1342095.0946893373	
17.37210464477539	1341801.033815282	29.722487211227417	1341568.4290198989	29.360816717147827	1342490.1176078303	18.46437382698059	1335184.3201351292	16.703067302703857	1342080.8515681138	31.01956272125244	1343277.9850136603	26.57770824432373	1342385.0219110453	20.506062507629395	1341135.038183086	20.394638061523438	1342447.714209749	21.740852117538452	1342109.5711706395	
17.384414434432983	1341818.6790692946	29.74450707435608	1341448.9632504883	29.38686227798462	1342491.0566555832	18.481137990951538	1335197.0963378355	16.715570211410522	1342078.7802720047	31.044249057769775	1343285.0762044927	26.591726779937744	1342378.9692003902	20.520074605941772	1341030.9662788901	20.414347887039185	1342437.8141859039	21.767372369766235	1342130.1106267343	
17.397995710372925	1341828.785776926	29.76852059364319	1341465.0864164063	29.413376569747925	1342496.4444939357	18.494464874267578	1335060.5636709009	16.729580402374268	1342330.0934524238	31.069338083267212	1343008.389200959	26.60776114463806	1342375.0688767114	20.534082889556885	1341052.5084496478	20.43298864364624	1342433.3851067657	21.793893814086914	1342131.0004093929	
17.411500930786133	1341845.6613286142	29.791553020477295	1341823.9819760004	29.438433408737183	1342480.815164605	18.510478258132935	1335108.4145090415	16.744304418563843	1342328.2874892058	31.093857049942017	1343003.076975652	26.621811151504517	1342361.3425010531	20.550280570983887	1340975.5536646354	20.454505443572998	1342513.9418513388	21.82692241668701	1342139.0619955836	
17.424005031585693	1341870.9798881088	29.81981134414673	1341824.3160539817	29.460455894470215	1342477.9300251321	18.525495052337646	1335124.5555800209	16.758537530899048	1342349.71523223	31.119874715805054	1342979.156002529	26.63628888130188	1342355.6629153886	20.564568758010864	1340965.0200921642	20.472516536712646	1342510.0307657172	21.860678911209106	1342165.8566303607	
17.436513662338257	1341854.2761192604	29.847339391708374	1341741.2696086534	29.486002922058105	1342479.8657748406	18.54150891304016	1335151.7215681798	16.773550271987915	1342368.8102885294	31.149565935134888	1342994.5523742517	26.650336503982544	1342407.680385451	20.57880473136902	1340926.737373167	20.49152708053589	1342106.919479825	21.896013736724854	1342209.1223996766	
17.450282335281372	1341849.485724948	29.87418031692505	1341709.4090193734	29.51002788543701	1342426.7297429687	18.555012464523315	1334835.635947467	16.788066864013672	1342371.8616400207	31.17472815513611	1342963.8057125544	26.66444754600525	1342359.3644854312	20.593312740325928	1340943.6002180956	20.51134943962097	1342486.1509668066	21.931254148483276	1342184.194239688	
17.46478796005249	1341819.0319252047	29.899558305740356	1341699.697315795	29.533554553985596	1342424.4137440594	18.56851816177368	1334947.3257202012	16.802050352096558	1342378.9519436168	31.199248790740967	1342884.9017825963	26.679781913757324	1342356.710977156	20.608342170715332	1340926.0144589276	20.531901359558105	1342492.9566921617	21.964282989501953	1341740.386053486	
17.478309631347656	1341794.461077583	29.925593376159668	1341709.4113020406	29.55778956413269	1342439.722669308	18.586535930633545	1334945.345100486	16.81775712966919	1342345.5278875546	31.222275972366333	1342870.9277636507	26.69377064704895	1342394.8006251086	20.6234188079834	1340878.4621141013	20.551912784576416	1342497.7969841068	21.99480390548706	1341779.2142444751	
17.492820501327515	1341759.493363837	29.946832180023193	1341711.0254608097	29.581307411193848	1342458.0539999215	18.601550102233887	1334947.8697001531	16.832266569137573	1342338.21451845	31.24480104446411	1342885.7377297985	26.707337379455566	1342402.4790563248	20.638931274414062	1341786.1491364455	20.56672692298889	1342490.0627292544	22.042854070663452	1341781.9775837848	
17.508402585983276	1341757.123652465	29.97134518623352	1341747.202967229	29.604351043701172	1342445.9062368572	18.617559671401978	1334973.2051956507	16.846774101257324	1342319.7747585261	31.26940941810608	1342903.2004919539	26.721519231796265	1342384.3848683753	20.655521154403687	1341188.1119617682	20.586894989013672	1342449.1167472943	22.109853267669678	1341808.5934812617	
17.522247791290283	1341759.3374523805	29.992870807647705	1341743.1254483848	29.644381523132324	1342505.922025787	18.631467819213867	1334965.8738565892	16.86392569541931	1342327.272340997	31.295937538146973	1342893.640937284	26.734958171844482	1342325.4207563126	20.669517993927002	1340932.0573561117	20.604694604873657	1342573.0417570951	22.155850648880005	1336874.5409775798	
17.5360107421875	1341738.3278335778	30.018401384353638	1341745.1818473765	29.66942811012268	1342561.2000226777	18.64797568321228	1334767.3011489941	16.876410007476807	1342045.9046737284	31.320024013519287	1342899.8570541681	26.74807906150818	1342632.66116519	20.683026552200317	1340944.4837546307	20.6232008934021	1342567.401023633	22.189011812210083	1336839.982017036	
17.550270557403564	1341756.7103166762	30.04293966293335	1341745.1983337782	29.694453954696655	1342506.5524057706	18.662984371185303	1334788.567240398	16.89262104034424	1342016.63911787	31.343621015548706	1342902.2754799223	26.761543035507202	1342633.3921543148	20.698625087738037	1340946.2828619294	20.644213438034058	1342557.8651307137	22.21911931037903	1336889.0170687912	
17.564480304718018	1341705.39526245	30.06781840324402	1341734.0135177195	29.717971563339233	1342506.4204110415	18.67900061607361	1334687.7288345213	16.90849256515503	1342009.6475060629	31.36924958229065	1342884.7810156506	26.776251077651978	1342695.0468874308	20.711676120758057	1340944.1343012115	20.659953355789185	1342572.9655549976	22.255179166793823	1337224.934661947	
17.578993320465088	1341727.8215848268	30.094353914260864	1341762.6517943211	29.74117350578308	1342518.6685067527	18.69534945487976	1334665.0190673396	16.923006296157837	1342018.3163117694	31.39577841758728	1342971.3938143684	26.790098667144775	1342629.1097953129	20.72533416748047	1341900.8210219133	20.679187059402466	1342428.8139242756	22.286442041397095	1336845.8120050286	
17.592735767364502	1341784.7221606576	30.12087392807007	1341769.6622862308	29.76812720298767	1343025.26567071	18.71186590194702	1334675.101464347	16.93551468849182	1342059.602766654	31.423548698425293	1342948.2833313858	26.804917335510254	1342363.7534607677	20.742046117782593	1341932.2748826274	20.699701070785522	1342433.3228707407	22.321747064590454	1336845.0273521014	
17.607248306274414	1341777.6331847003	30.14939260482788	1341782.1386580796	29.792657375335693	1342596.8074739664	18.72937321662903	1334680.3047355155	16.951541662216187	1342072.2019944175	31.448567152023315	1342969.6668486833	26.81779718399048	1342334.0998393605	20.75686001777649	1341941.7913751702	20.718344688415527	1342166.1808746716	22.35432767868042	1336849.3563959317	
17.621315240859985	1341762.3005361313	30.174915075302124	1341784.1778384931	29.8179292678833	1342591.9673449018	18.74540090560913	1334680.7495015818	16.96404719352722	1342072.2146066665	31.47116255760193	1342972.8452539744	26.834017038345337	1342376.8383084673	20.771723985671997	1341931.9819257008	20.737489938735962	1342171.5105052888	22.390357494354248	1337203.617324598	
17.634819746017456	1341742.9722672654	30.20287322998047	1341801.741512669	29.84494948387146	1342592.1995397795	18.761413097381592	1334681.2770845345	16.97906184196472	1342089.3241526363	31.497692823410034	1342983.9586027618	26.849349975585938	1342384.292601478	20.78673481941223	1341911.154640538	20.75601053237915	1342211.010444553	22.4248788356781	1337201.8530342414	
17.649421453475952	1341757.617175697	30.22831082344055	1341794.803836319	29.868974208831787	1342589.5567901188	18.777920246124268	1334704.2519770355	16.993096113204956	1342068.5455692282	31.523743867874146	1342972.6797005744	26.861799478530884	1342380.5745928872	20.80324959754944	1341324.695304155	20.77896213531494	1342200.1363319652	22.4619300365448	1336713.8865322268	
17.664430141448975	1341759.4854253023	30.253835916519165	1341788.7643627727	29.891661643981934	1342551.3536810272	18.794941186904907	1334667.4970264446	17.008629322052002	1342075.3637163471	31.548476696014404	1343207.2772022288	26.87568736076355	1342370.1536746565	20.818345308303833	1341412.2096949187	20.796802759170532	1342246.1675890954	22.485178470611572	1336711.6584207257	
17.677435874938965	1341822.1865164319	30.281060457229614	1341768.1839346052	29.916198015213013	1342490.438206352	18.80895709991455	1334666.963814483	17.023147106170654	1342037.7761709588	31.575525045394897	1343094.791329756	26.889787912368774	1342372.5544661402	20.83457589149475	1341380.909715945	20.823065996170044	1342194.3875362675	22.5071964263916	1336700.236893365	
17.690945386886597	1341815.3786954044	30.30557417869568	1341764.3192965894	29.94093656539917	1342484.0296394168	18.824475288391113	1335042.2845318543	17.038155794143677	1342026.6394276256	31.597043752670288	1343096.69606157	26.90469980239868	1342381.7658611762	20.848663568496704	1341373.8765501715	20.841150045394897	1342198.2654730876	22.53116488456726	1336715.6191219431	
17.706454038619995	1341797.2696245923	30.329594373703003	1341714.0390510731	29.96589994430542	1342524.6979635356	18.83886194229126	1335059.8817468819	17.050668954849243	1341205.0001398553	31.62274956703186	1343087.9316450437	26.918081045150757	1342417.9824599593	20.86224937438965	1341377.7542002234	20.86012077331543	1342140.9606331177	22.55569553375244	1336687.0581343044	
17.721317768096924	1341792.121938718	30.356109619140625	1341739.4003859116	29.992398262023926	1342548.6600883426	18.85587453842163	1335040.2054879481	17.064175844192505	1341172.16404953	31.658796548843384	1343016.1844340418	26.932194709777832	1342318.8590489833	20.876524448394775	1341379.4440595042	20.878145933151245	1342053.827986531	22.58048367500305	1336645.74939057	
17.735820770263672	1341866.872985598	30.380122900009155	1341759.3371677452	30.017650604248047	1342547.1587218556	18.870388984680176	1335220.9839737783	17.079022884368896	1341128.6385523113	31.6843204498291	1343015.5090011214	26.94486975669861	1342323.6013087498	20.891213178634644	1341392.3857490616	20.895156621932983	1342058.4403511188	22.612465143203735	1336664.6359173737	
17.750336408615112	1341863.2465775912	30.404647827148438	1341760.3304075352	30.042670488357544	1342573.7783231596	18.886268377304077	1335237.1681931827	17.09388279914856	1341115.854510278	31.708338737487793	1343023.7040572693	26.960423469543457	1342334.664523704	20.905818462371826	1341405.372605458	20.91078543663025	1342075.2472248469	22.63647961616516	1336668.929493264	
17.764841556549072	1341898.6196277407	30.42916464805603	1340669.1765831504	30.066733360290527	1342570.1393912898	18.902998685836792	1335232.7492627765	17.106388568878174	1341118.8777602436	31.736894607543945	1343023.8233218298	26.9746356010437	1342337.8907018173	20.919832944869995	1341395.9172585155	20.92679715156555	1342069.5288158192	22.659512519836426	1336656.077137505	
17.78174662590027	1341901.606908172	30.452680587768555	1340668.0546382123	30.092756986618042	1342570.8242938863	18.919013023376465	1335081.1013311243	17.11991834640503	1341131.5282386004	31.764485597610474	1343018.79688203	26.988826751708984	1342300.3996281188	20.934337377548218	1341391.449941735	20.94480872154236	1342066.2899175573	22.68729066848755	1336661.346447669	
17.801154613494873	1341871.779119734	30.47556233406067	1340675.595281748	30.115774154663086	1342568.083592483	18.93602991104126	1335112.7523854072	17.132067918777466	1341103.2925395228	31.7874538898468	1343019.2492269631	27.00234365463257	1342287.0553114633	20.9469997882843	1341410.725595313	20.962939739227295	1342113.8114043905	22.711819887161255	1336349.5335658083	
17.820985794067383	1341885.544426605	30.49859070777893	1341381.4059149143	30.138720273971558	1342567.8802309458	18.954042673110962	1335121.2771823043	17.147711515426636	1341688.9573783434	31.81262731552124	1343020.2366993916	27.017066478729248	1342324.4739939792	20.963324546813965	1340324.394291032	20.982128858566284	1342108.0681733089	22.73547101020813	1336348.4984311217	
17.840999841690063	1341877.90617585	30.525615215301514	1341351.2938345124	30.16776180267334	1342550.8512887405	18.971050024032593	1334819.9924912879	17.162225484848022	1341695.0938434596	31.840399026870728	1343007.6673841586	27.030691623687744	1342363.6414791048	20.976393699645996	1340326.3849926642	20.999112129211426	1342110.6689991977	22.757128953933716	1336352.9339976457	
17.862252950668335	1341209.0852575225	30.550057649612427	1341364.1723521047	30.189774990081787	1342575.7925930938	18.986563205718994	1334808.2751129824	17.176064491271973	1341686.3227837167	31.863577842712402	1342984.654903341	27.044423818588257	1342374.4964809916	20.992098331451416	1340326.123001908	21.019230365753174	1342119.4699086768	22.78068494796753	1336356.8661706822	
17.883262157440186	1341217.225321784	30.57490110397339	1341357.2792597786	30.2140896320343	1342570.2900361223	19.001932382583618	1334943.155437048	17.204280376434326	1341698.764146701	31.89185404777527	1342992.116292394	27.0586678981781	1342382.692995003	21.008328437805176	1340284.7433341213	21.042765617370605	1342446.4319866307	22.80226993560791	1336087.5089939486	
17.901310682296753	1341089.3427102186	30.602921724319458	1341358.0786370656	30.23861598968506	1342578.120879433	19.01886773109436	1334803.5284444164	17.23040747642517	1341691.166120574	31.914374351501465	1343002.3688480353	27.071953058242798	1342350.017362542	21.022836208343506	1340771.9949810107	21.060773849487305	1342498.1777009834	22.821287155151367	1336090.670187099	
17.919413089752197	1341103.903173206	30.63167643547058	1341323.6656496795	30.26063847541809	1342535.1329332523	19.033573865890503	1334789.9507339795	17.2544207572937	1341694.7822949311	31.938897132873535	1343000.7305150786	27.085493803024292	1342455.5081075116	21.03634262084961	1340778.6681921894	21.08406138420105	1342508.9871947065	22.845378398895264	1336073.3723861782	
17.939912796020508	1341403.2637561583	30.660189151763916	1341399.630985521	30.287657737731934	1342542.2544295387	19.050584316253662	1334750.310835189	17.278974533081055	1341694.1196499362	31.966425895690918	1343002.137288001	27.099007606506348	1342463.9377731655	21.051215171813965	1340282.008311579	21.107352256774902	1342494.48975814	22.869902849197388	1336119.5920793326	
17.957422018051147	1341409.5989494475	30.68439555168152	1341376.202413767	30.31267523765564	1342580.2822024284	19.06309485435486	1334755.2775097578	17.301499366760254	1341685.9691260238	31.989444732666016	1343308.150828808	27.113637924194336	1342470.6687077614	21.06582498550415	1340333.6757743866	21.127022981643677	1342487.986360551	22.89266800880432	1336121.5953558604	
17.979433298110962	1341433.466796213	30.71141266822815	1341389.1793322132	30.336704969406128	1342548.3067432432	19.077337503433228	1334747.0041742886	17.3215115070343	1341288.465492281	32.01733875274658	1342919.2964869712	27.127962827682495	1342459.4049890463	21.081684350967407	1340643.2133584614	21.147032260894775	1342480.0715008206	22.9204580783844	1336109.097215623	
18.002637147903442	1341443.8072338947	30.73742389678955	1341401.6516323632	30.365063190460205	1342545.3748953794	19.091084241867065	1334746.9900922051	17.338518857955933	1341288.8804316611	32.043938398361206	1342932.8121399826	27.141261339187622	1342468.540152656	21.09588384628296	1340642.2297255534	21.167041301727295	1342478.037229775	22.944977045059204	1336117.9868110027	
18.026652097702026	1341468.934629204	30.760936498641968	1341542.5909294256	30.391584634780884	1343069.3753034638	19.11060929298401	1334639.3630546823	17.355528116226196	1341292.1067419485	32.07147812843323	1343034.7673191645	27.154398918151855	1342452.3282393776	21.10994577407837	1340279.0988819709	21.187063694000244	1342472.72744692	22.970500469207764	1336153.3183243994	
18.04817008972168	1341465.3758665395	30.786959409713745	1341541.506177571	30.41810369491577	1343077.2312696998	19.12412118911743	1334643.1685309755	17.37014627456665	1341301.7479446754	32.09757685661316	1343045.7867057265	27.168782234191895	1342452.618248139	21.125450611114502	1340287.8229320736	21.20943808555603	1342454.2133236078	22.9945285320282	1336153.9529828664	
18.0676851272583	1341430.100904462	30.811063289642334	1341550.4700193375	30.449623346328735	1343082.7261724798	19.142136812210083	1334532.561088191	17.386695861816406	1341311.8452651058	32.120590686798096	1343295.6843635803	27.181561708450317	1342448.3010673057	21.14047336578369	1340297.8660264683	21.228450059890747	1342470.9493165156	23.019306898117065	1336152.862273678	
18.08619236946106	1341423.7342275684	30.8292555809021	1341571.8807138202	30.487164974212646	1343085.6433214059	19.155004501342773	1334584.4401626042	17.402706146240234	1341305.5010486357	32.14771223068237	1343045.3794199338	27.19718098640442	1342961.4855541524	21.155309438705444	1340101.2314180944	21.247458696365356	1342698.980496722	23.042827606201172	1336162.1660823936	
18.107711791992188	1341429.6501374093	30.854777574539185	1341565.8935701286	30.515713453292847	1343084.2253486202	19.171022415161133	1334584.6525349584	17.41971778869629	1341297.4613680039	32.172417402267456	1343080.1113862724	27.212888956069946	1342947.5603358818	21.169718265533447	1340753.5512368663	21.269296646118164	1342701.9415782609	23.067359685897827	1336414.4026956623	
18.126402378082275	1341119.5106673657	30.883404970169067	1341576.6610842715	30.548261880874634	1343113.568645291	19.185531854629517	1335039.296516528	17.43882989883423	1341078.6818089609	32.19393968582153	1343106.426980976	27.226876735687256	1342955.3776287148	21.183979034423828	1340370.4789412287	21.291492462158203	1342680.907534066	23.09177041053772	1336372.6121469762	
18.144409656524658	1341137.9905132498	30.90892791748047	1341583.2928022705	30.579297065734863	1343079.352136188	19.202550411224365	1335094.9785248372	17.456340789794922	1341010.9361815068	32.21922016143799	1343109.3742473747	27.242499113082886	1342947.7425249657	21.198484182357788	1340388.0508860485	21.311537265777588	1342677.8708878113	23.122089624404907	1336317.148547699	
18.163439512252808	1341141.237863316	30.936164140701294	1341578.774794976	30.611043214797974	1343107.5382787664	19.21806573867798	1335103.2688820495	17.472044706344604	1341185.1525591693	32.24373745918274	1342928.6401199035	27.255722999572754	1342952.6489242478	21.214274406433105	1340387.6273872864	21.332190990447998	1342677.3482630302	23.14761233329773	1336302.953265592	
18.18344807624817	1341141.3323753097	30.96017289161682	1341572.3463066798	30.64455795288086	1343105.7208559576	19.233906745910645	1335128.4094379174	17.48806095123291	1341159.5332770797	32.26733207702637	1342916.5385648317	27.269742965698242	1342952.639516044	21.22736644744873	1340384.8188467098	21.354702711105347	1342676.1039405393	23.17713451385498	1336311.3029588598	
18.200728178024292	1341128.879024916	30.984692335128784	1341585.1575690554	30.674581050872803	1343113.74114614	19.248416900634766	1335143.4580691436	17.504089832305908	1341166.7493266074	32.29585862159729	1342926.3383113656	27.283791303634644	1342942.4108378135	21.241774320602417	1340384.1015008686	21.37505340576172	1342430.993360013	23.20166015625	1336327.6331700364	
18.2204008102417	1341129.1795206913	31.01319980621338	1341588.6753338724	30.705628871917725	1343110.959676086	19.264445543289185	1335078.1238694661	17.520796060562134	1341195.2014102594	32.32287907600403	1342955.565102443	27.297231435775757	1342969.442392378	21.25528073310852	1340395.0861894712	21.399222373962402	1342437.4001859087	23.224674701690674	1336328.5518568268	
18.238921642303467	1341201.6767886393	31.0427188873291	1341536.1972120707	30.733144521713257	1343123.0153560569	19.27865505218506	1335078.0223747303	17.536986827850342	1341200.617475599	32.34857177734375	1342896.1724506582	27.313592672348022	1342980.0515085508	21.272316455841064	1340394.1244083238	21.421231746673584	1342463.1992485167	23.24619746208191	1336325.67857487	
18.257359266281128	1341201.761072476	31.06823754310608	1341582.7325871561	30.76265048980713	1343062.765711518	19.29667639732361	1335067.9863567252	17.552207946777344	1341199.4727324382	32.374635457992554	1342903.7595249177	27.329753398895264	1342979.9374900023	21.28559446334839	1340385.7848506726	21.447746515274048	1342441.568629417	23.268961429595947	1336322.2721081632	
18.277570486068726	1341208.4086733698	31.093154430389404	1341573.1043914373	30.78939414024353	1343097.3615902278	19.315199375152588	1335071.6386355858	17.568238258361816	1341189.4572668048	32.40366530418396	1342898.664849038	27.342628717422485	1343000.4757459995	21.300442457199097	1340421.7580663923	21.467045068740845	1342436.6408650498	23.29548168182373	1336318.7626378436	
18.296582221984863	1341208.1126374614	31.122180223464966	1341766.9116038491	30.82014560699463	1343108.8469685428	19.328704595565796	1335078.1896914444	17.58404803276062	1341202.2668952567	32.43381905555725	1342901.0741835346	27.358174800872803	1342990.7171271234	21.316624641418457	1340368.8122060823	21.48560118675232	1342634.210374884	23.319005966186523	1336320.8488287395	
18.31327795982361	1341191.1998680506	31.148194074630737	1341487.1462233472	30.846548080444336	1343094.955257861	19.343774795532227	1335076.4194479266	17.600016832351685	1341199.1662584143	32.45884442329407	1342910.241613642	27.370661973953247	1342990.7198870427	21.332135677337646	1340370.7091504494	21.50480604171753	1342645.7768422337	23.34228491783142	1336350.3071204943	
18.330801486968994	1341195.0855718683	31.175710916519165	1341438.5373043634	30.876665592193604	1343085.0548187874	19.360235929489136	1335070.5004409014	17.616520643234253	1341186.6331425833	32.486366987228394	1342916.549838354	27.38546371459961	1342455.6554217425	21.345004081726074	1340386.5992481476	21.52477717399597	1342663.4588131334	23.365803956985474	1336361.251048614	
18.35081672668457	1341265.795882954	31.20619511604309	1341451.4697369384	30.90819263458252	1342947.0890760592	19.374758005142212	1335089.9424278112	17.63253164291382	1341197.5416832215	32.51388502120972	1342807.0104434302	27.401118516921997	1342457.986912334	21.359607219696045	1340327.37090598	21.542283535003662	1342665.0665404198	23.389328479766846	1336817.0235161888	
18.371903896331787	1341255.9689723346	31.23389172554016	1341243.3896942427	30.939224243164062	1342985.1669130067	19.391777992248535	1335167.429321397	17.648037433624268	1341201.9593159733	32.53973937034607	1342925.4163990975	27.416163444519043	1342413.6711953555	21.374572277069092	1340352.1244819218	21.560356616973877	1342702.2432043843	23.41587471961975	1336818.2200328049	
18.39063000679016	1341263.1166774307	31.258903980255127	1341256.690987271	30.97033715248108	1342952.6968952508	19.410297393798828	1335183.1306471264	17.66204571723938	1340888.325249581	32.561774015426636	1342915.5694546571	27.430161476135254	1342428.4451722435	21.388611793518066	1340228.2778040965	21.583030223846436	1342696.5898027152	23.43939447402954	1336804.679548	
18.410282850265503	1341280.7179281756	31.282938718795776	1341280.4769217116	30.998873472213745	1342937.590102667	19.42731499671936	1335163.693003498	17.679565906524658	1341316.1008459164	32.58430004119873	1342931.8829260601	27.44401979446411	1342428.9177850285	21.401935577392578	1340251.6812518605	21.6007239818573	1342716.9725679946	23.462428092956543	1336749.5621378382	
18.42728900909424	1341269.5987834856	31.3084614276886	1341234.6391318608	31.024524688720703	1342938.8999226335	19.44401240348816	1335150.3532746376	17.69457721710205	1341285.0343855426	32.61251759529114	1342913.087172835	27.458213567733765	1342423.890185976	21.417302131652832	1340715.9677691823	21.621734142303467	1342745.333307193	23.486172914505005	1336838.7933897488	
18.446338176727295	1341310.723018904	31.332977294921875	1341233.4348339695	31.051059007644653	1342932.8054132413	19.461029291152954	1335245.6891597311	17.71158528327942	1341400.1704032242	32.6380512714386	1342913.218755846	27.473390340805054	1342399.4182514376	21.431313037872314	1340734.0285845743	21.647104740142822	1342774.4384625645	23.51169466972351	1336850.2429447658	
18.461854219436646	1341236.5163125002	31.3600013256073	1341228.7023376147	31.084108114242554	1342939.3800786124	19.47751522064209	1334851.7330501664	17.725090265274048	1341394.6234272243	32.6628577709198	1342914.2130463985	27.487548112869263	1342402.3952465784	21.44831895828247	1340895.064589166	21.66755223274231	1342913.3491232714	23.53596830368042	1336839.9898854704	
18.482866287231445	1341203.8399774586	31.38652467727661	1341255.0387857629	31.11381721496582	1342915.8708393632	19.496088981628418	1334860.4005221634	17.742621421813965	1341404.176838881	32.6881537437439	1342926.060430179	27.500965356826782	1342404.8786253154	21.460333824157715	1340899.30623933	21.68213725090027	1342897.219309756	23.56099581718445	1336877.2585085155	
18.5008864402771	1341207.0598580816	31.411335706710815	1341247.2308022424	31.140871286392212	1342922.8573560638	19.511611461639404	1334865.298797151	17.75928044319153	1341356.131945188	32.7139036655426	1343110.8706266838	27.51521110534668	1342415.2123600089	21.475398540496826	1340405.5817813652	21.69614553451538	1342878.762285235	23.587008714675903	1336922.589220927	
18.516883373260498	1341210.2420067177	31.43487858772278	1341273.5812450263	31.173689603805542	1342951.8538801998	19.529120922088623	1334910.3238463306	17.77539610862732	1341369.0977944615	32.73896050453186	1343118.6864219129	27.53065037727356	1342477.872804883	21.489989280700684	1340405.0308751233	21.709217071533203	1342886.2181553054	23.6105375289917	1336605.0451502556	
18.535715341567993	1341212.269496262	31.46441149711609	1341351.1994565218	31.204214096069336	1342969.4848255902	19.545142650604248	1334827.4395806273	17.79090929031372	1341312.5128434396	32.76223611831665	1343117.5615468277	27.544750452041626	1342500.2380080866	21.50468897819519	1340566.9794011987	21.722718477249146	1342969.2343790466	23.641740798950195	1336628.8761302133	
18.55291748046875	1341196.7267137761	31.48970365524292	1341380.7046343777	31.232409477233887	1342985.0935752979	19.56014919281006	1334828.4801981887	17.805908679962158	1341359.316493056	32.78896117210388	1343118.9979457485	27.559125185012817	1342543.4372229981	21.518436431884766	1340552.1526551484	21.73833417892456	1342959.404223229	23.667317628860474	1336629.7454496587	
18.572395086288452	1341182.9481699276	31.516337633132935	1341394.5153431916	31.259928703308105	1342969.4520740765	19.576660871505737	1334819.9346963856	17.82068705558777	1341608.2273991122	32.82067894935608	1343090.2739030297	27.5746169090271	1342519.3981366528	21.534336805343628	1340550.915414988	21.75183892250061	1342903.9337129823	23.69084668159485	1336634.9487336618	
18.588411569595337	1341180.859401429	31.541454076766968	1341397.5764092181	31.29596447944641	1342965.6588344374	19.59168028831482	1334825.3307172288	17.83968949317932	1341402.4773732144	32.85020303726196	1343086.6357294843	27.58854389190674	1342526.844427439	21.548351764678955	1340533.7289135426	21.766847133636475	1342891.580429075	23.71622586250305	1336635.2679520976	
18.608012914657593	1341182.552934407	31.571972608566284	1341364.4323705633	31.327988624572754	1342953.0906126227	19.605695247650146	1334847.5896556014	17.858699798583984	1341402.5276946477	32.878249406814575	1343107.7449520247	27.601970195770264	1343060.2438324336	21.563606023788452	1340535.8006584097	21.781855821609497	1342865.5424686167	23.743747234344482	1336615.0502073658	
18.626518487930298	1341204.8112875824	31.60175323486328	1341367.1403354972	31.356038331985474	1342925.2626652033	19.622722387313843	1334875.5097834065	17.87320637702942	1341386.108383458	32.905773878097534	1343100.0437090273	27.6164813041687	1343065.594541721	21.577617168426514	1340545.5245472866	21.79549288749695	1342870.6382668016	23.77278208732605	1336648.7482098897	
18.64516806602478	1341197.9767594086	31.62927794456482	1341430.2750872155	31.388558387756348	1342939.7459702522	19.63891839981079	1334826.327942654	17.888968229293823	1341398.1442270034	32.93378829956055	1343093.7248964724	27.63020896911621	1343064.7275734376	21.58968210220337	1340543.3463404314	21.810543537139893	1342842.1719462487	23.79779624938965	1336646.1870792736	
18.662280559539795	1341201.5720164417	31.651288509368896	1341454.8036806232	31.423279523849487	1342955.236861674	19.654938459396362	1334826.9771298293	17.905203819274902	1341411.732563187	32.96932768821716	1343107.6911894865	27.6460440158844	1343093.8898074788	21.604703187942505	1340554.890585855	21.82448983192444	1342844.2699552884	23.822322607040405	1336650.4753555376	
18.67811417579651	1341208.57855876	31.675309658050537	1341418.585425375	31.452802896499634	1342893.5823301866	19.67246699333191	1334783.1389661217	17.921221017837524	1341403.5767701408	32.998849391937256	1342974.3611408127	27.660277366638184	1343122.645047024	21.618324041366577	1340563.2283626774	21.839383602142334	1342826.9978012724	23.84484100341797	1336664.4592220476	
18.69562292098999	1341209.7545135266	31.699875593185425	1341421.0413589203	31.480607748031616	1342911.2468928592	19.68629765510559	1334789.4826727791	17.939497709274292	1341353.610229068	33.02856254577637	1342965.7716168016	27.67582631111145	1343115.5467911127	21.631412267684937	1340568.2485970105	21.854002714157104	1342811.7476574017	23.86952042579651	1336605.6082792797	
18.714632034301758	1341122.4404255645	31.72990369796753	1341498.1244810044	31.509799242019653	1342870.6537861694	19.701339721679688	1334793.8974492378	17.95569348335266	1341362.9169319891	33.05363988876343	1342976.9813394556	27.691587924957275	1343101.9052614442	21.647644519805908	1340544.1406688816	21.867018699645996	1342807.1491058336	23.897221088409424	1336623.5263294864	
18.73480248451233	1341110.6925863347	31.752009630203247	1341491.3471331445	31.53782367706299	1342870.1525464922	19.71793007850647	1334825.1290448536	17.96946620941162	1341358.9858795945	33.08916735649109	1342972.2729971895	27.70526432991028	1343105.4692249277	21.66227912902832	1340548.3525962671	21.881030321121216	1342781.6203913775	23.921194553375244	1336626.491170301	
18.75632405281067	1341112.0906153615	31.781024932861328	1341479.0557361776	31.571082830429077	1342885.5815375948	19.735947370529175	1334795.745442122	17.984120845794678	1341361.0908723886	33.1284761428833	1343004.1199022832	27.720062971115112	1343125.6371156739	21.676587104797363	1340576.8217550598	21.896552085876465	1342743.9839153518	23.94475769996643	1336615.5810579339	
18.778841495513916	1341075.3387737176	31.80504822731018	1341476.0848264354	31.599879503250122	1342868.0927990556	19.750462293624878	1334802.9794423797	18.000135898590088	1341428.0677121272	33.156859159469604	1343009.5802328184	27.73295831680298	1343126.596023129	21.691615104675293	1340586.6813432989	21.91110062599182	1342536.1370762312	23.974279165267944	1336068.725151249	
18.798359155654907	1341067.3369006738	31.830267667770386	1341466.0410433528	31.634043216705322	1342957.274746291	19.764968156814575	1334805.5461408466	18.015143632888794	1341393.6981911925	33.181026220321655	1342992.9992921103	27.748814582824707	1343200.3106441577	21.705119132995605	1340590.9480115839	21.92398715019226	1342529.8875499712	23.99929428100586	1336074.4960635705	
18.819091081619263	1341442.6663470678	31.857794523239136	1341448.7602079012	31.663573503494263	1342944.199531966	19.779475450515747	1334784.452897234	18.028788328170776	1341391.2926873353	33.20791721343994	1342985.9858687173	27.763055086135864	1343229.498527087	21.720309734344482	1340572.8164765227	21.937214136123657	1342532.2312031416	24.02481508255005	1336361.5302142377	
18.8391010761261	1341459.0765233783	31.881624221801758	1341435.3779799403	31.690101623535156	1342912.1577222622	19.793486833572388	1334833.5252251031	18.041295051574707	1341695.2600798118	33.2329363822937	1342945.7995770618	27.776323318481445	1343231.6354786782	21.734440088272095	1340571.1857644035	21.95071768760681	1342543.063420167	24.04984164237976	1336302.7668776643	
18.856112003326416	1341449.6040152179	31.90914535522461	1341488.43808205	31.721726655960083	1342853.7330413186	19.81000781059265	1334816.194877871	18.054799556732178	1341747.8563195097	33.25913763046265	1342958.8320178515	27.790130138397217	1343229.0933206454	21.750702619552612	1340552.9720848654	21.96728515625	1342487.4724783094	24.07959532737732	1336824.9488503404	
18.873651266098022	1341399.8364178399	31.93266463279724	1341492.164928756	31.753007650375366	1342865.5787814679	19.825026273727417	1334809.1852246826	18.07056999206543	1341713.3523045017	33.286869764328	1342966.9935827968	27.805185794830322	1343220.4556407123	21.763468980789185	1340579.7664614043	21.982083082199097	1342485.6221123224	24.10761332511902	1336362.7553528943	
18.892675161361694	1341350.1736874664	31.962414741516113	1341488.4490096106	31.789035081863403	1343164.458524871	19.840744256973267	1334787.549521768	18.084092140197754	1341713.4903121253	33.312413692474365	1342972.5372574788	27.820847988128662	1343199.5216534347	21.780654430389404	1340554.987892654	21.99459457397461	1342675.5107630484	24.131428003311157	1336381.3940260382	
18.91173005104065	1341341.7271293334	31.99042510986328	1341470.7086634622	31.81913995742798	1343165.9188078865	19.85525393486023	1334807.3968262372	18.10008144378662	1341641.8047733365	33.336079359054565	1342965.125345653	27.834994077682495	1343195.5830375326	21.794678688049316	1340561.3262929246	22.008715867996216	1342643.8720713947	24.155951976776123	1336404.9389275347	
18.93014097213745	1341394.5588811839	32.0164737701416	1341484.3171586506	31.846241235733032	1342825.9503446321	19.867762088775635	1334807.6265128045	18.113585233688354	1341655.0711336092	33.36070942878723	1342922.4976648097	27.847900867462158	1343136.3702530134	21.808687686920166	1340593.4212679693	22.023223400115967	1342633.4975327088	24.18147325515747	1336405.730454901	
18.953655242919922	1341368.4085593692	32.0439989566803	1341781.486113956	31.87325954437256	1342825.627114191	19.883294105529785	1334774.5228406421	18.1270911693573	1341644.8975835058	33.38722896575928	1342926.4717534871	27.8606698513031	1343098.6321605754	21.821309089660645	1340637.5841577747	22.036951303482056	1342607.5429436546	24.206488132476807	1336397.1595608213	
18.972761154174805	1341358.4339473739	32.07338857650757	1341810.7561351622	31.89879536628723	1342817.4426439642	19.898801803588867	1334916.2686205436	18.140100717544556	1341647.6683993465	33.41351366043091	1342950.6929483074	27.874289751052856	1343110.7485404059	21.836403608322144	1341097.2666048661	22.050490617752075	1342616.9989395223	24.233344078063965	1336414.0286301982	
18.996280193328857	1341344.933042139	32.104904890060425	1341849.0536835496	31.930326461791992	1342801.6696355536	19.913331508636475	1334895.993072249	18.15184736251831	1341651.4232802526	33.43931269645691	1342941.439212323	27.88848066329956	1343181.3347131114	21.85065531730652	1341128.9895893964	22.063995361328125	1342637.0704893763	24.2557373046875	1336412.2596068624	
19.01396346092224	1341340.8666481269	32.14346766471863	1341828.7455101244	31.956493854522705	1342800.6681695995	19.927837133407593	1335122.267711028	18.167017221450806	1341670.4452288165	33.46542024612427	1342944.512590006	27.903102159500122	1343192.3975661262	21.86577796936035	1341128.9730847508	22.080092191696167	1342660.7369246527	24.279003143310547	1336832.130107446	
19.03297758102417	1341332.8459895544	32.17147874832153	1341788.5706369416	31.988142013549805	1342829.5397382225	19.942853450775146	1335135.2757948285	18.17859148979187	1341672.0727454543	33.49244165420532	1342913.514663735	27.916146993637085	1343190.5854494069	21.879789352416992	1341128.5918657116	22.097102165222168	1342433.2493345644	24.30407977104187	1336987.1641236413	
19.05013656616211	1341311.421101863	32.196534156799316	1341782.9256421418	32.017916202545166	1342837.6573727096	19.957358598709106	1335156.893543293	18.193188667297363	1341672.3811759804	33.518961906433105	1342932.4231850386	27.930009603500366	1343202.4518732342	21.895293712615967	1341105.733306445	22.11189913749695	1342439.977221346	24.326937675476074	1337376.00799456	
19.065646171569824	1341322.693638557	32.22056317329407	1341779.1473541567	32.04407811164856	1342840.8293272997	19.97136664390564	1335154.652325824	18.205695867538452	1341665.5237358506	33.541489362716675	1342941.853797842	27.945091485977173	1343200.3890781885	21.909384727478027	1341110.1658013698	22.126983165740967	1342563.1475393171	24.354965209960938	1337384.9564969912	
19.085129022598267	1341332.004458138	32.24711084365845	1341774.0971353669	32.068509340286255	1343082.8614144535	19.987874507904053	1335135.9738467662	18.22070813179016	1341672.544559846	33.566181659698486	1342955.9375677286	27.959348440170288	1343189.3266779417	21.92376446723938	1341103.3480862665	22.140486240386963	1342549.587123772	24.388988733291626	1337390.8061071371	
19.10865092277527	1341343.597552084	32.27700209617615	1341801.5031075727	32.09960603713989	1343077.4436049038	20.002891063690186	1335162.5191404931	18.23821496963501	1341659.1363265784	33.5911967754364	1342957.1314344609	27.973774194717407	1343160.9334141242	21.938313722610474	1341093.1328390536	22.155497074127197	1342558.0740235439	24.419511795043945	1337412.7164476519	
19.122663259506226	1341320.6424222419	32.304529666900635	1341817.2990181274	32.12813472747803	1343120.4161518759	20.017902374267578	1335172.8482187714	18.25322937965393	1341661.7670243555	33.62291717529297	1342936.541526474	27.98767375946045	1343191.816859844	21.952574729919434	1341085.6648111618	22.17150592803955	1342544.0602600186	24.444525957107544	1337436.6563878625	
19.143362283706665	1341412.4283775755	32.333595275878906	1341816.5903878545	32.15898585319519	1343157.5923245978	20.03242564201355	1335193.8036741565	18.266332149505615	1341642.338462658	33.65394449234009	1342915.3174995852	28.001779556274414	1343180.1583742495	21.96824026107788	1341083.6880290443	22.187018394470215	1342601.9468331193	24.47944402694702	1337432.9879840184	
19.162665843963623	1341424.1546275662	32.36311984062195	1341816.7550649692	32.184502840042114	1343163.8702129005	20.047703981399536	1335246.6922734433	18.280486345291138	1341657.753112748	33.68096971511841	1342964.9791309177	28.014230489730835	1343178.147551248	21.9833402633667	1341106.6831048222	22.200292110443115	1342602.8057956113	24.518980026245117	1337435.264920508	
19.185678243637085	1341438.7457494272	32.391642570495605	1341788.7768441974	32.21236801147461	1343094.7523915563	20.060720682144165	1334979.5836200737	18.29411506652832	1341666.9378665483	33.70449233055115	1342135.7865663427	28.028865337371826	1343166.1437381227	21.99758291244507	1341412.3808809158	22.21530294418335	1342460.8457010076	24.54914116859436	1337427.5340042338	
19.20844292640686	1341442.5584749305	32.424880504608154	1341794.6923236025	32.24389100074768	1343038.7406132168	20.076231002807617	1334983.733181857	18.3065664768219	1341595.5198094102	33.731510162353516	1342178.3308610031	28.044113636016846	1343380.1648209384	22.011595487594604	1341416.720849581	22.23031735420227	1342507.4671692464	24.58217763900757	1337617.6455814978	
19.23145580291748	1342140.673470285	32.45241093635559	1341826.0860753523	32.274405002593994	1343088.635985453	20.09267234802246	1335000.9499233826	18.32258439064026	1341245.3572515748	33.7561993598938	1342197.158331084	28.060652256011963	1343384.6002555608	22.02510094642639	1341415.014040133	22.245847940444946	1342535.6280713251	24.612531661987305	1337383.2847415374	
19.245962619781494	1342141.2959547439	32.47634482383728	1341969.7809278604	32.29993033409119	1343103.4877403937	20.106690168380737	1335008.8571127916	18.338593244552612	1341238.8159380557	33.78021478652954	1342198.8338392668	28.079084157943726	1343420.5889209113	22.03860640525818	1341407.1374186396	22.26035165786743	1342516.3760549661	24.639310836791992	1337352.8087864968	
19.26449179649353	1342139.5335789488	32.509671449661255	1341769.4242039765	32.32694935798645	1343119.6289235705	20.120710372924805	1334982.4526543512	18.354278564453125	1341209.3710458998	33.813764810562134	1342227.0748463604	28.09690761566162	1343404.7300198474	22.051615238189697	1341367.3523408389	22.27498459815979	1342506.9731512575	24.6718430519104	1337355.5918847993	
19.281503200531006	1342144.740479497	32.534213066101074	1341792.0024501584	32.358318567276	1343143.1499879002	20.135221004486084	1334968.0445538773	18.3693950176239	1341192.2123002005	33.83851194381714	1342246.409176358	28.112680912017822	1343423.4210222003	22.065117359161377	1341380.7240765386	22.289487838745117	1342516.7545601598	24.695857286453247	1336956.539818271	
19.296009302139282	1342155.753234831	32.55830097198486	1341777.6981248294	32.38997292518616	1343115.1570407634	20.151248931884766	1334922.9290671155	18.383402824401855	1341206.145057034	33.865609884262085	1342000.1885508026	28.13248062133789	1343429.1162308014	22.08012890815735	1341367.399084434	22.304900646209717	1342524.873175752	24.7188823223114	1337413.4777467537	
19.313024520874023	1342122.8925075552	32.58583331108093	1341966.6424124732	32.42634153366089	1343088.8634054838	20.164318323135376	1334944.5491285878	18.398415565490723	1342177.6512588058	33.88962435722351	1342939.5855780123	28.150364875793457	1343429.6909862603	22.09463357925415	1341082.4044810047	22.319047451019287	1342555.9437300963	24.7451434135437	1337394.1105692838	
19.33024764060974	1342149.3738570784	32.61617112159729	1341965.3067698576	32.44936490058899	1343074.348710752	20.17931342124939	1334853.5777331344	18.414974212646484	1342239.1546094564	33.921147108078	1342986.7017260357	28.16786813735962	1343414.669286912	22.109648942947388	1341086.1332918634	22.33457660675049	1342616.5761135032	24.76615881919861	1337391.911577635	
19.353763580322266	1342097.980792906	32.64317321777344	1341971.894883664	32.47878432273865	1343075.8199447305	20.195058584213257	1334877.9869634034	18.42800736427307	1342335.1370589682	33.942336559295654	1342965.338036269	28.186288595199585	1343412.5095281007	22.12415337562561	1341049.6416171258	22.350082635879517	1342601.3678911913	24.797605991363525	1337429.831713815	
19.374771118164062	1342106.7448662831	32.66868448257446	1341751.5319714365	32.50379753112793	1343126.0764514867	20.208067178726196	1334874.3005448445	18.441017866134644	1342340.5093190868	33.96742630004883	1342991.2375654106	28.203468799591064	1343419.8213665234	22.13666009902954	1341055.915296956	22.365092039108276	1342598.0752486135	24.82212805747986	1337399.7625296263	
19.396138429641724	1342099.0475003717	32.693371534347534	1341777.785406933	32.53020620346069	1343153.0674159832	20.22207522392273	1334900.938473906	18.454524278640747	1342355.8086411469	33.99244570732117	1342979.3290993064	28.220322847366333	1343416.8239787966	22.151825666427612	1341067.8625372823	22.38110113143921	1342599.7094254298	24.847648859024048	1337427.9433847736	
19.41515040397644	1342343.176250334	32.717578649520874	1341815.649481981	32.55657958984375	1343162.8920636359	20.236090421676636	1334897.378265172	18.4692804813385	1341767.671560389	34.015875816345215	1342981.1093707704	28.2392475605011	1343413.828329408	22.1648371219635	1341075.1074933184	22.3961181640625	1342587.1394776572	24.86807346343994	1337443.459702157	
19.432162284851074	1342359.6388274885	32.74060249328613	1341822.1281381142	32.5856032371521	1343189.144240253	20.25028920173645	1334902.448920053	18.48496723175049	1341833.7195905196	34.03952717781067	1342974.2291503216	28.257367372512817	1343434.9987930919	22.177342176437378	1341077.197650294	22.4103045463562	1342587.590955487	24.893593072891235	1337439.0736103945	
19.448177814483643	1342298.1659072307	32.76969766616821	1341817.7548537068	32.61502957344055	1343216.892981248	20.265299558639526	1335232.286964051	18.49897527694702	1341461.426125366	34.063541412353516	1342949.745862951	28.277823209762573	1343445.8451755315	22.191351890563965	1341093.9119735854	22.426024913787842	1342576.6899003964	24.916113138198853	1337433.5498529177	
19.465818643569946	1342336.0178223099	32.796549558639526	1341828.9032883102	32.64053010940552	1343190.289523507	20.280630826950073	1335245.3712357366	18.514479637145996	1341477.6311093792	34.08710289001465	1342909.3509295932	28.293330669403076	1343049.6768984054	22.205734491348267	1341101.6140261963	22.440528631210327	1342583.0085079656	24.94238567352295	1337417.9598138968	
19.481420755386353	1342351.3275894648	32.82028579711914	1341820.4504409228	32.66604733467102	1343188.5904986365	20.29471755027771	1335255.3734819877	18.530303716659546	1341478.8455293444	34.11111640930176	1342911.5583102354	28.31170678138733	1343040.6881754627	22.222326517105103	1341043.4680566145	22.457544565200806	1342578.1119346223	24.964906930923462	1337426.889772598	
19.494927167892456	1342377.9868850885	32.84884190559387	1341763.4412626727	32.69064903259277	1343189.2410577508	20.30773377418518	1335163.1028346596	18.546979665756226	1341501.3316795945	34.14432740211487	1342904.6999486983	28.330103158950806	1343038.1401647774	22.235830783843994	1340824.6243341675	22.472556114196777	1342557.866347814	24.986920595169067	1337405.4047408423	
19.50794267654419	1342394.357284462	32.87757730484009	1341790.3653338545	32.72323703765869	1343144.6768393684	20.32474112510681	1335175.3968076082	18.561994791030884	1341496.3791450493	34.17134499549866	1342907.0714326703	28.348685026168823	1343049.2259489181	22.250892400741577	1340839.1562857262	22.487584352493286	1342536.836559346	25.012444257736206	1337334.8161655995	
19.522958993911743	1342418.6565420702	32.90008568763733	1341801.3054238146	32.75071167945862	1343191.0794476967	20.338254690170288	1335196.695496649	18.574501276016235	1341524.051714482	34.19798922538757	1342953.0007592638	28.364858865737915	1343060.6485471777	22.266029834747314	1340817.7458616463	22.501083850860596	1342511.1634027623	25.037458419799805	1337335.323159412	
19.5361225605011	1342415.468078283	32.92513132095337	1341811.6269519795	32.78074407577515	1343197.0362929062	20.350266933441162	1335203.7146331116	18.58802032470703	1341543.3859374947	34.222184896469116	1342937.7539215148	28.382830142974854	1343087.873000607	22.277193307876587	1340825.61482473	22.515778303146362	1342495.777730272	25.062485694885254	1337342.895953963	
19.550647497177124	1342406.8621619004	32.95014429092407	1341828.6537655739	32.80733823776245	1343198.9777338782	20.362773656845093	1335112.994841567	18.60403871536255	1341596.2809547593	34.24770712852478	1342948.7936311793	28.400924682617188	1343076.4544160035	22.290205717086792	1340824.7026910076	22.529654502868652	1342500.360171942	25.089366912841797	1337335.3714954758	
19.56515622138977	1342422.1447896047	32.97367525100708	1341836.391653799	32.8343620300293	1343211.509125699	20.376278400421143	1335130.9163438366	18.617372512817383	1341602.4300689462	34.272722244262695	1342929.8771332244	28.419269323349	1343087.086190912	22.304715156555176	1340844.522913816	22.54416060447693	1342515.1584665503	25.118892908096313	1337303.9594314354	
19.57998251914978	1342342.5015755843	32.99921536445618	1341823.8246824762	32.86090660095215	1343225.1218348762	20.391294956207275	1335141.3006839808	18.632387399673462	1341604.0720671508	34.297245025634766	1342853.941902728	28.437910079956055	1343090.376277043	22.31822443008423	1340846.086110463	22.557132959365845	1342509.1368633134	25.14319634437561	1337324.0555671216	
19.59501075744629	1342350.0026134548	33.0262451171875	1341816.5487432831	32.886422634124756	1343229.6390488043	20.404313325881958	1335153.5038667475	18.64575695991516	1341399.657979396	34.32477593421936	1342861.0220856948	28.456007957458496	1343078.4789923292	22.332834720611572	1341109.2345567432	22.570492029190063	1342502.4052162552	25.168017864227295	1337303.1768975533	
19.609209537506104	1342384.60520401	33.05376958847046	1341840.1924412223	32.912439823150635	1343243.2965873035	20.41933512687683	1335604.3525128735	18.65976595878601	1341399.913335403	34.3524227142334	1342842.203999393	28.472984552383423	1343078.1906574087	22.347282648086548	1341020.1608426466	22.585500240325928	1342506.1356507845	25.196189641952515	1337267.9661131795	
19.623233795166016	1342393.1344409124	33.080124855041504	1341450.7041577473	32.938963174819946	1343241.1733013615	20.433588981628418	1335609.9199665454	18.6732759475708	1341406.7079374923	34.37662172317505	1342845.3316533235	28.490176916122437	1343078.68087799	22.362271308898926	1341011.3178094751	22.6002459526062	1342433.808014682	25.224407196044922	1337268.6446210807	
19.63824963569641	1342385.0760127841	33.10890769958496	1341995.3970684553	32.96768260002136	1343236.2903967137	20.448096752166748	1335601.647379129	18.68800973892212	1341399.4390579062	34.40215492248535	1342846.3322766495	28.506842613220215	1343079.229002477	22.37505865097046	1340853.9404529287	22.615254640579224	1342398.5333509212	25.250963926315308	1337279.084792101	
19.652278900146484	1342359.0323811858	33.139304876327515	1342089.8871578705	32.995699644088745	1343223.8281630832	20.4621160030365	1335676.84051842	18.70351767539978	1341845.7673693951	34.42811846733093	1342753.5745224059	28.523735523223877	1343076.1989920647	22.389069080352783	1340483.4364076739	22.63107466697693	1342404.2355758501	25.277223825454712	1337283.5374483026	
19.66578698158264	1342368.8507819497	33.166571855545044	1342091.6502682697	33.02293133735657	1343229.485434622	20.47688937187195	1335573.2555568365	18.71802568435669	1341817.6194252472	34.45764660835266	1342029.9164337835	28.54228377342224	1343087.438471586	22.40257477760315	1340456.0623715967	22.642581462860107	1342596.5569718485	25.301756381988525	1337287.0381917078	
19.678802490234375	1342342.650103459	33.19573354721069	1342093.9857761504	33.05132079124451	1343297.0325969402	20.491127729415894	1335557.8193004595	18.733760356903076	1341852.3323312846	34.482664585113525	1342920.7557062672	28.562493324279785	1343074.8807389343	22.41570520401001	1340441.1921023894	22.657591342926025	1342437.33295328	25.32427430152893	1337288.039123953	
19.693318367004395	1342611.271674369	33.22409772872925	1342090.6764956547	33.077354192733765	1343291.6399515632	20.50714945793152	1335353.923271493	18.748948574066162	1341832.0058273925	34.50718641281128	1342757.7071693523	28.581140756607056	1343083.0780064147	22.43029260635376	1340729.1795689901	22.670602321624756	1342461.9217221944	25.349019050598145	1337290.2109429191	
19.706823110580444	1342618.3377772816	33.250123262405396	1342094.587982189	33.10436511039734	1343277.6422286357	20.521169185638428	1335355.4331325064	18.76345467567444	1341842.7186734562	34.53370714187622	1342766.265250947	28.599063396453857	1343088.6639160789	22.444796800613403	1340697.1536751834	22.68460965156555	1342480.3771769544	25.373037099838257	1337289.616555348	
19.71989393234253	1342626.0171735948	33.279459953308105	1342102.5903513038	33.130889654159546	1343296.1969585065	20.536675691604614	1335353.0205958053	18.779465675354004	1341868.8529657368	34.561002254486084	1342778.9353965265	28.61711549758911	1343068.1299807276	22.45976209640503	1340820.6662654986	22.700116395950317	1342483.1212336835	25.40055775642395	1337278.9961920248	
19.735402822494507	1342689.2344819396	33.304675579071045	1342075.2031302005	33.1613335609436	1343292.3175122254	20.550697326660156	1335351.7920472096	18.793930053710938	1342066.2253722763	34.586527585983276	1342785.9178170464	28.63460683822632	1343062.4869858061	22.473450660705566	1340822.6788951016	22.71478581428528	1342472.850943157	25.426571130752563	1337278.7392779004	
19.747915029525757	1342688.1784593235	33.33137822151184	1342075.0887168783	33.18720054626465	1343296.7139421056	20.563209056854248	1335361.3829313787	18.808939456939697	1341398.688621301	34.61170816421509	1342763.902046731	28.651421546936035	1343169.222852136	22.485954523086548	1340897.3562459822	22.730294942855835	1342475.2796500693	25.450596809387207	1337278.8409551664	
19.761433839797974	1342666.5029931548	33.356619119644165	1342071.1113134741	33.21445631980896	1343299.5800418197	20.578713417053223	1335644.4768707317	18.824451684951782	1341368.4777092522	34.63723111152649	1342761.940845941	28.672110319137573	1343174.1313834714	22.50249457359314	1340830.277462229	22.74785614013672	1342551.9099441166	25.476963758468628	1337258.9889562672	
19.777194499969482	1342673.4268590459	33.38113856315613	1342073.688007555	33.23965120315552	1343270.445119843	20.59473443031311	1335338.2666605944	18.837964057922363	1341371.5468797914	34.66224956512451	1342739.7184453025	28.69062876701355	1343188.1647023384	22.5185227394104	1340416.4085203544	22.76136302947998	1342569.5553470592	25.501545667648315	1337254.7126681006	
19.79162621498108	1342644.022577581	33.40616416931152	1342056.3321420103	33.27080702781677	1343255.292913138	20.610257148742676	1335315.5777761035	18.85397982597351	1341388.1227100985	34.686323404312134	1342751.4628985412	28.70666813850403	1343203.1810744663	22.53154468536377	1340421.3776946627	22.77401900291443	1342320.708614118	25.527793407440186	1337270.683017526	
19.805132389068604	1342652.8183330088	33.44153714179993	1342182.6280610922	33.29732322692871	1343252.2783200918	20.626280069351196	1335362.2010953526	18.86899209022522	1341390.082142118	34.712080001831055	1342741.7194942047	28.72256326675415	1343209.1471287839	22.546316385269165	1340388.3030716616	22.789525747299194	1342363.3735112217	25.552820205688477	1337234.9025971598	
19.819141626358032	1342716.3223294145	33.46954917907715	1342206.6263605054	33.32779383659363	1343266.8923191144	20.64191508293152	1335379.9084957696	18.884025812149048	1341389.0184116105	34.73776817321777	1342780.6470833733	28.737379550933838	1343263.9611561203	22.560540437698364	1340400.7890563447	22.80475401878357	1342363.4333401087	25.577833652496338	1337266.4441757628	
19.83564567565918	1342683.6883755522	33.497233152389526	1342192.8832800598	33.356072425842285	1343221.6608296398	20.65742588043213	1335386.0100439063	18.899121522903442	1341449.140108719	34.76321268081665	1342787.0773137845	28.7516348361969	1343263.7187124866	22.576557636260986	1340612.6631866037	22.82025980949402	1342361.423768531	25.602354049682617	1337276.410262109	
19.849657773971558	1342676.1144562077	33.52343249320984	1342136.358268369	33.38472247123718	1343178.1617684558	20.674944400787354	1335384.782376626	18.912625312805176	1341765.3566767878	34.787551164627075	1342791.9110332686	28.765707969665527	1343266.7463815291	22.591222763061523	1340599.6751248026	22.834874629974365	1342207.002500588	25.62536883354187	1337282.7046074967	
19.86366844177246	1342718.4334061085	33.54565739631653	1342136.5006765344	33.412102937698364	1343193.5902793026	20.690189123153687	1335688.680932897	18.926132202148438	1341745.2186849792	34.81588792800903	1342803.4389917238	28.78015923500061	1343271.060962306	22.60572123527527	1340606.7327509406	22.848379373550415	1342297.7788759642	25.649614572525024	1337275.8314451005	
19.878684759140015	1342716.5923948907	33.573384284973145	1342150.731527554	33.43613314628601	1343199.2330586428	20.703700065612793	1335678.550646018	18.943156242370605	1341729.1467313617	34.84090757369995	1343152.1800621483	28.793808460235596	1343262.3130652553	22.62127947807312	1340637.6280143461	22.86226749420166	1342363.5760279642	25.67313814163208	1337276.4510958865	
19.895193815231323	1342689.2348074075	33.60641646385193	1342156.4629137348	33.46719455718994	1343252.543757069	20.718717336654663	1336060.3001666008	18.960464477539062	1341709.8284608424	34.867955684661865	1343147.8666011833	28.807942152023315	1343264.4029430996	22.635781049728394	1340647.7197812165	22.877375841140747	1342398.8634011764	25.69591236114502	1337278.1702479015	
19.90973997116089	1342679.3599913872	33.63313603401184	1342145.0115183224	33.49661707878113	1343254.562665776	20.73473334312439	1335450.6071584153	18.972970247268677	1341415.8279422692	34.88997483253479	1343146.8191680259	28.8210551738739	1343268.608602787	22.648788690567017	1340650.274791171	22.891688346862793	1342385.9753729315	25.718939065933228	1337282.6664374017	
19.92505145072937	1342674.8842974198	33.659146547317505	1342188.3445650397	33.52463483810425	1343296.0371640474	20.749240398406982	1335471.4493399642	18.98641586303711	1341478.0214316903	34.91649508476257	1343162.0838261128	28.835917949676514	1343271.9371697083	22.662296295166016	1340647.353544223	22.905197858810425	1342637.507250573	25.744652032852173	1337271.7784094894	
19.940052270889282	1342711.158432358	33.684410095214844	1342177.7926196428	33.55166697502136	1343302.6706320327	20.763249397277832	1335470.4848190194	19.00101923942566	1341471.4076119396	34.94552946090698	1343173.675009376	28.85054063796997	1343237.6777374372	22.678641080856323	1340653.7495582823	22.91943049430847	1342667.0581001746	25.77168321609497	1337288.338015257	
19.954060792922974	1342725.616577026	33.70892691612244	1342169.611689998	33.575945138931274	1343243.6737174147	20.778762817382812	1335469.2511170662	19.016524076461792	1341668.603664414	34.96892976760864	1343176.0206453206	28.864558696746826	1343230.0250396605	22.696147680282593	1340654.0543683567	22.934024572372437	1342734.236249358	25.802295446395874	1337284.4224717715	
19.969096899032593	1342719.6149981832	33.73545169830322	1342241.040665175	33.602925062179565	1343220.7630899965	20.79377770423889	1335399.8553705825	19.03214430809021	1341651.892992689	34.99498152732849	1343153.3588706658	28.878170251846313	1343201.2285777163	22.71167230606079	1340656.0945607785	22.949036359786987	1342747.0589126707	25.834893226623535	1337257.497686284	
19.98360776901245	1343151.9448609543	33.76198649406433	1342260.3382230722	33.625611543655396	1343230.328577748	20.810288667678833	1335400.6392949542	19.046301126480103	1341602.8839364976	35.01918315887451	1343158.830539448	28.892186880111694	1343226.260399355	22.727176189422607	1340629.4378639604	22.964044332504272	1342752.1672734895	25.858916997909546	1337238.5983295096	
19.996625900268555	1343156.9152836294	33.78908944129944	1342264.131157519	33.65613341331482	1343272.1658127327	20.82480001449585	1335416.978964958	19.061023712158203	1341432.8678966209	35.04370069503784	1343125.2779890944	28.90669822692871	1343232.5761255366	22.743184804916382	1340618.7939076368	22.978057622909546	1342735.2214099136	25.884202003479004	1337256.7228063133	
20.012320518493652	1342857.3425773655	33.81511950492859	1342274.9385993746	33.687801122665405	1343288.1307004003	20.83962082862854	1335429.2458604057	19.0751953125	1341855.1151667775	35.069292068481445	1343141.410059231	28.92193627357483	1343214.7463109817	22.75930666923523	1340628.971526177	22.991065979003906	1342744.7493431685	25.90821671485901	1337255.288298633	
20.026830196380615	1343194.5671949273	33.84805488586426	1342289.1078602143	33.71581482887268	1343294.6108896548	20.855631351470947	1335432.153356612	19.09003710746765	1341890.444095847	35.09482002258301	1343138.04211668	28.93540644645691	1343213.3076337066	22.775489330291748	1340641.6882712264	23.00430655479431	1342772.1132703868	25.933271169662476	1337254.1999133937	
20.040847063064575	1343101.8709245385	33.871370792388916	1342286.5472807614	33.74600672721863	1343301.9672190964	20.870638370513916	1335454.4778026626	19.1065456867218	1341899.8056120942	35.119425535202026	1343194.5849439453	28.94992470741272	1343217.247644739	22.791497707366943	1340632.4524266839	23.017321586608887	1342757.462358944	25.962266445159912	1337253.7301540808	
20.054862022399902	1343111.7142432842	33.90491437911987	1342127.8805177615	33.77234721183777	1343302.9522693434	20.88502311706543	1335261.8687592454	19.12256383895874	1341899.795317134	35.145461082458496	1343157.1984482633	28.963829278945923	1343227.8878473206	22.807503938674927	1340600.3130565237	23.030584812164307	1342701.6265479252	25.989790678024292	1337050.3593050807	
20.068878412246704	1343102.910294389	33.932687282562256	1342127.7541507499	33.80373525619507	1343284.052373511	20.899190187454224	1335268.839630203	19.137071132659912	1341877.8624227953	35.169581174850464	1343150.0814069828	28.978869199752808	1343213.9272687235	22.824012279510498	1340613.5112661142	23.044592142105103	1342698.7807681947	26.015806198120117	1336856.427854718	
20.08316135406494	1343091.0735737628	33.955703020095825	1342127.3282784526	33.830252170562744	1343277.119537212	20.913119792938232	1335260.4156100615	19.155811309814453	1341875.8692704306	35.19911217689514	1343101.3157977292	28.99300765991211	1343186.2355875524	22.8390212059021	1340599.1562633738	23.05915641784668	1342599.660635515	26.039329528808594	1336863.203100748	
20.097670793533325	1343068.847964421	33.983253717422485	1342089.9759205359	33.857383728027344	1343278.678440386	20.93113350868225	1335237.6204856867	19.172626733779907	1341879.755854563	35.22413659095764	1343161.4653034015	29.00658392906189	1343077.8724272905	22.85452675819397	1340609.1306645887	23.073293447494507	1342597.3389588562	26.06885838508606	1336853.8908021052	
20.11201786994934	1343070.509885599	34.008182764053345	1342084.3775483596	33.89671325683594	1343293.0167510516	20.948644399642944	1335192.1901228898	19.18971872329712	1341885.7554989946	35.249154567718506	1343173.560456569	29.02202796936035	1343100.2404754374	22.867125034332275	1340602.7566830837	23.0873019695282	1342583.6252459125	26.097909688949585	1336844.467647694	
20.12570810317993	1343073.3161855764	34.032214879989624	1342110.51863529	33.92400789260864	1343295.2454232362	20.963652849197388	1335219.8915108254	19.20722270011902	1341859.9436064488	35.27417778968811	1343177.501013395	29.034548044204712	1343106.0511767806	22.881844997406006	1340655.5357983275	23.10141658782959	1342600.043500617	26.121429204940796	1336795.644779637	
20.13931679725647	1343067.241634579	34.05723690986633	1342052.6400928702	33.954132080078125	1343319.1320300677	20.978159427642822	1335210.0992536868	19.223233699798584	1341868.1227958915	35.299195289611816	1343165.46074945	29.049346923828125	1343107.2651375714	22.89835000038147	1340572.2368638413	23.114105224609375	1342623.8061676559	26.144080877304077	1336821.6016116391	
20.154327869415283	1343085.2267659458	34.08293604850769	1342062.1806548086	33.978092193603516	1343317.5148126695	20.993174076080322	1335234.8338343257	19.238759994506836	1342012.9585700487	35.32567286491394	1343121.1090924772	29.061662435531616	1343109.119071668	22.911475896835327	1340554.7181500532	23.126830577850342	1342565.8838391295	26.166600942611694	1336833.3791558146	
20.168341398239136	1343082.8594986722	34.11096811294556	1342022.354614779	34.00461149215698	1343318.780803478	21.007187843322754	1335242.9684721166	19.253267288208008	1342026.0688074217	35.35067701339722	1343126.807872011	29.07417321205139	1343109.3417017232	22.925981283187866	1340605.1168700065	23.140336513519287	1342609.648730816	26.19112539291382	1336961.3276520674	
20.181849718093872	1342937.800244088	34.13898825645447	1342014.9306439296	34.03864622116089	1343327.0067397235	21.023263216018677	1335207.76185266	19.268272161483765	1342030.3186848392	35.37838649749756	1343124.3193094234	29.0886812210083	1343088.9954577987	22.940990447998047	1340609.2914759568	23.154342651367188	1342608.1127461072	26.206632137298584	1336955.9017918494	
20.195860385894775	1342940.6998685051	34.161505460739136	1341997.263582959	34.06566905975342	1343324.4016786858	21.037057161331177	1335163.8562642832	19.281328439712524	1342023.4957259474	35.40257549285889	1343145.6508947236	29.103265523910522	1343092.900778977	22.95516085624695	1340515.4965982498	23.16784977912903	1342663.2057430763	26.23115563392639	1336967.0059857164	
20.208592891693115	1342951.5859516982	34.18596696853638	1341985.7403713877	34.097360134124756	1343324.6244208275	21.0514919757843	1335130.2262062267	19.294537782669067	1342040.9371315462	35.43139290809631	1343144.735825299	29.119286060333252	1343090.0001288713	22.968865156173706	1340558.0612202347	23.182865381240845	1342763.418737666	26.255675792694092	1336967.5529878214	
20.22510027885437	1342947.6089677995	34.21229434013367	1342093.5032055199	34.12362766265869	1343328.1721002406	21.065293073654175	1335152.935039732	19.30947709083557	1342037.7213959962	35.46044182777405	1343176.1222862669	29.132957458496094	1343056.1299903586	22.984370231628418	1340556.782380855	23.196921348571777	1342765.1900333732	26.28070831298828	1336969.4174730424	
20.24034857749939	1342972.5065813286	34.24032926559448	1342107.6723143493	34.15266752243042	1343333.851726275	21.079490184783936	1335185.781937215	19.32498550415039	1342001.242181979	35.487969636917114	1343176.3000210677	29.147468090057373	1343054.0899010652	22.999381065368652	1340497.117258211	23.21142578125	1342770.2059321275	26.308722257614136	1336974.2142009377	
20.255528450012207	1343007.3238950777	34.269853353500366	1342098.185276407	34.18424391746521	1343356.118512831	21.093732833862305	1335179.5758776742	19.3395254611969	1341989.6425513935	35.51749229431152	1343174.616071432	29.160818338394165	1343071.8943716327	23.012445211410522	1340503.0440423323	23.225438117980957	1342766.8449006774	26.332398176193237	1336983.440923372	
20.269538164138794	1343044.805447713	34.29557681083679	1342110.6777994386	34.21165990829468	1343357.9054215425	21.106744289398193	1335204.4382447486	19.354125022888184	1342003.6285658022	35.54253315925598	1343178.5157791662	29.173845767974854	1343057.0057699129	23.027451276779175	1340519.9884135227	23.24094319343567	1342675.8129522	26.356121301651	1336990.383975846	
20.283660411834717	1343044.841536033	34.32360100746155	1342116.880301211	34.24008345603943	1343364.392202463	21.124261617660522	1335183.1834687984	19.366644144058228	1342015.398154795	35.56906700134277	1343189.0400136001	29.19027805328369	1343031.0220689646	23.04196047782898	1340536.0048549976	23.254955768585205	1342643.3572593885	26.382639169692993	1336952.7259573971	
20.298356533050537	1343051.9763964673	34.3551299571991	1342281.2034760185	34.26767039299011	1343360.869061466	21.138272285461426	1335175.8389259565	19.38265585899353	1342022.6483011323	35.59758710861206	1343142.6270853865	29.2062246799469	1342873.1053981588	23.05446743965149	1340534.3699776065	23.270986080169678	1342644.4589030738	26.402801990509033	1336736.4942686646	
20.314087390899658	1343050.7278083067	34.384278535842896	1342209.19571436	34.293701171875	1343334.0594041103	21.154200077056885	1335197.8280887064	19.396733283996582	1342026.625023324	35.62633514404297	1343141.0945540678	29.21973466873169	1342877.2999932987	23.06648564338684	1340555.3604850024	23.28499722480774	1342634.474939056	26.4266095161438	1336735.8510741729	
20.328104496002197	1343072.6930507242	34.411112546920776	1342232.6224772576	34.32284498214722	1343273.9400568397	21.168707370758057	1335847.2082764443	19.410314083099365	1342018.5670519432	35.649351596832275	1343134.7966140395	29.23327136039734	1342871.281901956	23.081214904785156	1340557.333193459	23.301501512527466	1342641.7240331706	26.45342707633972	1336745.5054294325	
20.343618392944336	1343092.7190007993	34.43725109100342	1342275.7619596547	34.3511176109314	1343269.6901785408	21.18471908569336	1335109.2966310408	19.428037881851196	1341952.5041462872	35.67738199234009	1343138.6716955723	29.24716281890869	1342869.3765573916	23.095721006393433	1340551.3006975092	23.316182613372803	1342642.989290163	26.48227310180664	1338037.9740936116	
20.358129501342773	1343116.913832058	34.46307158470154	1342299.8720745286	34.38013672828674	1343269.1546425002	21.19923233985901	1335170.0182959128	19.444215297698975	1342432.2599861575	35.700395822525024	1343167.284822185	29.261682748794556	1342922.3705385325	23.10865020751953	1340452.770031799	23.332399129867554	1342654.912365834	26.509796142578125	1338032.0684514428	
20.374637126922607	1343114.0177708922	34.488781452178955	1342313.1517065167	34.40593433380127	1343273.9701109545	21.214760541915894	1335167.6645175652	19.457231760025024	1342436.8456133094	35.72516417503357	1342912.4171423644	29.276545763015747	1342940.6676739485	23.1211576461792	1340441.9681924765	23.348012685775757	1342661.1144094993	26.53599238395691	1338044.5207032235	
20.38865065574646	1343111.611142583	34.517380714416504	1342316.383126919	34.43251872062683	1343288.913129443	21.228777647018433	1335193.2810302796	19.4717755317688	1342417.8736550184	35.75063896179199	1342916.1178297421	29.29082489013672	1342973.5760406249	23.135668992996216	1340207.7903122427	23.361518621444702	1342714.8866415692	26.561022520065308	1338067.201987543	
20.404917240142822	1343090.5501429255	34.543938875198364	1342320.056312986	34.45452857017517	1343262.890609942	21.243512630462646	1335181.2470018624	19.486706495285034	1342501.5007999989	35.777668714523315	1342915.0337575024	29.304848432540894	1342963.7129764317	23.151435613632202	1340221.61868949	23.374032020568848	1342778.1021500318	26.592545747756958	1338082.8001291153	
20.419635772705078	1343109.5563273835	34.5692253112793	1342309.6869919025	34.478755474090576	1343256.0673767314	21.258018970489502	1335075.533227566	19.501718759536743	1342503.0513556562	35.80169081687927	1342917.1629302169	29.319862842559814	1342962.140082308	23.16671586036682	1340215.2464189993	23.38753914833069	1342754.943801963	26.62607192993164	1337936.6097275508	
20.43514132499695	1343111.4051534503	34.59939408302307	1342759.548014617	34.50431847572327	1343261.741564038	21.274044036865234	1335085.1096601437	19.517223358154297	1342616.2785792553	35.82846236228943	1342909.721270311	29.33416986465454	1342821.269256691	23.180724143981934	1340208.6102391744	23.403122186660767	1342722.7359276563	26.653098821640015	1337936.9322798878	
20.44915246963501	1343023.1878248677	34.62505912780762	1342691.5230259134	34.533835887908936	1343266.8531493105	21.290256023406982	1335073.432888141	19.53193712234497	1342641.2777510318	35.85498523712158	1342977.0241018445	29.348681449890137	1342805.1526445702	23.193228244781494	1340465.5473761878	23.41913366317749	1342719.6683866403	26.681315183639526	1337929.3827754362	
20.463160037994385	1342998.0554129295	34.650150775909424	1342671.1919568146	34.557637453079224	1343268.0508650562	21.30447244644165	1335083.2411079116	19.545953035354614	1342639.8295093663	35.88050627708435	1342976.5748277698	29.360191345214844	1343041.184953032	23.20723557472229	1340474.2088547873	23.43315863609314	1342703.4158342325	26.709598302841187	1337921.5791790637	
20.478172540664673	1343000.935126647	34.67786908149719	1342661.4729293634	34.586679458618164	1343273.4225724824	21.319488525390625	1335093.701289352	19.56012201309204	1342651.5168537903	35.90402555465698	1342965.211928202	29.37421202659607	1343032.9632289254	23.221259355545044	1340565.9416183974	23.447168111801147	1342761.3780912347	26.73772692680359	1338128.2364613651	
20.49368929862976	1343002.1915424182	34.70808291435242	1342692.2625940712	34.61436200141907	1343282.029762879	21.335498332977295	1335101.0282861532	19.576632976531982	1342670.43625434	35.92962074279785	1342955.615086267	29.387722969055176	1342777.4303034295	23.235764980316162	1340548.2295186478	23.46228837966919	1342726.70863993	26.76307249069214	1338131.4911412012	
20.508700132369995	1342992.617217815	34.73291301727295	1342636.265179378	34.63837814331055	1343287.9522727996	21.353522300720215	1335254.27887263	19.590832233428955	1342667.9852582114	35.95237636566162	1342952.210829734	29.401840448379517	1342782.2280397664	23.249773740768433	1340560.5156858428	23.475537538528442	1342727.4591198647	26.7877995967865	1338143.942157782	
20.52371644973755	1343002.0337222342	34.76111841201782	1342620.4303377045	34.66439628601074	1343275.7110778647	21.3690345287323	1335248.6854504445	19.604717016220093	1342691.6758466943	35.978416442871094	1342934.997973501	29.415722370147705	1342737.426312745	23.263278007507324	1340564.9721735134	23.490121126174927	1342742.56699745	26.815314292907715	1338151.426380237	
20.53889489173889	1343026.3155992602	34.787049770355225	1342160.3763025282	34.686434745788574	1343281.1766776447	21.383044481277466	1335285.5566883062	19.618932485580444	1342694.117393583	36.01124691963196	1342941.3576274905	29.431816339492798	1342747.3224911825	23.276921272277832	1340573.364852909	23.505554914474487	1342742.5093053791	26.840347051620483	1338144.7622736157	
20.552902221679688	1343037.94041186	34.81241726875305	1342162.584878144	34.70581912994385	1343288.1917999936	21.401063442230225	1335576.089692824	19.633944988250732	1342692.046345743	36.03850984573364	1342900.3948176915	29.445636987686157	1342756.6812612393	23.290932178497314	1340563.8001693862	23.520344972610474	1342744.3440602461	26.869379997253418	1338143.265255583	
20.567936658859253	1343005.809290975	34.839425802230835	1341335.3486371133	34.73334455490112	1343292.287627359	21.417083024978638	1335579.7063658943	19.648956537246704	1342619.7835976803	36.06790328025818	1343224.8936546778	29.459841012954712	1342756.4782985728	23.305434703826904	1340574.7199383455	23.534351348876953	1342736.157249205	26.90248990058899	1337933.2820855468	
20.582484245300293	1343012.676816429	34.86393976211548	1341352.3640396306	34.755767583847046	1343278.9877991746	21.43162965774536	1335314.674661612	19.663008451461792	1342607.432724125	36.09393572807312	1343233.7550158093	29.47492480278015	1342745.5588661856	23.319452047348022	1340585.1263952113	23.548588275909424	1342723.2660610222	26.92905330657959	1337938.1264763551	
20.5977783203125	1343033.7910317453	34.89122676849365	1341059.829642794	34.78129601478577	1343267.5583716026	21.4458429813385	1335601.6118986649	19.679590225219727	1342622.5591170262	36.116459369659424	1343263.6494515056	29.489429712295532	1342768.065063408	23.33495593070984	1340571.7121781611	23.5625901222229	1342724.916536418	26.955814599990845	1337923.8330152736	
20.61153483390808	1343030.8868099193	34.919273853302	1341073.4937951788	34.80582141876221	1343274.3914114698	21.460350275039673	1335545.7013777052	19.694464445114136	1342629.287243058	36.14298105239868	1343257.462947876	29.504339694976807	1342782.489255318	23.348467588424683	1340576.8725762432	23.576107501983643	1342735.2105393647	26.984338998794556	1337914.869386446	
20.62673330307007	1343057.1494798604	34.94479274749756	1341084.9337502802	34.832104444503784	1343277.8868628696	21.4738667011261	1335546.8633858755	19.710227966308594	1342619.1303081464	36.16867685317993	1343250.3204935833	29.51935648918152	1342786.936029905	23.363824605941772	1340742.1510523784	23.592116832733154	1342777.9844741945	27.009861946105957	1337914.8614667023	
20.640751123428345	1343084.9633538495	34.97131299972534	1341081.4672564818	34.85942459106445	1343275.7400900857	21.488528728485107	1337369.704487015	19.724735498428345	1342596.6437635566	36.19369411468506	1343251.8973309847	29.53353500366211	1342760.262288568	23.37699794769287	1340722.1059616145	23.606720685958862	1341579.488511433	27.033876419067383	1337955.2749695524	
20.655759811401367	1343097.4591958728	34.99633502960205	1341586.2624960735	34.889461040496826	1343280.402811822	21.503206253051758	1337496.34118194	19.73839521408081	1342599.4468870973	36.22033619880676	1343274.8578605554	29.54705572128296	1342786.5505868173	23.3910071849823	1340719.3667746058	23.62074327468872	1341580.5990776333	27.05789542198181	1337868.1873239053	
20.668776750564575	1343085.7394294427	35.021660566329956	1341584.4808671237	34.91701364517212	1343276.890693787	21.51621699333191	1337328.8598104701	19.75240731239319	1342618.2773045895	36.2498664855957	1343254.0274015462	29.560110569000244	1342771.7600984855	23.405821084976196	1340690.0858390396	23.63475203514099	1341583.852716889	27.081605195999146	1338122.0730553067	
20.683281898498535	1343037.858345371	35.047691106796265	1341592.3037001218	34.94053673744202	1343262.7723108386	21.52872586250305	1337341.482233698	19.76720094680786	1342620.1066955542	36.274935483932495	1343294.9119616349	29.57614517211914	1342749.8218542966	23.41911745071411	1340693.7308443715	23.64825749397278	1341565.1695901207	27.109129190444946	1338140.1880942031	
20.69679284095764	1343039.4693910943	35.07220697402954	1341592.9905379096	34.96482062339783	1343272.4671638075	21.542744636535645	1337356.512674219	19.78072476387024	1342607.237699088	36.3019495010376	1343296.1302392043	29.590097904205322	1343290.9767056722	23.433077335357666	1340709.1680184735	23.662766218185425	1341577.8166996844	27.136687517166138	1338157.7766193808	
20.71081280708313	1343059.6382289503	35.10296440124512	1341606.7156789135	34.9908492565155	1343442.7603942808	21.556251049041748	1335358.2325247289	19.79429054260254	1342590.1254018585	36.326472759246826	1343302.154662471	29.605359077453613	1343280.4852298598	23.447582483291626	1340740.699000245	23.676284313201904	1341575.512459117	27.165213108062744	1338162.4759286297	
20.723820209503174	1343072.718903507	35.13350462913513	1341613.9899795577	35.014883279800415	1343375.2573678112	21.57126021385193	1335585.2465025673	19.808295488357544	1342604.8244538498	36.355682373046875	1343301.744883527	29.620867490768433	1343298.127998316	23.46109962463379	1340775.4254731566	23.692349195480347	1341563.536056004	27.19173550605774	1338176.1627414925	
20.739651679992676	1343080.026948404	35.16734170913696	1341615.0275805932	35.04082107543945	1343389.5309548015	21.587764501571655	1335574.8822777406	19.822396516799927	1342612.5210795838	36.383713245391846	1343291.579302527	29.63558006286621	1343297.9985990506	23.47461199760437	1341720.6839257611	23.707523107528687	1341558.0978359792	27.21775245666504	1338077.0310656324	
20.754659175872803	1343089.7884454648	35.199864864349365	1341650.917689879	35.062838077545166	1343376.1865977698	21.60277795791626	1335581.69978557	19.835264682769775	1342596.3390013091	36.40873694419861	1343290.0519943328	29.65027093887329	1343263.067330926	23.48928189277649	1341725.9660378227	23.72182869911194	1341554.402086788	27.244270086288452	1338105.5068864196	
20.76867437362671	1343117.3483809647	35.2271466255188	1341513.7315044256	35.09279537200928	1343642.4482213724	21.61779284477234	1335448.5051261948	19.84927225112915	1342602.6667035848	36.438518047332764	1343341.0256184016	29.66529631614685	1343250.5549893924	23.50378727912903	1341761.167986218	23.734838247299194	1341524.93768329	27.26728844642639	1338110.572571177	
20.783183574676514	1343144.5064574587	35.26618719100952	1341511.8197364633	35.12581396102905	1343640.5478183238	21.63231348991394	1335500.1510445736	19.862776279449463	1342630.654112183	36.478710651397705	1343320.6637581482	29.679802179336548	1343285.5939804844	23.516847610473633	1342153.5780576882	23.749346017837524	1341561.5913669185	27.292508840560913	1338105.4231878016	
20.798836946487427	1343351.7508024124	35.30784320831299	1341486.5900049927	35.152777910232544	1343672.8852504329	21.64754819869995	1335276.1505573078	19.87878942489624	1342232.5532520588	36.512232065200806	1343322.9940283275	29.693819284439087	1343286.6801130578	23.531872987747192	1342113.9341670973	23.764353275299072	1341567.8120813312	27.31552743911743	1338110.8624998343	
20.8143413066864	1343259.964915729	35.34489154815674	1341451.643149593	35.18158006668091	1343668.2718233273	21.662562608718872	1335046.4423348207	19.895053386688232	1342316.4333872097	36.54426193237305	1343317.1251170584	29.70632791519165	1343288.616460012	23.547511339187622	1342134.2923230915	23.778366327285767	1341598.1445663918	27.339213132858276	1338105.9910919215	
20.828356504440308	1343044.1984139485	35.37911415100098	1341545.508112965	35.20358848571777	1343661.7289111349	21.67659044265747	1335042.268268702	19.909069776535034	1342330.4193133696	36.57496619224548	1343341.81489802	29.719667434692383	1343275.5011802425	23.561026096343994	1342151.0963124193	23.790870428085327	1341559.1463782052	27.368736267089844	1338041.62528599	
20.8408682346344	1343033.4989428476	35.41849756240845	1341567.6743551008	35.23467755317688	1343670.246033614	21.69087505340576	1335359.177222794	19.924581289291382	1342338.8408705464	36.599979400634766	1343332.0562014473	29.734649181365967	1342810.5950159302	23.575281381607056	1342134.9168419659	23.805840492248535	1341637.2432157083	27.399261236190796	1338049.1441064398	
20.85739016532898	1343061.104584637	35.45852017402649	1341563.6379454692	35.259197473526	1343674.8237191658	21.704527854919434	1335328.0006282397	19.938602924346924	1342345.6039162285	36.6316454410553	1343409.1067203023	29.748687267303467	1342814.4064584852	23.588785409927368	1342134.0955647726	23.81995415687561	1341637.2498424593	27.431786060333252	1339623.3717327495	
20.872358798980713	1343065.7746232215	35.49799108505249	1341821.2780725267	35.287614822387695	1343677.0226050334	21.719553232192993	1335267.5027346949	19.95212435722351	1342353.1032056215	36.66018009185791	1343384.499641229	29.76340913772583	1342801.1439703873	23.601794004440308	1342137.3935987076	23.83457374572754	1341602.0580448138	27.462310791015625	1339619.903054198	
20.88541078567505	1343062.0748313558	35.52301359176636	1341813.4478540092	35.31070566177368	1343495.765526778	21.735567331314087	1335282.0241575434	19.967408657073975	1342330.9585490802	36.68974494934082	1343376.124489081	29.776920557022095	1342815.8635056203	23.61481285095215	1342131.1740931456	23.84908127784729	1341586.5438504794	27.487513780593872	1339618.1403762714	
20.900428771972656	1343060.7079012622	35.55154061317444	1341789.7047845486	35.33622431755066	1343498.3638176234	21.750357627868652	1335275.48907645	19.983025550842285	1342328.7351824383	36.71811890602112	1343385.6419911508	29.790428400039673	1342825.3256678686	23.628328323364258	1342202.2824444685	23.864094734191895	1341613.014627841	27.515036582946777	1339621.0648605092	
20.915935277938843	1343008.5473809703	35.57949757575989	1341792.2517720256	35.3655743598938	1343499.3591563646	21.764846324920654	1335272.9643267167	19.998543739318848	1342379.333454068	36.747008323669434	1343383.0445800114	29.803367614746094	1342847.3707750633	23.643336534500122	1342187.3623312635	23.878610134124756	1341637.1631539373	27.54373526573181	1339603.6156142806	
20.930453300476074	1342994.5529692534	35.605011224746704	1341792.5692311502	35.38893675804138	1343472.8226196924	21.780422925949097	1335160.6131945138	20.011129140853882	1342388.7009818142	36.781248807907104	1343406.6944870811	29.816590785980225	1342835.0602736117	23.655840635299683	1342191.2089763563	23.89378547668457	1341632.7761619154	27.579288721084595	1339036.4518565964	
20.94658875465393	1342980.158736861	35.6305468082428	1341372.4665665927	35.415846824645996	1343463.1152963296	21.794530153274536	1335173.1714827642	20.025580406188965	1342392.2116797036	36.80990219116211	1343293.885827218	29.828872680664062	1342820.318990198	23.66936421394348	1342194.2093412948	23.90714120864868	1341621.9817304525	27.60430359840393	1339038.2937939833	
20.96077251434326	1342978.6171981723	35.65681195259094	1341436.5602536502	35.44125175476074	1343426.4942998602	21.8075430393219	1335182.5833222612	20.04020118713379	1342360.3813784148	36.8393669128418	1343296.3270382767	29.842389345169067	1342821.7535814336	23.682743310928345	1342197.8486078584	23.921823263168335	1341648.5772324665	27.62882399559021	1339039.9220720348	
20.975279569625854	1342987.4620713806	35.68251037597656	1341424.1247150959	35.467272996902466	1343425.7929324564	21.822060346603394	1335158.3105749916	20.052812576293945	1342373.2660149636	36.87276339530945	1343307.1283321835	29.85604166984558	1342822.3378749825	23.696247816085815	1342199.615089126	23.93432879447937	1341657.317453384	27.653852939605713	1339049.0961269573	
20.990297079086304	1342987.1958790764	35.7082839012146	1341755.3984800656	35.494500160217285	1343435.4849555192	21.836074590682983	1335161.4515908242	20.06638264656067	1342368.3921342783	36.89701557159424	1343304.1427432774	29.870551586151123	1342816.706726742	23.710773468017578	1342186.612316978	23.94783306121826	1341613.8363772107	27.67737054824829	1339049.264387667	
21.004607439041138	1342986.1798034336	35.73380780220032	1341750.1829344786	35.51975440979004	1343450.9956922312	21.84933590888977	1334777.5856141127	20.08302593231201	1342562.708064112	36.927536964416504	1343315.4309574342	29.884577989578247	1342833.5640555182	23.72427773475647	1342187.4965833083	23.959841012954712	1341628.4921237722	27.70660638809204	1339063.8071691638	
21.0182888507843	1342986.0712426153	35.75882363319397	1341755.2964277642	35.547998666763306	1343469.867545375	21.86434841156006	1334922.6772413843	20.09568428993225	1342189.4644566649	36.95707869529724	1343319.5954811457	29.89908719062805	1342836.914130656	23.741290807724	1342167.2515923134	23.97435188293457	1341622.8185099654	27.732332706451416	1339074.9378652603	
21.033801794052124	1342998.5037501769	35.7863564491272	1341766.3519630132	35.57711219787598	1343502.6193991143	21.878360986709595	1334926.3274648283	20.1116943359375	1342134.2496938095	36.985257148742676	1343289.1982765615	29.91479730606079	1342833.7053446616	23.755465269088745	1342175.9522656372	23.988858222961426	1341630.3108701957	27.75737476348877	1339117.7961186229	
21.04745578765869	1342995.2841142719	35.80939292907715	1341769.0938567754	35.602099895477295	1343490.8954368082	21.891539335250854	1334902.5882148694	20.12520480155945	1342110.3590109828	37.01465559005737	1343284.7863946843	29.930601358413696	1342862.986611882	23.771998167037964	1342702.1849724476	24.004870176315308	1341671.7826624052	27.78640341758728	1339135.1530460224	
21.061969757080078	1342986.402772538	35.838738679885864	1341791.8430462584	35.62958240509033	1343381.6847871223	21.907679319381714	1334904.9872032823	20.13921546936035	1342209.1955064088	37.04583501815796	1343275.292825872	29.944133520126343	1342855.7552423056	23.786799669265747	1342432.1051669705	24.01900815963745	1341708.3195491873	27.80992317199707	1339121.1228330454	
21.076480388641357	1343393.6449973225	35.8597571849823	1341804.1570999068	35.655189037323	1343358.715869343	21.922690629959106	1334908.7131727752	20.15289807319641	1342208.1954857458	37.07136511802673	1343314.5948800975	29.956310987472534	1342860.4627870843	23.801400899887085	1342133.673088719	24.032516956329346	1341696.8873188638	27.83694052696228	1339115.8786720403	
21.091500520706177	1343394.800257111	35.88278818130493	1341807.1067101366	35.67987370491028	1343436.2005817518	21.937193393707275	1334930.8524336866	20.167402029037476	1342170.422877785	37.09989261627197	1343542.7044265429	29.969820022583008	1342849.6801631532	23.815449953079224	1342127.7257160638	24.046531200408936	1341686.8662493108	27.859469652175903	1339117.2104301343	
21.107516288757324	1343579.0873947686	35.90953254699707	1341672.8763788254	35.701433420181274	1343436.9393661	21.95121169090271	1334918.862570066	20.181832313537598	1342177.778173405	37.12642002105713	1343265.8055855627	29.981829166412354	1342837.1498515327	23.830042123794556	1342142.0663278995	24.059521913528442	1341689.5070318717	27.884812355041504	1339479.0508316767	
21.12353205680847	1343179.2434871069	35.940021276474	1341728.9021966904	35.727455377578735	1343447.9226891368	21.965718746185303	1334849.1393234003	20.198362588882446	1342166.7234266272	37.15513777732849	1343288.8333051237	29.99535298347473	1342815.6188824384	23.84354829788208	1341680.7237706177	24.0740327835083	1341663.3050017066	27.907867670059204	1339451.886405062	
21.139854669570923	1343194.8913337446	35.96678018569946	1341727.7689495736	35.751970291137695	1343450.0111556957	21.980724096298218	1334836.1981767789	20.212950468063354	1342227.9336242187	37.17970561981201	1343292.5004189853	30.00887703895569	1342799.355288816	23.857052087783813	1341674.1141053129	24.089539527893066	1341659.1626047548	27.931896448135376	1339440.4726554041	
21.15456509590149	1343178.0068342322	35.9897997379303	1341735.843643343	35.77435326576233	1343454.300210018	21.994234085083008	1334836.345743337	20.22745990753174	1341876.400494261	37.20722556114197	1343271.6703790822	30.021886348724365	1342772.2084161602	23.871418237686157	1341924.804749461	24.103044986724854	1341665.571208818	27.954193353652954	1339442.6065054003	
21.169885635375977	1343143.3815181616	36.02284288406372	1341725.2150028953	35.80035471916199	1343492.4372345395	22.010754108428955	1334834.47057219	20.2421932220459	1341877.5991450788	37.235897064208984	1343269.5438075277	30.039894819259644	1342793.1720227823	23.88592267036438	1341959.5945912441	24.1179678440094	1341665.6511887962	27.981746673583984	1339442.9813487811	
21.18338894844055	1342991.6690672487	36.047876596450806	1341294.9249473836	35.82991981506348	1343418.8021988086	22.024362802505493	1334833.243663604	20.255701065063477	1341949.1244690227	37.26392149925232	1343264.5147462753	30.0544273853302	1342819.444336609	23.899661779403687	1341968.2460034334	24.132476091384888	1341663.6511512257	28.008795022964478	1339518.2299675215	
21.198723077774048	1342991.202123184	36.07339262962341	1341273.3760217503	35.85593867301941	1343474.7179726586	22.0382821559906	1334858.5677212467	20.269232273101807	1341927.3170967465	37.288941621780396	1342915.4235180444	30.06857991218567	1342815.927150594	23.913736820220947	1342002.7788574046	24.146485805511475	1341698.987988347	28.032461881637573	1339500.9533195854	
21.21223497390747	1343000.2914071481	36.10031294822693	1341283.1047192363	35.881959199905396	1343474.1771267627	22.05329418182373	1334827.39541977	20.283754348754883	1341715.617761199	37.313974380493164	1342914.665044813	30.083598613739014	1342814.4068166045	23.92724061012268	1342014.7137549974	24.16112780570984	1341740.9936130615	28.05798053741455	1339189.6121968224	
21.229256629943848	1343071.709547365	36.12733221054077	1341291.9280306564	35.90602111816406	1343476.5918280487	22.067797899246216	1334854.3576177552	20.298110961914062	1341754.681370083	37.34049868583679	1342922.0173315192	30.097106456756592	1342815.5584682806	23.94267773628235	1342014.6127190867	24.176170587539673	1341706.5330596706	28.088754415512085	1339190.7068416567	
21.243772506713867	1343033.0858949737	36.15585160255432	1341292.9595917766	35.9344699382782	1343281.032322951	22.082130670547485	1334862.4861654653	20.31225609779358	1341710.7077935545	37.367735147476196	1342944.7713909703	30.11312246322632	1342845.0080619291	23.956772565841675	1341695.638214259	24.1891770362854	1341727.5402326048	28.11428475379944	1339204.1387432828	
21.258633613586426	1343025.6759786748	36.18137001991272	1341286.1540775723	35.96108865737915	1343327.9130587827	22.09564185142517	1334847.2282729044	20.327064275741577	1341957.9820430656	37.394092082977295	1342950.3162825126	30.130393743515015	1342889.6077019025	23.97206687927246	1341686.7428191265	24.202716588974	1341653.9784722896	28.145315170288086	1339212.1324759894	
21.27365231513977	1343047.8914383226	36.2043559551239	1341607.975393238	35.98723888397217	1343340.6608469186	22.11065912246704	1334839.0190668874	20.341189861297607	1341957.4948276593	37.42134737968445	1342951.3355529623	30.14383816719055	1342892.9712305744	23.98557138442993	1341671.620331832	24.215725660324097	1341657.6683550682	28.16783857345581	1339216.6244242857	
21.289666414260864	1343049.3345798298	36.23190641403198	1341626.442589146	36.013306856155396	1343360.459213068	22.125669240951538	1334835.218069158	20.35681438446045	1341972.7528366733	37.446131229400635	1342938.4143188081	30.15812849998474	1342862.5329542283	23.99958038330078	1341677.096788346	24.231235027313232	1341647.4962687283	28.193358182907104	1339235.8984011847	
21.30517268180847	1343051.1339872375	36.26142501831055	1341630.5374029162	36.03760862350464	1343362.3305513333	22.139014959335327	1334889.6367854674	20.373491048812866	1341975.9849317977	37.47230648994446	1342940.5891819901	30.17064142227173	1342870.3623818283	24.015225410461426	1341613.4565125199	24.245245933532715	1341624.5382778787	28.219005823135376	1339225.6438822772	
21.322776794433594	1343029.4983447003	36.290154218673706	1341603.7915172214	36.06156587600708	1343357.3425740504	22.154033660888672	1334913.9002821152	20.388054609298706	1341881.694443036	37.496838331222534	1342951.0316952628	30.18480896949768	1342881.7279904957	24.030234813690186	1341599.3313455768	24.259300708770752	1341668.154656461	28.241108894348145	1339235.4265276252	
21.33839750289917	1343020.2817267824	36.316195487976074	1341589.2483600164	36.08510184288025	1343429.1579176656	22.16853904724121	1334963.7487609761	20.40260910987854	1341881.491392069	37.5238573551178	1343001.1125356609	30.197312831878662	1342884.249989193	24.044862508773804	1341596.132623473	24.27183198928833	1341663.6287939316	28.267961263656616	1339251.1853098795	
21.352410554885864	1343024.9736249424	36.344731092453	1341530.901940479	36.10862183570862	1343473.0394846282	22.183547019958496	1334859.9023643022	20.418351888656616	1341874.2918876938	37.55808448791504	1342946.282326573	30.209824085235596	1342831.0972291087	24.05942177772522	1341669.8608466284	24.285842657089233	1341677.466216396	28.295966625213623	1339261.8973930131	
21.368932247161865	1343037.345422611	36.37926149368286	1341550.0361705576	36.13135242462158	1343473.614233803	22.19805884361267	1334435.7378426788	20.43236756324768	1341655.8626662474	37.586116790771484	1342967.3117907539	30.22767472267151	1342820.6715613115	24.074556827545166	1341665.50257967	24.299347400665283	1341669.827837265	28.319777727127075	1339266.8065908547	
21.38794183731079	1343086.744717619	36.40278244018555	1341558.6415791216	36.156386852264404	1343479.5254871098	22.212583303451538	1334425.7281965741	20.44687581062317	1341675.7693769217	37.61263680458069	1342968.0986144312	30.244205951690674	1342819.2325172513	24.089336395263672	1341659.5141404795	24.31485915184021	1341671.901185299	28.343310594558716	1339281.714254237	
21.402130842208862	1343101.6293164857	36.42866277694702	1341558.8593751586	36.17891836166382	1343516.0193597726	22.227482318878174	1334140.8719861913	20.45989179611206	1341681.1638816518	37.643993854522705	1342707.929728519	30.261995792388916	1342821.5014344896	24.10384440422058	1341722.9598585288	24.330082654953003	1341661.4308045737	28.367892026901245	1339283.8170494402	
21.418468475341797	1343110.1626794958	36.45618486404419	1341586.1091712012	36.20385694503784	1343572.0762671195	22.241964101791382	1334691.2194973975	20.47340154647827	1341676.8645674065	37.67051863670349	1342710.732458224	30.27955412864685	1342885.7646978782	24.119407653808594	1341715.3112701252	24.34342861175537	1341680.6031570479	28.394515991210938	1339278.1546387607	
21.435492992401123	1343103.4117069016	36.49012231826782	1341180.50459631	36.229283809661865	1343542.3749195603	22.255821228027344	1334657.913153737	20.486413717269897	1341676.9023215938	37.698050022125244	1342713.917344639	30.298128843307495	1342842.4004989718	24.13464069366455	1341724.0674651375	24.357308626174927	1341634.6187571455	28.411216974258423	1339262.088132511	
21.449314832687378	1343100.9622636074	36.517274379730225	1341121.6242470283	36.255983114242554	1343572.0572345473	22.27028799057007	1334556.1394095114	20.500473976135254	1341972.6971603995	37.72106337547302	1342701.5944255586	30.315720319747925	1342830.8113732133	24.147205352783203	1341728.7303661774	24.371259212493896	1341624.582030127	28.42533802986145	1339267.285834444	
21.463897943496704	1343078.4236764442	36.54380011558533	1341119.349155944	36.282740116119385	1343540.49193573	22.284036874771118	1334540.734576592	20.51397967338562	1341972.631238006	37.751107931137085	1342434.36034122	30.33377456665039	1342808.7151563661	24.160927772521973	1341724.1769222496	24.38602590560913	1341633.6298667348	28.438435077667236	1339270.4986629698	
21.478907108306885	1343058.4212449205	36.57632756233215	1341124.310508358	36.30376720428467	1343544.2751563669	22.301599740982056	1334539.4005487824	20.529645204544067	1341964.7740637916	37.775696754455566	1342429.3000424537	30.349944829940796	1342816.2366627739	24.17619299888611	1341727.6176142718	24.40053129196167	1341629.1588742011	28.454243898391724	1339243.9566619215	
21.49541687965393	1343077.3829114134	36.617727756500244	1341131.046469081	36.32729649543762	1343536.1624946236	22.31661033630371	1334665.3628023437	20.553794622421265	1341977.322624078	37.79795980453491	1342434.082484396	30.3647038936615	1342787.331929332	24.192203283309937	1341719.7944083908	24.414546012878418	1341632.8259997247	28.467752933502197	1339271.9171337944	
21.51143765449524	1343105.5525395623	36.649768114089966	1341121.5332925261	36.35330557823181	1343502.2905628048	22.333621740341187	1334596.6558338504	20.574350595474243	1341730.9089617948	37.821239948272705	1342832.999978291	30.382720232009888	1343023.2920632234	24.206706523895264	1341723.0017360048	24.429052591323853	1341638.3844276436	28.480273485183716	1339272.5859795278	
21.526448249816895	1343125.4733216919	36.67228126525879	1341120.0421716135	36.379640340805054	1343504.0905909962	22.35063076019287	1334609.8453352435	20.59487509727478	1341774.132790252	37.84576439857483	1342839.8179749057	30.39723300933838	1342805.8734876087	24.220721006393433	1341650.3606711682	24.44255805015564	1341639.9421444342	28.49442481994629	1339278.0236269815	
21.542181491851807	1343116.8637698547	36.6978120803833	1341123.3191414967	36.40716338157654	1343498.847354149	22.365648984909058	1334619.6083741698	20.616893768310547	1341730.3145361023	37.869285106658936	1342839.663937343	30.411735773086548	1342868.8657061106	24.23722553253174	1341676.4303874078	24.456571340560913	1341643.8029714106	28.507932901382446	1339300.5963590068	
21.556190967559814	1343127.8175082423	36.725857734680176	1341072.7100172937	36.42946696281433	1343503.1252136682	22.381656646728516	1334620.8339262072	20.640415906906128	1341700.427778916	37.89681363105774	1342816.4424309037	30.428412675857544	1342866.9494525662	24.25223445892334	1341670.847763955	24.472583532333374	1341768.6101462597	28.521950006484985	1339306.8444456845	
21.572208881378174	1343127.50722026	36.75140309333801	1341075.4730085644	36.452980756759644	1343509.3680457396	22.398165225982666	1334621.770367825	20.662426233291626	1341979.2531269125	37.91982817649841	1342816.5262051167	30.44193458557129	1342895.1607544865	24.265132904052734	1341673.56236201	24.488592624664307	1341889.8374625354	28.535321712493896	1339319.53220831	
21.590225219726562	1343115.0623835898	36.78143525123596	1341103.7900529255	36.4759955406189	1343520.9606371608	22.41468596458435	1334626.707615994	20.68344736099243	1341970.1224849415	37.9453501701355	1342783.449776977	30.455602169036865	1342898.337168159	24.282397031784058	1341669.5410222108	24.505061864852905	1341776.4042057346	28.54984402656555	1339319.7730921407	
21.606051683425903	1343165.1616606242	36.809333086013794	1341112.4763758346	36.498024225234985	1343520.0769838127	22.43170166015625	1334609.7992044082	20.712244033813477	1341988.280311151	37.97956371307373	1342773.8952552911	30.470966339111328	1342928.8009748103	24.296669006347656	1341655.6892953652	24.519795417785645	1341797.6676959102	28.565340042114258	1339301.369034252	
21.621938705444336	1343192.0178243746	36.83447480201721	1341105.9237380587	36.52275991439819	1343512.843549732	22.447141885757446	1334608.0934327387	20.732108116149902	1341933.3724255818	38.01811075210571	1342824.796963971	30.486985445022583	1342912.9244018192	24.314173936843872	1341657.052699528	24.5364191532135	1341800.964449587	28.580357551574707	1339335.37319752	
21.637047290802002	1343178.0759498917	36.85813927650452	1341176.3983082245	36.54929184913635	1343528.1021317986	22.463160037994385	1334614.6039104257	20.755685806274414	1342266.7611709472	38.04834604263306	1342816.97639101	30.500499486923218	1342901.9100322952	24.330183506011963	1341637.4231375768	24.552703142166138	1341804.3489122917	28.59386658668518	1339339.1004695643	
21.650960683822632	1343189.2240549782	36.88315677642822	1341159.7551388522	36.57289505004883	1343542.2710352105	22.47618293762207	1334645.663782397	20.778350830078125	1342234.076367126	38.07639527320862	1342812.2473188485	30.517521381378174	1342898.389415574	24.34719443321228	1341616.0192205713	24.567712545394897	1341806.4694015526	28.60597252845764	1339334.869728991	
21.668140411376953	1343304.3402097307	36.90598702430725	1341160.0709413188	36.596736669540405	1343490.798174702	22.49239444732666	1334660.6808495242	20.798401832580566	1342230.7319115922	38.10390901565552	1342693.6313453054	30.530251502990723	1342895.8150345585	24.362361669540405	1341617.636770499	24.582117080688477	1341813.814603914	28.618979454040527	1339331.536662159	
21.681962251663208	1343302.715193871	36.92901349067688	1341140.2386195029	36.631378412246704	1343479.719410701	22.508139848709106	1334660.9781073912	20.82163381576538	1342215.3368128275	38.13092851638794	1342680.8797648286	30.545527458190918	1342834.1907586823	24.3795223236084	1341653.4208776245	24.596375703811646	1341814.0981567174	28.632490158081055	1339329.021425075	
21.69797396659851	1343303.6253542493	36.955851793289185	1341142.196936556	36.65588998794556	1343488.1748610355	22.523157596588135	1334625.8475567682	20.846646547317505	1342222.0097225057	38.15395450592041	1342701.3659540275	30.559044122695923	1342834.89681362	24.398340940475464	1341667.567827922	24.611534118652344	1341824.7916958982	28.645997524261475	1339345.483919619	
21.711490392684937	1343326.3612432259	36.97967505455017	1341194.162500162	36.682408571243286	1343488.65631458	22.539664268493652	1334630.1783949423	20.871162176132202	1342286.2120164377	38.17998290061951	1342735.5072643629	30.574663162231445	1342841.8437902618	24.414321899414062	1341667.604040053	24.625141859054565	1341823.0807520028	28.65951442718506	1339345.897597294	
21.727516412734985	1343326.2977881196	37.002201318740845	1341186.3655191208	36.70992588996887	1343506.6542846675	22.554677963256836	1334630.488072288	20.89374804496765	1342297.1378248855	38.203996896743774	1342820.8988648257	30.589172840118408	1342766.6002310058	24.43227982521057	1341661.8839657337	24.63964557647705	1341833.2384491498	28.67202663421631	1339344.400368724	
21.741589307785034	1343327.6663284348	37.02891278266907	1341156.9975809006	36.73593831062317	1343489.6265835576	22.570689916610718	1334621.1693829077	20.91608190536499	1342296.5607690753	38.22818613052368	1342825.664826429	30.60519576072693	1342778.1124316086	24.449418544769287	1341704.7199354705	24.654656171798706	1341791.5598358242	28.68465757369995	1339344.4764414432	
21.75810170173645	1342930.0968545494	37.05343580245972	1341145.4228733378	36.761455059051514	1343450.6533110498	22.58619737625122	1334621.7812038609	20.93592667579651	1342298.305643339	38.25129008293152	1342818.9387205762	30.61935782432556	1342817.5979198397	24.4665265083313	1341707.9093404412	24.670666694641113	1341781.6038672684	28.69716501235962	1339451.7848156197	
21.772614240646362	1342825.9653169638	37.07545042037964	1341188.9409689056	36.785686016082764	1343454.0702491505	22.599709033966064	1334625.9967002631	20.958441257476807	1342298.35119271	38.27432155609131	1342824.5623913358	30.634881019592285	1343038.3436420152	24.484210729599	1341708.2081471507	24.686192274093628	1341782.9728206175	28.711180925369263	1339442.7802356898	
21.786118984222412	1342873.8023142642	37.1030969619751	1341229.6688344877	36.812193155288696	1343434.1740298425	22.613324880599976	1334581.8216651059	20.98496437072754	1342290.6522792345	38.29959011077881	1342807.6037118717	30.650943517684937	1343053.2729041888	24.501752614974976	1341578.7661777646	24.700207233428955	1341800.5393280017	28.726194620132446	1339418.9147187928	
21.801143407821655	1342881.0542862378	37.126140117645264	1341215.753740524	36.83900833129883	1343436.8325112932	22.62882900238037	1334586.9299182957	21.010071277618408	1342295.3274239025	38.32260298728943	1342825.331050104	30.66403555870056	1343026.700904297	24.517000913619995	1341988.9322166448	24.714719533920288	1341792.299875288	28.739899396896362	1339417.738076371	
21.817283630371094	1342906.7720205518	37.15015530586243	1341348.020630888	36.86579751968384	1343448.3369332266	22.642605304718018	1334615.9901024594	21.034088134765625	1342292.9597971793	38.3510262966156	1342847.8471818196	30.68009090423584	1343030.6083091504	24.53671622276306	1341981.4251270196	24.727861642837524	1341797.363443628	28.753073930740356	1339442.3588358776	
21.834296703338623	1342907.4017918445	37.17349648475647	1341335.240156329	36.88832664489746	1343452.312107198	22.657113075256348	1334620.393174437	21.05710768699646	1342268.42591368	38.37975716590881	1342777.8009355883	30.693901300430298	1343032.1153503405	24.55490469932556	1341998.503367808	24.742367267608643	1341801.3360066349	28.767585039138794	1339434.3022081498	
21.84830641746521	1342894.4033122985	37.19651412963867	1341565.6762931498	36.91735625267029	1343444.7310777279	22.670120239257812	1334622.105717612	21.08078384399414	1342244.8099818225	38.406282901763916	1342780.1833168264	30.71291708946228	1342279.5845142887	24.57110071182251	1341996.1637410314	24.757861137390137	1341816.4910135842	28.78422451019287	1339129.2875037647	
21.863319635391235	1342864.4413023305	37.22403812408447	1341746.9361918923	36.93959593772888	1343447.1961835653	22.68792176246643	1334636.894725452	21.107980966567993	1342247.5098856832	38.4314980506897	1342823.4022826904	30.72712254524231	1342288.0568026355	24.591018676757812	1341987.677065726	24.77286958694458	1341823.763467184	28.800590753555298	1339139.7558603298	
21.878007888793945	1342849.0494837954	37.24981904029846	1342646.0098793758	36.96462607383728	1343453.2080543125	22.708144664764404	1334672.5492141	21.128623723983765	1342243.8389983545	38.45702338218689	1342832.7568515018	30.7404568195343	1342292.0114198755	24.606526851654053	1341977.7414152185	24.786880254745483	1341815.534182676	28.813815116882324	1339130.9618312295	
21.894516944885254	1342888.040317777	37.274340867996216	1342648.6049946877	36.99144172668457	1343455.4180797506	22.72616457939148	1334658.3492564068	21.150340795516968	1342270.8668029066	38.480541467666626	1342849.3849808811	30.761693000793457	1342276.4262326448	24.623704433441162	1341995.673004156	24.80164885520935	1341809.062073888	28.826321125030518	1339114.6924908466	
21.910535097122192	1342876.0381636072	37.30014157295227	1342481.8999078376	37.014999866485596	1343460.3009914183	22.742316246032715	1335426.300196627	21.18069100379944	1342287.0972111623	38.50406551361084	1342907.0503261192	30.77736806869507	1342199.8748329023	24.6407732963562	1342007.5874346418	24.818660020828247	1341829.3045663817	28.839332818984985	1339107.3102809964	
21.925158262252808	1342875.179539968	37.330095529556274	1342271.8375025203	37.04279446601868	1343465.3708560958	22.757823705673218	1335433.40713017	21.204086303710938	1342289.7584155807	38.53108763694763	1342927.5651148395	30.790180444717407	1342192.1322422277	24.65727710723877	1342018.798845707	24.83316683769226	1341774.3031608397	28.852863073349	1339185.2859329667	
21.94189953804016	1342859.403314594	37.3586208820343	1342300.057195467	37.07135009765625	1343720.9333265794	22.772831916809082	1335435.13415898	21.228100538253784	1342281.2408520787	38.56041932106018	1342941.506778729	30.808156490325928	1342205.149889066	24.67378830909729	1342018.8851065591	24.84717893600464	1341844.4942923798	28.86637043952942	1339441.1880205893	
21.958417654037476	1342854.33388644	37.38214111328125	1342326.681232042	37.09437036514282	1343668.9371182837	22.78933620452881	1335350.9582891685	21.258122444152832	1342325.9949166726	38.59444975852966	1342935.6749862535	30.82474946975708	1342225.2376890073	24.691226720809937	1342017.5432439453	24.862117052078247	1341923.2457335668	28.878891468048096	1339420.8136451887	
21.971927165985107	1342850.147720883	37.41232180595398	1342228.8696466933	37.12171769142151	1343666.6267145632	22.803349256515503	1335357.0678619477	21.28064203262329	1342319.3735200996	38.62299203872681	1342827.2866341977	30.838316679000854	1342227.391423156	24.709439516067505	1342032.2049641812	24.877137899398804	1341927.733169419	28.892038822174072	1339509.6120896568	
21.98844575881958	1342854.5639569948	37.43735647201538	1342201.9963557718	37.14879822731018	1343358.3071873079	22.81810688972473	1335437.2261384504	21.304890155792236	1342317.1458929053	38.65123248100281	1342834.6229294597	30.853846311569214	1342262.4822179442	24.729480981826782	1342039.4558722724	24.890641927719116	1341927.606140909	28.904590129852295	1339513.8426841167	
22.002665281295776	1342851.0057195656	37.46288847923279	1342198.088482133	37.17508268356323	1343364.5686227684	22.83612036705017	1334685.5327042714	21.327996253967285	1342321.3343273222	38.67777419090271	1342832.8722525972	30.86897921562195	1342264.7531270927	24.745489597320557	1342025.259554199	24.905109882354736	1341926.8757119426	28.918108463287354	1339511.4516374061	
22.017405033111572	1342865.2684512727	37.489407539367676	1342196.3421861525	37.203609228134155	1343377.3054047322	22.853870391845703	1334675.341027799	21.349510431289673	1342321.4034700417	38.70429563522339	1343296.3158768322	30.8825626373291	1342251.5314860984	24.761205911636353	1342029.3364556013	24.920103311538696	1341931.8191021492	28.933310985565186	1339506.273943132	
22.033914804458618	1342863.8032343555	37.511773109436035	1342201.3687457596	37.22965979576111	1343382.2343409904	22.873884677886963	1334668.4409463517	21.374165058135986	1342345.2953278238	38.7293176651001	1343294.8916164997	30.89563226699829	1342252.813607653	24.777029991149902	1341350.8416143018	24.934481143951416	1342196.7602444321	28.946818351745605	1339503.1808925413	
22.049927949905396	1342889.6451982656	37.53449082374573	1342203.086146896	37.2546706199646	1343387.187847406	22.889124870300293	1334654.3702059947	21.39918613433838	1342360.9029001999	38.75404214859009	1343720.7909066386	30.90914034843445	1342214.5478645116	24.791870832443237	1341835.3354293045	24.951175451278687	1341866.5969271683	28.963337182998657	1339512.262664422	
22.064483404159546	1342977.1487876559	37.56044054031372	1342222.1304281044	37.27826237678528	1343405.0750362799	22.90399980545044	1334643.7559179622	21.42419934272766	1342363.9024346839	38.777084827423096	1343688.69810777	30.922298908233643	1342185.507170194	24.806684494018555	1341504.9774812574	24.966275453567505	1341856.5416904236	28.97785520553589	1339491.1786955027	
22.08049464225769	1342866.619874012	37.584956884384155	1342222.1322180699	37.3039128780365	1343413.6449012372	22.92052388191223	1334595.7480265752	21.444306135177612	1342355.114920799	38.80210089683533	1343623.471729901	30.935691356658936	1342167.446054634	24.821210145950317	1341495.5860853484	24.979288339614868	1341854.0617420631	28.99188494682312	1339501.9274045953	
22.09750247001648	1343255.9980621142	37.612977266311646	1342215.608768802	37.32843899726868	1343435.30596021	22.935035467147827	1334604.1341407998	21.4713933467865	1342377.9732425143	38.82786011695862	1343609.9117507462	30.949029207229614	1342183.5444560216	24.838714838027954	1341504.33583871	24.994298458099365	1341853.1026286287	29.00539469718933	1339486.0771198492	
22.11301040649414	1343244.0653099315	37.63571000099182	1342254.2696507953	37.35145425796509	1343502.4659668962	22.949546098709106	1334616.9843239654	21.492778062820435	1342369.9659886947	38.8537802696228	1343594.939666729	30.96203899383545	1342182.7796227399	24.854723930358887	1341528.302118918	25.008617162704468	1341858.2517471062	29.019421577453613	1339486.7022871578	
22.127532720565796	1343234.3737488918	37.66071796417236	1342255.4164843543	37.374839544296265	1343493.0947200342	22.966562032699585	1334623.6345984105	21.51478672027588	1342369.6661034569	38.88030505180359	1343493.6580880238	30.97639799118042	1342223.2535893866	24.870238304138184	1341518.2486100302	25.02212142944336	1341851.0289651286	29.0329327583313	1339504.0707434427	
22.1433367729187	1342965.8475772105	37.68299889564514	1342261.0163079516	37.40035820007324	1343335.8690612463	22.981571197509766	1334625.290306379	21.53830575942993	1342356.300186756	38.90482807159424	1343496.2770258705	30.990906953811646	1342232.6182473905	24.888426780700684	1341519.120032033	25.036664724349976	1341902.1239305763	29.04618740081787	1339513.742213248	
22.158852577209473	1342938.4650390663	37.7046959400177	1342268.5621914868	37.42459988594055	1343328.2865121304	22.998092889785767	1334718.2376916343	21.566033124923706	1342390.927844838	38.933273792266846	1343242.9106951007	31.00492215156555	1342198.67238532	24.905434608459473	1341853.0232679471	25.05216693878174	1341843.6941442317	29.058720350265503	1339511.2790571488	
22.174375534057617	1342906.253214321	37.731712102890015	1342192.3165009064	37.45011591911316	1343331.8168892865	23.012612342834473	1334741.2802579268	21.59260845184326	1342385.3732750234	38.95552587509155	1342715.972580916	31.01843571662903	1342200.446023665	24.922168731689453	1341780.2307412727	25.067177057266235	1341989.7637163494	29.07323169708252	1339506.808303325	
22.191392183303833	1342903.6544065718	37.75272750854492	1342173.1526098386	37.47724652290344	1343331.6716670913	23.028117418289185	1334742.1417920864	21.616350650787354	1342360.185518235	38.978052377700806	1342706.939178374	31.030941009521484	1342981.9963188367	24.93917727470398	1341801.7695814923	25.08218550682068	1342011.7972476012	29.08755922317505	1339489.150201935	
22.207642793655396	1342896.1737976156	37.77849531173706	1342184.7993033344	37.50696134567261	1343323.4081346514	23.04334855079651	1334755.2929482765	21.64153289794922	1342446.5269914945	39.00207233428955	1342687.095963371	31.045218467712402	1342964.7336699676	24.957188844680786	1341988.6525053412	25.09719491004944	1342025.055772514	29.10157346725464	1339496.7386797601	
22.22228193283081	1342890.2416302229	37.807011127471924	1342158.7739037187	37.53234672546387	1343321.405190527	23.058852434158325	1334770.812686224	21.65886688232422	1342446.6183254733	39.02790570259094	1342694.8980085256	31.05911135673523	1342964.9682372005	24.97355031967163	1342292.9301765002	25.111656188964844	1342007.461067515	29.11408019065857	1339470.0482714658	
22.237297534942627	1342819.638995803	37.831648111343384	1342155.327979776	37.559377670288086	1343567.465361262	23.07486081123352	1334756.9166225719	21.6789653301239	1342467.8931819717	39.05392074584961	1342683.703186453	31.073128938674927	1342960.078284134	24.990910053253174	1342302.7166492494	25.127052307128906	1342018.7373073718	29.127092599868774	1339465.0909098112	
22.252312898635864	1342838.3143414436	37.85565900802612	1341766.4918249478	37.583741426467896	1343631.2683406502	23.088371992111206	1334742.4962018125	21.701107025146484	1342467.5184466506	39.07794976234436	1342685.4490872521	31.087435483932495	1342701.126890377	25.00742220878601	1341999.1058262705	25.14055562019348	1342031.5663783154	29.140791654586792	1339487.5699287402	
22.267924785614014	1342847.5350355816	37.88234734535217	1341793.1111273936	37.61293411254883	1343554.8456899049	23.10710644721985	1334709.3806877781	21.723169803619385	1342463.0693642437	39.09996438026428	1342690.636816814	31.1029794216156	1342702.6975358995	25.0224347114563	1342032.4798014245	25.154062032699585	1342031.5682054947	29.154288053512573	1339481.811129114	
22.286508560180664	1342845.884619987	37.91071128845215	1341779.20212252	37.64419674873352	1343701.3275622854	23.121116161346436	1334831.9068100252	21.75113821029663	1342461.1514719808	39.125489711761475	1342690.66039672	31.117454528808594	1342647.7785486276	25.038819074630737	1342030.3114104276	25.168071031570435	1342026.4321420356	29.16779613494873	1339472.6773814564	
22.302302598953247	1342853.7433907846	37.93373417854309	1341796.9325994926	37.668718338012695	1343612.7493010976	23.136621952056885	1334842.9053086988	21.772788047790527	1342461.638322281	39.15002369880676	1342699.6414529956	31.129825353622437	1342654.1042377194	25.056854963302612	1342028.5307823776	25.180084466934204	1342026.5111789568	29.180810689926147	1339459.2704465115	
22.318312883377075	1342853.678300637	37.95741939544678	1341803.888237036	37.69425344467163	1343676.8000900638	23.154637098312378	1334832.4825043064	21.794307231903076	1342448.2667157862	39.174896478652954	1342760.218249218	31.144126653671265	1342641.077674493	25.07437038421631	1342004.7479240305	25.194092273712158	1342019.7093074722	29.19231390953064	1339468.5909619206	
22.33543062210083	1342849.5024931142	37.98394060134888	1341806.21309612	37.72378993034363	1343683.0091545887	23.172651290893555	1334771.56853492	21.818824291229248	1342436.0248805997	39.199909925460815	1342779.267646614	31.159552335739136	1342810.0238370437	25.090015411376953	1342015.4483627437	25.2097430229187	1342014.2480830355	29.20582151412964	1339469.7514825962	
22.34996461868286	1342828.5504077738	38.013399839401245	1341781.4583642527	37.7491991519928	1343651.9918278165	23.188157320022583	1334810.1093192638	21.84935164451599	1342438.1104079292	39.22577452659607	1342774.6400900544	31.173569679260254	1342807.1233223584	25.106520414352417	1342020.902255846	25.22324848175049	1342027.9264194823	29.21983528137207	1339458.0317587645	
22.364871740341187	1342821.815147278	38.045085430145264	1341802.5446134245	37.7768919467926	1343364.3700243393	23.204176425933838	1334799.0492911204	21.868077278137207	1341866.9071848115	39.24878740310669	1342772.1305271448	31.188830852508545	1342819.5667582178	25.121265172958374	1342014.4498469606	25.238261938095093	1342192.580723606	29.234344959259033	1339467.5035332392	
22.381356954574585	1343015.420240596	38.07310461997986	1341826.2780815787	37.80140662193298	1343378.7769726352	23.221696138381958	1334708.9761651875	21.88295006752014	1341800.8046009662	39.274821043014526	1342763.9638199848	31.203853130340576	1342813.752945487	25.13776993751526	1342006.1826275145	25.250766038894653	1342186.9498239066	29.248356342315674	1339468.949643294	
22.395081996917725	1343028.9449462292	38.1029908657074	1341833.5412613417	37.8276264667511	1343387.37793614	23.23670506477356	1334899.5469234593	21.896220445632935	1341791.6860345802	39.29883599281311	1343016.7615045412	31.21936058998108	1342865.4067345748	25.155524492263794	1341983.1078756726	25.265512704849243	1342198.7942555263	29.26236915588379	1339458.8719312751	
22.411781787872314	1342859.655867474	38.13252544403076	1341833.9775462728	37.85388684272766	1343371.0788181175	23.253398895263672	1335131.1741444948	21.911574125289917	1341690.4154730197	39.32835364341736	1343011.2768684092	31.233378887176514	1342880.997349779	25.170614004135132	1341986.6529806138	25.281090021133423	1342168.5376265473	29.276391744613647	1339441.2161486943	
22.427453756332397	1343272.840134399	38.15929412841797	1341258.741134245	37.87995147705078	1343406.3172002453	23.26786231994629	1335127.7231946057	21.92508029937744	1341693.0552554002	39.35287356376648	1342822.4387349298	31.247400283813477	1342857.9768655326	25.186871767044067	1342532.9169387335	25.296102046966553	1342197.5853111309	29.288899421691895	1339490.95239442	
22.44396686553955	1343073.826180004	38.18535232543945	1341270.9648865373	37.902947187423706	1343415.1342079686	23.28237223625183	1335126.765697673	21.9380886554718	1341706.5873670077	39.381577491760254	1342815.3836347156	31.262943983078003	1342839.4020446248	25.20188069343567	1342526.9379557013	25.308145999908447	1342208.2479900392	29.302917003631592	1339533.3296526377	
22.45748019218445	1343083.0689736877	38.21243166923523	1341533.054943116	37.92497777938843	1343425.7167043355	23.299137115478516	1335243.6021286007	21.95292091369629	1341694.633349587	39.40809750556946	1342823.0646567182	31.27745032310486	1342847.272791647	25.21955370903015	1342539.3849827289	25.325226545333862	1342214.9881718885	29.31542420387268	1339497.2762719963	
22.471993923187256	1343058.2585081183	38.241819620132446	1341253.5974818724	37.95152449607849	1343429.9329372316	23.317665100097656	1334801.987912323	21.96817636489868	1341679.1591526077	39.43478226661682	1342819.3814926986	31.29167413711548	1342861.9901914338	25.23505926132202	1342541.2092039157	25.34073281288147	1342194.875282283	29.32894730567932	1339498.460159441	
22.488005876541138	1343058.6084766116	38.26883673667908	1341250.571338647	37.9799370765686	1343435.6437359692	23.333672761917114	1334788.2560482172	21.980690002441406	1341661.8318154165	39.46030569076538	1342809.6235586472	31.304901123046875	1342917.3455007623	25.252617120742798	1342544.664377886	25.354743003845215	1342208.551066177	29.343294858932495	1339496.382135788	
22.5025155544281	1343074.590102912	38.294593334198	1341262.0237601139	38.004947900772095	1343448.803843455	23.35508441925049	1334757.8294787798	21.994701862335205	1341670.976871814	39.48804545402527	1342773.9507228245	31.318408489227295	1342920.945882921	25.269826650619507	1342546.7749124682	25.369250297546387	1342154.2894005356	29.357316255569458	1339495.897065145	
22.51952576637268	1343080.7811189771	38.3174090385437	1341261.3410787997	38.02763867378235	1343442.1624252864	23.373751640319824	1334778.0272678307	22.009716749191284	1341688.2641986844	39.51450824737549	1342783.197387581	31.333005666732788	1342910.313229944	25.284615993499756	1342546.0260885959	25.384766817092896	1342159.0300420471	29.371342658996582	1339499.7928347555	
22.53453302383423	1343077.9025920024	38.34593987464905	1341353.9438695821	38.051661014556885	1343460.185362133	23.38925814628601	1334808.391119836	22.02422571182251	1341737.3485216766	39.54103183746338	1342792.6750133354	31.347111701965332	1342919.927553768	25.300631046295166	1342597.8835793235	25.400777339935303	1342195.6634640277	29.38485550880432	1339501.2153445152	
22.54788827896118	1342683.7106398467	38.373475790023804	1341344.93841885	38.07624697685242	1343466.6267639957	23.406781911849976	1334828.0536108173	22.038235425949097	1341708.9784576683	39.56533074378967	1342824.3336758034	31.360623598098755	1342924.2367279034	25.320642709732056	1342598.7310072295	25.41755247116089	1342032.4584526545	29.398869037628174	1339448.4682193245	
22.56390357017517	1342683.2464717	38.39932179450989	1341387.1063003305	38.09825921058655	1343424.8431645385	23.421943426132202	1334850.3134992379	22.052282571792603	1341671.4757304834	39.58834528923035	1342822.572701958	31.373643159866333	1342921.06467447	25.339651346206665	1342594.045068684	25.433061599731445	1341971.1715468871	29.413381576538086	1339375.2015013117	
22.579917907714844	1342661.303439911	38.425957918167114	1341806.9513371303	38.129783153533936	1343453.485430876	23.43974471092224	1334852.6486240593	22.066765308380127	1341698.9976520156	39.61487174034119	1342819.4086342629	31.388920307159424	1342930.8365037364	25.357695817947388	1342959.77294425	25.448076486587524	1341929.0904042935	29.428889751434326	1339459.5481368303	
22.594425439834595	1342647.319119431	38.44907069206238	1341794.2885802349	38.15697741508484	1343393.3869235474	23.45776081085205	1334904.0038887025	22.08198070526123	1341686.3955017799	39.64089751243591	1342834.5340175205	31.40667963027954	1342891.4117434483	25.378515005111694	1342972.124586915	25.465421676635742	1341902.0808228753	29.44290804862976	1339481.0366688548	
22.608625411987305	1342652.6830522902	38.47449731826782	1341851.9466514038	38.18276381492615	1343359.789072958	23.47278118133545	1334900.9265880787	22.097729682922363	1341668.032572173	39.66675686836243	1342781.5725930848	31.42520308494568	1342697.7903257406	25.39552402496338	1342996.4153616708	25.481977224349976	1341894.4122159998	29.45591950416565	1339507.541293458	
22.624132871627808	1342659.8701811163	38.49866724014282	1341010.474219526	38.20966386795044	1343362.9004950116	23.489298820495605	1334899.5683991085	22.11246156692505	1341718.7166779432	39.69403338432312	1342776.422180176	31.44049620628357	1342700.7310177847	25.415039539337158	1342996.7166209887	25.498987436294556	1341893.712321285	29.468928813934326	1339482.9596207812	
22.639150142669678	1342653.8976285588	38.52171182632446	1340998.5404385994	38.23840570449829	1343363.7213359005	23.50605034828186	1334766.30617757	22.125966548919678	1341729.7156594258	39.716049909591675	1342772.835153874	31.460710763931274	1342295.883202477	25.434049129486084	1343006.7303092603	25.515005826950073	1341883.790204836	29.4839506149292	1339489.728899114	
22.655160665512085	1342630.0644376324	38.54535245895386	1340996.6883003863	38.26792359352112	1343320.1198601832	23.524578094482422	1334659.9226611468	22.13998556137085	1341744.0865209657	39.741066455841064	1342784.2579801201	31.47776746749878	1342310.9586088327	25.452998638153076	1342528.927386679	25.52931499481201	1341963.4443607065	29.497457027435303	1339496.317435974	
22.671179056167603	1342489.0715525064	38.568363189697266	1341028.8822538564	38.294963121414185	1343329.1992786261	23.54159140586853	1334681.8743792074	22.15419340133667	1341753.5736305418	39.764360427856445	1342793.9559295087	31.49479103088379	1342286.409613659	25.471009254455566	1342553.1990603623	25.54532766342163	1341969.4426730068	29.512470960617065	1339504.5554151868	
22.68468165397644	1342507.0357412584	38.5936496257782	1340830.529225448	38.31823539733887	1343327.7221256131	23.561614990234375	1334616.590932278	22.165700674057007	1341747.4887242324	39.792372703552246	1342789.8172773563	31.508164405822754	1342279.3544160475	25.491289377212524	1342583.6891475236	25.55887460708618	1341966.7818532267	29.52797818183899	1339478.887531258	
22.70070171356201	1342510.4445604791	38.615684270858765	1340853.9016225764	38.34261345863342	1343336.8398064687	23.57811999320984	1334622.3458210565	22.18170952796936	1341725.7411616796	39.81789040565491	1342783.633886441	31.521737337112427	1342272.238949482	25.507627248764038	1342578.3575698612	25.572882175445557	1341981.3414364033	29.54147458076477	1339483.5441670986	
22.71409034729004	1342524.017028854	38.64241147041321	1340875.6476155266	38.368383169174194	1343311.2604221394	23.593652725219727	1334628.2585946543	22.195470094680786	1341738.3701344414	39.841147899627686	1342755.8799904676	31.5345401763916	1342272.9241833237	25.52226495742798	1342549.8758551008	25.586893558502197	1341988.834877435	29.557490348815918	1339455.1119188373	
22.730663776397705	1342536.6349385963	38.66665172576904	1340910.2244027236	38.39941930770874	1343319.8272258136	23.6086745262146	1334629.6464631085	22.208198308944702	1341747.020874625	39.864827156066895	1342768.1590772348	31.5472195148468	1342282.900103932	25.538920402526855	1342548.5962110888	25.601902961730957	1341986.1662213523	29.572532892227173	1339441.1398250766	
22.74485421180725	1342536.0685561863	38.69016647338867	1341410.13317324	38.4284393787384	1343321.256262392	23.62568712234497	1334642.4075652126	22.22171187400818	1341748.8420747218	39.89056634902954	1342762.0165140533	31.560726642608643	1342373.1935498933	25.555942058563232	1342737.569370384	25.616218090057373	1341947.724017203	29.591547966003418	1339861.3543525476	
22.760308980941772	1342535.692568491	38.71437430381775	1341370.6711960982	38.45470833778381	1343477.967755219	23.640705823898315	1335036.8958448488	22.235217809677124	1341768.845792772	39.915104150772095	1342774.349622608	31.575746774673462	1342410.8185253607	25.574461221694946	1342746.33259862	25.631408214569092	1341941.0378332487	29.607064247131348	1339864.2033823559	
22.774815559387207	1343021.6449695865	38.73842263221741	1341369.1373807874	38.481733083724976	1343451.0459848596	23.655752420425415	1335002.3827020696	22.251231908798218	1341709.5385731463	39.941648960113525	1342778.6739910604	31.590266466140747	1342634.6276266652	25.59247326850891	1342768.061078703	25.645418167114258	1341945.7867970914	29.62209987640381	1339864.6335240193	
22.78782844543457	1343009.7745537031	38.76006531715393	1341343.1518985862	38.504746437072754	1343441.3796072525	23.670792818069458	1335035.332644299	22.26473593711853	1341717.0963356828	39.967644929885864	1342781.164715379	31.606316089630127	1342621.745878407	25.608985424041748	1342772.09555345	25.659205675125122	1341958.423784297	29.63660740852356	1339862.970976619	
22.800340175628662	1343033.52898839	38.78415560722351	1341866.7555337434	38.528268575668335	1343445.2316285083	23.68880558013916	1335049.0148431365	22.278242349624634	1341702.651350239	39.99511218070984	1343137.3195429912	31.620904445648193	1342613.8364938078	25.626627206802368	1342806.1230043941	25.6727192401886	1341951.643534434	29.65312147140503	1339853.9787741392	
22.815035581588745	1343669.210467435	38.812190771102905	1341815.162450267	38.551279067993164	1343473.378432391	23.704484939575195	1335041.5150383106	22.29226303100586	1341751.236060853	40.01965260505676	1343131.7942127679	31.635424613952637	1342279.0529299458	25.644155979156494	1342793.922850872	25.68672823905945	1341997.8834903757	29.66763162612915	1339880.44360307	
22.828049421310425	1343670.1459090891	38.835387229919434	1342117.6544478927	38.57581925392151	1343577.1885751022	23.72100591659546	1334601.1009883995	22.30548906326294	1341758.6283832625	40.048089027404785	1343135.6655893684	31.651967763900757	1342280.1559107916	25.66466760635376	1343250.9092648458	25.700236320495605	1341999.5841429965	29.68225383758545	1339889.9840337387	
22.843562841415405	1343704.0570771063	38.86039876937866	1342134.3021929355	38.60139513015747	1343581.562334815	23.737515687942505	1334571.0876903655	22.320500135421753	1341745.6795343529	40.06960582733154	1343143.8424092662	31.667178630828857	1342277.8586555808	25.680405139923096	1343250.4312458488	25.713243007659912	1342006.6503879558	29.69926357269287	1339902.893647573	
22.859076499938965	1343689.5380748666	38.88770270347595	1342138.6640413476	38.646260023117065	1343623.9252806548	23.755530834197998	1334574.081981005	22.333003759384155	1341756.7775719815	40.09256362915039	1343099.7026287334	31.681687355041504	1342890.9768657568	25.69453525543213	1343283.7274608717	25.726293325424194	1341956.4636246145	29.71377944946289	1339976.259250646	
22.877584218978882	1343449.5959096262	38.915372133255005	1341604.2788295115	38.67428731918335	1343573.3095401032	23.772540807724	1334671.0600158062	22.346515893936157	1342103.9933992147	40.11577749252319	1343051.5475949615	31.696706295013428	1342895.6854638115	25.708770036697388	1343284.8270311432	25.740301609039307	1341957.0721920882	29.727288961410522	1339972.4967099852	
22.894099712371826	1343422.96280148	38.93989157676697	1342209.062434599	38.702654123306274	1343579.5423233001	23.787043571472168	1334686.710017128	22.361177682876587	1342081.2820472033	40.144294023513794	1343021.4329023226	31.712556838989258	1342893.1351312352	25.72327733039856	1343270.2463056191	25.75430941581726	1341929.0895207222	29.741809844970703	1340286.438331325	
22.91083288192749	1343429.7555000428	38.97966241836548	1342287.3264972186	38.73220109939575	1343577.000728899	23.80306649208069	1334679.989748941	22.375257968902588	1342063.4357639302	40.168585538864136	1343009.0354923655	31.727694034576416	1342911.7817401595	25.737782955169678	1343268.12685081	25.76681613922119	1341801.9855218069	29.756571054458618	1340286.8331079413	
22.92884397506714	1343437.5269381138	39.00479483604431	1342284.6227259324	38.758718729019165	1343593.5133558565	23.819731950759888	1334695.805356046	22.388418912887573	1342035.2012846551	40.193766355514526	1343032.775189507	31.74311923980713	1342788.4497225152	25.75324273109436	1343292.5473486993	25.78037929534912	1341796.7627082265	29.769080638885498	1340290.366289068	
22.94588327407837	1343431.2329175677	39.02999472618103	1342299.325441298	38.78407287597656	1343616.0643895909	23.83624768257141	1334703.0269427812	22.401443243026733	1342027.0439963613	40.21928310394287	1343090.0446991986	31.757626056671143	1342756.68403446	25.767253875732422	1343292.402631753	25.794386386871338	1341805.5400492095	29.7820987701416	1340299.1161772253	
22.962947845458984	1343439.874502516	39.05852127075195	1342306.625146985	38.81059193611145	1343577.5376802075	23.855096340179443	1334734.3462052576	22.415949821472168	1342047.1615987325	40.2468798160553	1343082.0685389745	31.77397632598877	1342834.2290210938	25.780768394470215	1343286.1727581955	25.807398080825806	1341816.6677643445	29.795735359191895	1340303.474962612	
22.979960918426514	1343437.6766539817	39.0836398601532	1342298.3495921434	38.83842062950134	1343577.3541675361	23.873109340667725	1334738.152351979	22.430963277816772	1342063.856142085	40.269394874572754	1343094.8662305984	31.78904390335083	1342833.6232853294	25.797539234161377	1343311.2176655103	25.82160520553589	1341769.9338462611	29.809980630874634	1339979.2011869722	
22.995468139648438	1343438.558143664	39.10888862609863	1342298.6498523045	38.86444139480591	1343570.9123289015	23.88711714744568	1334730.2743646195	22.445470571517944	1342174.7699409188	40.29493808746338	1343082.0924541373	31.804059267044067	1342845.0774471718	25.81190037727356	1343271.1664467447	25.837616682052612	1341836.46562709	29.82446551322937	1339974.7041109218	
23.013241052627563	1343443.1386157686	39.13593506813049	1342264.3710670532	38.89248514175415	1343550.6563696002	23.90290594100952	1334730.5738661918	22.45948362350464	1342178.5076165858	40.31895899772644	1343103.25431833	31.8196804523468	1342804.5557293217	25.826406240463257	1343278.0043015915	25.850123643875122	1341822.8848604078	29.83897566795349	1339973.6398520083	
23.033254861831665	1343693.5095375306	39.161322355270386	1342276.3350916617	38.92089486122131	1343549.7271215534	23.920421600341797	1334735.3663409532	22.475990772247314	1342215.3875063069	40.34530425071716	1343102.9791721422	31.839975833892822	1342986.8290065953	25.840415477752686	1343270.6143379794	25.86262798309326	1341767.67587175	29.853495359420776	1339986.5412395587	
23.053773880004883	1343698.9341655215	39.18934655189514	1342287.2705254604	38.9478018283844	1343564.1533860215	23.936928749084473	1334721.4208372082	22.490219593048096	1342204.8747537711	40.37746500968933	1343086.6711685238	31.855071783065796	1343043.4248836585	25.854920148849487	1343271.0935498246	25.876141786575317	1341768.080802705	29.86700439453125	1339974.3556390265	
23.07279086112976	1343651.5460346597	39.21790409088135	1342305.200051786	38.97276854515076	1343555.386074766	23.951943159103394	1334470.2911491776	22.505363941192627	1342215.961152129	40.4039945602417	1343028.8102635979	31.87034010887146	1343068.0584506316	25.869929552078247	1343275.1180486088	25.89064621925354	1341787.522192203	29.881205558776855	1339930.4703228408	
23.08780002593994	1343656.3089226172	39.24724769592285	1342446.9139021386	39.002891540527344	1343553.5991874875	23.96644926071167	1334460.28766239	22.51989221572876	1341887.4882075917	40.431920289993286	1343028.7054307521	31.88410496711731	1343066.7582150104	25.884790420532227	1343851.3297297156	25.90415334701538	1341835.691395598	29.896725177764893	1339941.475576478	
23.10330820083618	1344011.0995767498	39.27497100830078	1342448.464944841	39.032443046569824	1343564.617210949	23.982457399368286	1334459.424968993	22.533400297164917	1341897.0492252146	40.45444440841675	1343055.8851532151	31.898667097091675	1343100.462118596	25.900799036026	1343842.1283522367	25.918376684188843	1341839.0463053451	29.9117374420166	1339959.9858402535	
23.11932611465454	1344027.2434796016	39.3000283241272	1342494.6842977705	39.06057929992676	1343540.2369594339	23.99796724319458	1334460.9936289687	22.5469069480896	1341843.7796822148	40.48196530342102	1343055.9507915736	31.91242289543152	1343066.4607179577	25.916139125823975	1343842.3579039027	25.933127880096436	1341858.3388014173	29.9252667427063	1339921.4606840832	
23.133334159851074	1344050.07438059	39.33333730697632	1342690.845481078	39.08761811256409	1343536.5776741153	24.015485525131226	1334448.4556820004	22.56113576889038	1342054.070876254	40.50703692436218	1342996.4404812492	31.925450563430786	1343052.5139440827	25.930148124694824	1343846.0489226792	25.94857931137085	1341831.8968532009	29.94079828262329	1339943.330371554	
23.149030208587646	1344054.1175506879	39.359352827072144	1342695.8094445344	39.11263418197632	1343534.928250336	24.030494928359985	1334444.3815280264	22.574641466140747	1342038.3135304854	40.529057264328	1342944.3827416275	31.94075083732605	1343066.122479251	25.94615936279297	1343863.0676695008	25.962128400802612	1341851.8151721281	29.954452753067017	1339989.814911899	
23.163039922714233	1344063.4256177978	39.38490343093872	1342446.832751616	39.1371705532074	1343385.6518738044	24.045342445373535	1334227.2128065377	22.58915901184082	1341993.8987092928	40.55307865142822	1342971.705606074	31.954776287078857	1343063.378663007	25.961804628372192	1343867.598480039	25.976064443588257	1341843.9844643495	29.967960834503174	1339958.2331129876	
23.17804765701294	1344005.737843411	39.408904790878296	1342423.2375730097	39.16047739982605	1343405.548691211	24.058855533599854	1334230.9902254785	22.603670358657837	1342024.0043968249	40.57902812957764	1342968.3554579655	31.969362497329712	1343065.5327161455	25.97585964202881	1343870.0750237314	25.99156904220581	1341764.4585053723	29.981974840164185	1339986.998634812	
23.19355535507202	1344008.850812543	39.43665528297424	1342426.954448891	39.186707496643066	1343414.1352407278	24.074870586395264	1334319.6712676287	22.617181539535522	1342042.4544626565	40.60455322265625	1342970.5479053177	31.983379364013672	1343070.2987858416	25.989868879318237	1342965.5027267619	26.005083799362183	1341785.1115833728	29.995200157165527	1339972.4168735307	
23.2080659866333	1344008.1147587986	39.46219348907471	1342447.5032173833	39.214362382888794	1343419.4933569909	24.090662956237793	1334318.2491544322	22.631195068359375	1342043.8686663366	40.62909984588623	1342959.3845858704	31.997276782989502	1342845.7889376567	26.004873752593994	1342964.8761984978	26.018288612365723	1341796.4918634545	30.00921368598938	1339971.8353356852	
23.224306344985962	1344016.8083896623	39.48729109764099	1342458.3340293611	39.24235916137695	1343412.556106121	24.108205795288086	1334391.9028193287	22.64570164680481	1342010.9525141413	40.654388189315796	1342963.6912681223	32.01840925216675	1342861.186332098	26.019402742385864	1342955.1487330124	26.032315254211426	1341800.7797443443	30.02617621421814	1339986.8452509444	
23.239822149276733	1344323.2552921101	39.513588428497314	1342461.7202064125	39.26888632774353	1343406.0428628505	24.1252224445343	1334402.8800485367	22.659720182418823	1342012.846556173	40.677910566329956	1342969.5501465264	32.04597496986389	1342867.4554645135	26.032906532287598	1342184.4533379688	26.046324014663696	1341804.7670603006	30.042200803756714	1339982.6916156954	
23.253832578659058	1344328.3726294958	39.54014873504639	1342463.8422672693	39.29791212081909	1343314.3517936955	24.142240524291992	1334379.259633144	22.67323088645935	1341999.5572790087	40.70292282104492	1343026.9973678181	32.07200217247009	1342835.3866758987	26.047411680221558	1342184.068743133	26.060328722000122	1341797.1146648808	30.05725407600403	1339996.7683331713	
23.269808769226074	1344279.9974457677	39.564048051834106	1342441.8647865057	39.32462787628174	1343323.370077391	24.157750844955444	1334423.978318396	22.6885769367218	1341994.4443436582	40.72844314575195	1342995.7899237885	32.09910321235657	1342848.07906542	26.060420751571655	1342187.3552031175	26.074336767196655	1341794.6296020085	30.07005286216736	1339995.5946452387	
23.286314964294434	1343379.9642745345	39.59150767326355	1342268.1477097867	39.351041316986084	1343330.3191348827	24.174769639968872	1334295.5682836291	22.70409083366394	1342016.7778638548	40.75246024131775	1342973.7519687593	32.12592005729675	1342822.5184562632	26.075035572052002	1342914.8016800059	26.08694553375244	1341802.2156457244	30.084065675735474	1339998.075838814	
23.304332971572876	1343375.8683307318	39.618650674819946	1342258.0827313361	39.376267194747925	1343393.9521839467	24.190342903137207	1334361.5153386723	22.71759796142578	1342149.7856236282	40.7759964466095	1342975.9732440943	32.15193247795105	1342845.7843843095	26.088375091552734	1342916.9837025474	26.09945011138916	1341788.3591603246	30.09972834587097	1340057.8235684286	
23.3193519115448	1343428.2130403556	39.648167848587036	1341677.459589359	39.399781227111816	1343393.498175661	24.205352067947388	1334599.6644127148	22.73127579689026	1342146.528425437	40.799010276794434	1342976.2292537345	32.177844524383545	1342833.689247561	26.100610733032227	1342912.6069443799	26.11195468902588	1341759.2428599822	30.114235401153564	1340061.0613087444	
23.33730125427246	1343393.2550819858	39.67750000953674	1341689.084898927	39.43806457519531	1343324.2582898983	24.22386932373047	1334392.602050284	22.744781970977783	1342153.4505514763	40.822025537490845	1343001.5507903094	32.20342302322388	1342491.1590279893	26.115116119384766	1342921.39656999	26.127763986587524	1341810.855396233	30.127742290496826	1340061.053009857	
23.354825735092163	1343293.0684133125	39.704585313797	1341644.2048731185	39.463074684143066	1343335.3896676598	24.23887872695923	1334388.908570643	22.758298873901367	1342153.5143993117	40.844722747802734	1343303.715074569	32.228973388671875	1342522.2549705235	26.13312578201294	1342891.8041240468	26.141268491744995	1341801.3724618903	30.14003896713257	1340076.4335358115	
23.37184190750122	1343301.652713715	39.72815656661987	1341663.4446595495	39.49467730522156	1343315.1145287028	24.256403923034668	1334381.851187039	22.773525953292847	1342153.3769063174	40.86924719810486	1343293.603012517	32.256701946258545	1342550.2458507903	26.14713478088379	1342917.1101166224	26.157278299331665	1341810.2190392744	30.154050827026367	1340069.280440155	
23.387943267822266	1343387.7983782904	39.762178897857666	1341681.7066895957	39.51819157600403	1343323.7174060228	24.27341914176941	1334403.589943575	22.79093027114868	1342169.292744667	40.89392590522766	1343285.5509252998	32.28024768829346	1342554.1898812163	26.161883115768433	1342924.065656444	26.1707820892334	1341813.140604067	30.16655683517456	1340066.1536276764	
23.40216326713562	1343383.972108186	39.78619384765625	1341379.7068026674	39.546279430389404	1343253.113859648	24.290631532669067	1334409.2501360353	22.806084871292114	1342153.2490273116	40.91794157028198	1343178.602923881	32.30778646469116	1342584.8842040696	26.178552865982056	1342872.6209932496	26.18434715270996	1341856.584274196	30.180011510849	1339982.7106328004	
23.416849613189697	1343390.2203428368	39.820231676101685	1341371.5756915328	39.57297873497009	1343271.1580317682	24.308449506759644	1334411.8518307023	22.82333731651306	1342146.8887167133	40.94295787811279	1343201.98669544	32.333038568496704	1342681.7566412892	26.192562580108643	1342852.3169405647	26.19885802268982	1341856.584274196	30.195516347885132	1339976.0453328276	
23.431007146835327	1343387.7796013	39.84576344490051	1341348.4266327326	39.598222494125366	1343287.128329862	24.322224140167236	1334424.0186350436	22.84287929534912	1342243.0836766085	40.96584606170654	1342867.2105530766	32.35888051986694	1342631.2595272968	26.207066774368286	1342458.1367481956	26.214038133621216	1341849.613476457	30.209025144577026	1339982.9874634538	
23.445513486862183	1343393.9641767896	39.87329411506653	1341385.9755305455	39.623772382736206	1343321.0143262728	24.336731433868408	1334419.5947138881	22.85888695716858	1342338.6665990711	40.991716384887695	1342870.5934675506	32.38441228866577	1342648.9571783792	26.221595764160156	1342510.9999763118	26.22733426094055	1341855.4377963846	30.22382688522339	1339975.161285317	
23.45962929725647	1343383.9316450057	39.90497899055481	1341362.4311824674	39.651151180267334	1343307.685300826	24.34923768043518	1334392.5698574027	22.872400045394897	1342338.5525772567	41.018962144851685	1342854.3946146986	32.412935972213745	1342608.401281484	26.234100103378296	1342462.3147298547	26.242839336395264	1342229.468119565	30.23984122276306	1340013.5663887851	
23.476133584976196	1343382.98199196	39.93000674247742	1341369.6159372479	39.67736840248108	1343298.3254935695	24.365267753601074	1334404.4431288023	22.886624097824097	1342338.3122548417	41.041780948638916	1342858.2468756407	32.438530921936035	1342523.7868480913	26.248605251312256	1342476.1092499774	26.256847858428955	1342196.1629894306	30.25287127494812	1341316.819680975	
23.491143226623535	1343445.8444535725	39.95534682273865	1341416.881264866	39.703246116638184	1343301.4958758461	24.379496335983276	1334372.717434785	22.902645349502563	1342341.1439560573	41.06724429130554	1342897.8067068201	32.46257185935974	1342508.8795140109	26.26245641708374	1342464.6505375537	26.269352912902832	1342194.8110241713	30.266377925872803	1341282.6555230648	
23.50565266609192	1343453.1964195122	39.981356382369995	1341405.053525957	39.72905206680298	1343289.688341349	24.39451551437378	1334363.6162567716	22.92666006088257	1342349.0009239204	41.094324827194214	1342873.5573729132	32.49156427383423	1342505.7820293834	26.275654077529907	1342449.0865939988	26.28436517715454	1342081.9398901775	30.28190326690674	1341310.9317002106	
23.51966905593872	1343463.3657738653	40.006868839263916	1341420.4720086488	39.75222134590149	1343299.4520584461	24.408530712127686	1334490.624999085	22.955471515655518	1342362.3928574664	41.12133860588074	1342872.752369692	32.51866412162781	1342750.775792591	26.2912437915802	1342354.7782298892	26.29737424850464	1342107.060723403	30.29605984687805	1341306.0473485915	
23.533252716064453	1343474.311478605	40.03876352310181	1341426.0243169644	39.77997303009033	1343269.8180440702	24.42054557800293	1334507.728110314	22.981155395507812	1342347.821961868	41.15086889266968	1342875.1712599162	32.54539680480957	1342723.2782067384	26.304726123809814	1342345.3733024092	26.3098783493042	1342101.998958875	30.311073541641235	1341317.9445234074	
23.546470403671265	1343473.8711776766	40.06600332260132	1341422.1006231303	39.8086793422699	1343264.8685652139	24.43656611442566	1334519.7118347378	23.009567260742188	1342350.7417066146	41.17586040496826	1342876.23128169	32.57186818122864	1342714.9707565962	26.31873393058777	1342353.9806264013	26.32556676864624	1342105.4262514943	30.32558274269104	1341314.4870058103	
23.560506582260132	1343476.4827106711	40.09253239631653	1341593.0093239308	39.839192390441895	1343282.7971799998	24.451393604278564	1334613.7272669608	23.038161516189575	1342337.3745108235	41.204063415527344	1342876.8268102885	32.60590434074402	1342513.3648146396	26.332679510116577	1342362.2541054117	26.338791608810425	1342035.553608819	30.338825702667236	1341311.001521841	
23.57476830482483	1343455.9082135821	40.112836837768555	1341468.9308997323	39.868924379348755	1343300.8837688414	24.46590566635132	1334573.232561745	23.066437244415283	1342341.165623101	41.23258423805237	1342974.241934058	32.63192868232727	1342725.711942925	26.346306085586548	1342368.9657303041	26.35429811477661	1342097.4730750436	30.353843927383423	1341321.4725642006	
23.589778423309326	1343489.0735821503	40.14167332649231	1341472.3743263956	39.89709806442261	1343317.2047656467	24.481788158416748	1334575.2911710166	23.095168590545654	1342339.805745465	41.25584554672241	1342973.4667335928	32.65824794769287	1342646.0169430862	26.359997034072876	1342365.3485669692	26.36896777153015	1342102.109609553	30.36818814277649	1339995.3228639266	
23.604787349700928	1343679.3699088227	40.16422080993652	1341475.540816744	39.92700266838074	1343307.6562736516	24.498011589050293	1334533.7999211182	23.12730312347412	1342332.2082637073	41.279014110565186	1342968.0954618915	32.68378520011902	1342638.7700722462	26.373273611068726	1342339.2581240921	26.38202452659607	1342039.7273282313	30.383201599121094	1339993.9923426523	
23.620551824569702	1343692.344399086	40.19174003601074	1341482.0751519448	39.956376791000366	1343322.0227021382	24.512529134750366	1334533.8678152084	23.158323526382446	1342344.4636365098	41.304039478302	1342969.4403220713	32.71482825279236	1342656.303786286	26.386780977249146	1342329.1264584928	26.39703369140625	1342036.483728627	30.39770793914795	1339853.5671676744	
23.634058952331543	1343694.365181142	40.21875500679016	1341476.3574157848	39.98422574996948	1343325.6660326174	24.52803659439087	1334525.9374842627	23.185213804244995	1342356.3269139242	41.32573914527893	1342973.4118180478	32.74185562133789	1342636.059133716	26.40079140663147	1342335.8355698097	26.4098904132843	1342009.803407272	30.411723613739014	1340257.1240994432	
23.649073362350464	1343710.6454350152	40.24752998352051	1341466.398138476	40.01175880432129	1343332.0394286106	24.543054580688477	1334541.4899104077	23.211934804916382	1342359.3977781746	41.350255727767944	1342950.497034299	32.7677001953125	1342612.812101584	26.415401220321655	1342325.4303461148	26.42339563369751	1341847.3314406194	30.42422842979431	1340254.5235926858	
23.664088487625122	1343707.3646843329	40.27304530143738	1341483.2651477857	40.03760886192322	1343318.339521292	24.558563947677612	1334546.7798599533	23.23945689201355	1342364.8861446849	41.37885618209839	1342960.6960118134	32.792701721191406	1342549.905636604	26.4284086227417	1342330.0499602526	26.435981273651123	1341841.5848836824	30.43673586845398	1340399.0454062384	
23.68010401725769	1343562.7811337633	40.29727244377136	1341451.9820018879	40.06613230705261	1343318.3504903696	24.573579788208008	1334546.6760981255	23.263466835021973	1342362.562746655	41.404369592666626	1342966.2074203223	32.8174307346344	1342543.7076816214	26.441919565200806	1342330.1113272726	26.449485301971436	1341841.3520622829	30.451266050338745	1340398.689671055	
23.694611310958862	1343554.7841476277	40.323298931121826	1341441.078319859	40.08965802192688	1343310.0367643046	24.588082551956177	1334548.8537190068	23.289005756378174	1342134.7853882362	41.43190336227417	1343008.657702117	32.8504753112793	1342559.3747658154	26.45623016357422	1342322.2479218515	26.463989973068237	1341887.3884295195	30.46481990814209	1340399.6442385663	
23.711992740631104	1343556.5733623456	40.352349519729614	1341445.4788014549	40.11617946624756	1343348.1219212806	24.602094173431396	1334679.3867800636	23.317172288894653	1342121.7332048905	41.462586641311646	1342980.314750196	32.8772554397583	1342606.8461736995	26.47124147415161	1342303.7229836963	26.47808814048767	1341871.609914021	30.479186058044434	1340403.304271577	
23.72827172279358	1343543.801039658	40.37617039680481	1341465.061614605	40.14138579368591	1343347.1425268992	24.618109226226807	1334692.8711137464	23.348254203796387	1342107.9382097588	41.486424922943115	1342987.1626931736	32.90183997154236	1342610.2853165476	26.48455786705017	1342341.6345337604	26.4895920753479	1341878.2851147046	30.493489980697632	1340411.6559791837	
23.743508100509644	1343559.5166017392	40.4001841545105	1341487.3443552742	40.16840577125549	1343408.984068606	24.634122133255005	1334664.695185566	23.3769633769989	1342024.9337920782	41.51244044303894	1343028.864746928	32.93061089515686	1342578.7452144579	26.49847149848938	1342319.2311195466	26.5030996799469	1341839.3911251472	30.507586240768433	1340401.7999485608	
23.757736206054688	1343560.9652197282	40.42533826828003	1341493.3725488952	40.19719862937927	1343437.511781185	24.649919748306274	1334663.372488994	23.4069983959198	1342121.856440697	41.536957025527954	1343026.9504602172	32.955721378326416	1342589.28825846	26.51423454284668	1342292.2433440017	26.517221450805664	1341815.990026707	30.520315885543823	1340458.142936239	
23.77124810218811	1343565.6537896404	40.45265340805054	1341475.7161345626	40.227794885635376	1343445.4636018476	24.66593313217163	1334649.9288955743	23.4344642162323	1342135.9050007954	41.56098031997681	1343021.001969081	32.978261947631836	1342638.3095239128	26.52824330329895	1342334.585608146	26.529730558395386	1341817.6620436863	30.534326314926147	1339957.2316142858	
23.783754348754883	1343553.4952663523	40.48020792007446	1341457.5005092192	40.255107402801514	1343436.1562250033	24.682939767837524	1334671.679614226	23.46497869491577	1342142.8041791918	41.58371186256409	1343022.3923175645	33.00358271598816	1342633.8996710002	26.54029369354248	1342336.3626555493	26.544030904769897	1341840.9843485968	30.54752469062805	1339970.0583480536	
23.798767805099487	1343554.3468338682	40.510473012924194	1341442.7365120717	40.284101247787476	1343429.8195826192	24.699175596237183	1334654.939407478	23.49661374092102	1342223.639469763	41.61087131500244	1343017.029200694	33.03058886528015	1342643.1705418262	26.555304765701294	1342376.5288160578	26.558704376220703	1341824.6697579194	30.56148338317871	1339971.1192702255	
23.811963081359863	1343478.6593216758	40.54149866104126	1341365.6702100616	40.31453466415405	1343448.3015197755	24.713688611984253	1334660.8193195963	23.52813720703125	1342429.4034156005	41.640156984329224	1343025.1756424478	33.062299728393555	1342648.9433873836	26.5692195892334	1342362.7407884125	26.5727117061615	1341816.440141773	30.573991298675537	1339975.2476289875	
23.826467990875244	1343472.7365090551	40.56299114227295	1341380.8192290145	40.34482407569885	1343367.8523250245	24.728193044662476	1334654.8159255416	23.55980682373047	1342438.7503143575	41.66417717933655	1342971.2099128575	33.089173793792725	1342588.3937268702	26.583418130874634	1342333.5561322544	26.586388111114502	1341821.4014502547	30.58900284767151	1339959.6701838274	
23.841449737548828	1343457.1121393521	40.588582277297974	1341398.0946613394	40.373345136642456	1343368.1160673655	24.741219758987427	1334679.732120643	23.58833646774292	1342374.2961009755	41.693932056427	1342970.9209269003	33.11958169937134	1342587.2126008687	26.5974440574646	1342346.0043551975	26.59889268875122	1341819.4539184095	30.603514194488525	1339958.757648071	
23.85646080970764	1343435.7031942238	40.61999273300171	1341431.9513893058	40.4035210609436	1343282.6514826322	24.756728410720825	1334685.3283704175	23.62296962738037	1342353.8417445158	41.720439434051514	1342995.742976062	33.15814518928528	1342539.0741971727	26.61254596710205	1342327.9549513464	26.612553358078003	1341825.6498246482	30.618037223815918	1338978.7458459793	
23.872551679611206	1343448.0303215282	40.6437292098999	1341620.1090582309	40.43137550354004	1343285.583268978	24.769229412078857	1334700.11377376	23.65348505973816	1342978.7027879078	41.74965739250183	1343063.9775393542	33.20460391044617	1342530.9353003614	26.628554344177246	1342354.0325582153	26.626110315322876	1341822.5720492613	30.632055521011353	1338834.6252104095	
23.886581897735596	1343477.9422798546	40.669740438461304	1341628.940374468	40.457629442214966	1343299.9247935135	24.78423762321472	1334731.3150042892	23.682109355926514	1342556.3383408373	41.7810845375061	1343054.030955351	33.246771812438965	1342506.3079715262	26.643062353134155	1342367.423173866	26.638617515563965	1341818.3206643816	30.64556360244751	1338841.461799848	
23.89959216117859	1343461.322463158	40.69677686691284	1341632.1375436366	40.48614859580994	1343322.8074279248	24.798747301101685	1334734.6171806091	23.709347248077393	1342496.0783475104	41.805601596832275	1343063.7593522484	33.28632831573486	1342466.2769614186	26.6575665473938	1342368.494807046	26.652125120162964	1341768.645605832	30.659575700759888	1338846.232538917	
23.91609811782837	1343467.2648729985	40.72149658203125	1341642.6260115083	40.51357913017273	1343324.19504055	24.815263509750366	1334723.541622258	23.7424054145813	1342497.8112052374	41.83082628250122	1343073.2465786596	33.327876329422	1342044.385432976	26.670279502868652	1342370.9572914937	26.66513729095459	1341739.1453797126	30.672084093093872	1338847.570257828	
23.932112216949463	1343452.2850598875	40.74939012527466	1341413.9646004771	40.54111051559448	1343458.908557466	24.828768730163574	1334732.3062569809	23.771333694458008	1342466.986700313	41.85499453544617	1343076.2376032313	33.36745071411133	1342023.993634955	26.682291269302368	1342412.220439063	26.679145097732544	1341778.110422067	30.685623168945312	1338847.823880381	
23.94503664970398	1343387.791731987	40.776663303375244	1341414.9652970731	40.56623339653015	1343488.4427635134	24.843284606933594	1334722.2784580595	23.797099828720093	1342465.5633467836	41.88082432746887	1343060.8370081717	33.4119930267334	1342010.4876166629	26.69650101661682	1342408.3611492834	26.691912174224854	1341769.1134425618	30.70018744468689	1338829.2906925885	
23.959217071533203	1343382.6199474253	40.800684690475464	1341418.1594777051	40.59276986122131	1343470.2056915346	24.856792449951172	1334764.1439467066	23.822120189666748	1342468.5419621002	41.9043390750885	1343018.4866926386	33.44972515106201	1341993.9349636284	26.710770845413208	1342355.0344964305	26.704416513442993	1341786.1623938193	30.713898181915283	1338810.2587443083	
23.97472095489502	1343334.4917460345	40.82521295547485	1341438.1907508862	40.62171506881714	1343467.9534950035	24.870795488357544	1334788.0460022283	23.84948706626892	1342713.2466513999	41.927361726760864	1343051.6724128334	33.508795499801636	1342007.3167181483	26.723276376724243	1342370.2874598843	26.71782684326172	1341782.5369920656	30.727415561676025	1338814.7393388273	
23.98772883415222	1343332.2348515857	40.85294795036316	1341435.4996593439	40.644468784332275	1343470.6938184185	24.887301683425903	1334761.6738135053	23.877381324768066	1342459.3907766484	41.95398831367493	1343061.5289855457	33.54992651939392	1341995.2264142735	26.736780166625977	1342374.7021006758	26.73083806037903	1341774.1097521884	30.741615533828735	1338865.7955470886	
24.00324058532715	1343333.3506676548	40.874959230422974	1341436.5248384397	40.67200446128845	1343576.1238485598	24.901832818984985	1334763.2066652877	23.903179168701172	1342483.3140965812	41.97827625274658	1343081.890770678	33.586477756500244	1341981.8800133937	26.74961280822754	1342378.9892717358	26.744547605514526	1341749.0954331825	30.75412106513977	1338835.0480066705	
24.017971992492676	1343328.2132723192	40.89911222457886	1341450.4175739873	40.698060750961304	1343573.9520342972	24.917372465133667	1334735.3201497658	23.927192211151123	1342480.2087589272	42.00680685043335	1343113.0851464681	33.627315282821655	1342375.0239297745	26.76166534423828	1342392.652665846	26.759053230285645	1341722.7458257768	30.76763105392456	1338880.6340941142	
24.030867099761963	1343343.6099421799	40.92715549468994	1341394.1895164158	40.72607398033142	1343589.1826422391	24.932382106781006	1334728.3567327724	23.955212831497192	1342560.7802823468	42.03166174888611	1343083.4317080542	33.670032024383545	1342382.3537120519	26.776384592056274	1342409.1547000452	26.773062229156494	1341730.5160757164	30.780674934387207	1338883.8681215444	
24.04491949081421	1343346.118281194	40.95375204086304	1341406.224875909	40.75060772895813	1343586.3550638151	24.945892333984375	1334735.7283384204	23.98139238357544	1342567.981823027	42.056599855422974	1343074.0874753902	33.722084045410156	1342389.0336033986	26.791125535964966	1342417.8681147252	26.78707194328308	1341751.8863216562	30.794180631637573	1338927.708332162	
24.057928800582886	1343335.1660068543	40.978663206100464	1341407.4312580004	40.77662777900696	1343589.1114108074	24.959408044815063	1334738.8200532107	24.01841402053833	1342544.639632595	42.08464479446411	1343083.0675797984	33.75726580619812	1342391.1637055315	26.80462956428528	1342384.5930950767	26.801203966140747	1341740.7199124352	30.807686805725098	1338912.3382623268	
24.07194471359253	1343343.7074560607	41.00637102127075	1341389.0765551224	40.80851745605469	1343603.1758766035	24.974421977996826	1334747.1488131927	24.05004620552063	1342552.5990109933	42.11174154281616	1343081.6826949723	33.79330325126648	1342382.5716818757	26.81982159614563	1342677.924222665	26.816405296325684	1341814.3925688295	30.820703744888306	1338925.179081471	
24.085449934005737	1343342.285529682	41.032848596572876	1341397.5866063193	40.843690156936646	1343593.163432585	24.98692488670349	1334751.2743770725	24.082279443740845	1342785.295498972	42.13275909423828	1343082.284813193	33.83183455467224	1342386.8479053646	26.83332586288452	1342652.5142095413	26.82954692840576	1341815.5993002106	30.836231470108032	1338892.4747890758	
24.099463939666748	1343594.4471871168	41.057642459869385	1341413.9787570622	40.87145256996155	1343522.0814349663	25.00294017791748	1334749.188873484	24.110553979873657	1342757.8808022796	42.15829157829285	1343077.2323302233	33.876978397369385	1342400.5102686447	26.848334074020386	1342700.9864390702	26.843295335769653	1341814.8996328383	30.85147714614868	1338869.4752789603	
24.11496901512146	1343433.6925071108	41.08258605003357	1341454.3575555447	40.89818286895752	1343526.172623835	25.01900625228882	1334756.7090450558	24.144082069396973	1342777.7767731922	42.1883442401886	1342995.685137339	33.917826652526855	1342391.894780542	26.86106014251709	1342731.6338003823	26.85630440711975	1341837.3362085116	30.866168975830078	1338961.591259731	
24.128861665725708	1343388.564583884	41.10379672050476	1341459.4330762222	40.9232063293457	1343558.0647734546	25.03402066230774	1334740.2846470333	24.17234468460083	1342777.1639483126	42.21236753463745	1343074.7456179224	33.96285653114319	1342408.8153745753	26.87456488609314	1342324.180312574	26.871286153793335	1341834.6239247003	30.879166841506958	1338957.3556299477	
24.143656492233276	1343394.1769858848	41.129399061203	1341474.1878002249	40.949466943740845	1343552.7610196117	25.048739433288574	1334740.0754763775	24.20150089263916	1342748.3034766316	42.238762855529785	1343146.738436223	34.00097846984863	1342442.5582803434	26.88879704475403	1342345.7420197302	26.884799003601074	1341846.7642751583	30.892313718795776	1338972.2959980362	
24.15816903114319	1343547.1776626485	41.15333342552185	1341490.376065935	40.976765155792236	1343559.6702344331	25.06375503540039	1334751.8566190628	24.230527639389038	1342749.7313881218	42.263795375823975	1343129.3808234925	34.04383611679077	1342408.9907346496	26.903302431106567	1342330.578977063	26.89830470085144	1341847.1415252981	30.90682053565979	1338959.105338408	
24.173675775527954	1343522.605803683	41.17885494232178	1341444.6987661587	41.009278774261475	1343552.8734786198	25.082273960113525	1334765.9829257028	24.266568183898926	1342751.4604738194	42.28554368019104	1343133.7948916345	34.09391736984253	1342390.6105876511	26.916685581207275	1342351.8682748484	26.912508249282837	1341828.6360820637	30.9193274974823	1338944.3830276455	
24.18768572807312	1343514.4138629825	41.204373598098755	1341422.3329788947	41.04341197013855	1343445.6057582386	25.09730052947998	1334724.940743219	24.298522233963013	1342722.5482416435	42.31906270980835	1343138.13450727	34.13263487815857	1342384.8582839875	26.930694818496704	1342355.573869345	26.925280809402466	1341834.6536662816	30.932843923568726	1339171.8678309608	
24.202882051467896	1343137.517542081	41.22988724708557	1341402.179787999	41.067930698394775	1343444.9566500506	25.111570596694946	1334709.1906680898	24.33043336868286	1342712.9677341117	42.34307885169983	1343162.368665755	34.172101974487305	1342406.1210488663	26.944199085235596	1342372.9738564778	26.94178080558777	1341836.3393772591	30.944998502731323	1339173.6179136082	
24.21812915802002	1343154.4847001203	41.253068923950195	1341427.1330547633	41.09622097015381	1343702.7235443753	25.125077486038208	1334706.8368991634	24.358065843582153	1342708.5621474646	42.36609601974487	1343160.2619637416	34.212626218795776	1342370.902265576	26.95871114730835	1342319.605916002	26.954428672790527	1341836.2682944513	30.957505226135254	1339168.8014835655	
24.23263430595398	1343192.3679212679	41.27455735206604	1341406.5112836708	41.12617874145508	1343458.1416125172	25.141093969345093	1334719.2985148504	24.386418104171753	1342719.5611275535	42.392473220825195	1343164.3507288012	34.256627559661865	1342370.204736841	26.971222162246704	1342313.22825489	26.968457460403442	1341841.17243266	30.97151827812195	1339274.9798110737	
24.24613928794861	1343012.65759045	41.30377268791199	1341445.322607859	41.15273642539978	1343470.9950378821	25.15860390663147	1334692.2255273967	24.4140682220459	1342733.088304498	42.42050266265869	1343169.9273318748	34.301175594329834	1342368.8225167787	26.995309829711914	1342260.4915371528	26.984140157699585	1341827.6759217181	30.986030101776123	1339282.5154261035	
24.261656761169434	1343029.552422123	41.326042890548706	1341464.8407267	41.17856740951538	1343470.8156227455	25.172613620758057	1334687.8075175404	24.439486503601074	1342742.517646596	42.4456000328064	1343148.9551028137	34.34193992614746	1342726.8956089295	27.018819332122803	1342272.2885703025	26.99802327156067	1341825.0563313102	31.000048398971558	1339961.2844652212	
24.276160955429077	1343020.7991736545	41.3485221862793	1341475.9537011718	41.21284461021423	1343434.0547997544	25.18711805343628	1334688.7991369476	24.46802282333374	1342736.4781405325	42.47664546966553	1343328.8365545631	34.38302493095398	1342733.6901676324	27.042832136154175	1342260.73868603	27.01474905014038	1341832.042305293	31.014562368392944	1339087.742276976	
24.290173530578613	1343048.4764397591	41.37904238700867	1341462.6550161236	41.23870849609375	1343413.6340661894	25.202133417129517	1334691.1003391698	24.497177124023438	1342803.8158681674	42.50066328048706	1343171.5784645907	34.41645860671997	1342737.6672511853	27.06584882736206	1342297.222484033	27.028254508972168	1341819.0926348164	31.029069662094116	1339084.5476498234	
24.307762145996094	1343513.4067472904	41.40256071090698	1341394.2014236192	41.26172494888306	1343409.7598273787	25.21814274787903	1334707.0340987411	24.52448058128357	1342721.898323544	42.52870464324951	1343108.9742916494	34.45499849319458	1342738.2473848658	27.089873552322388	1342344.4492986866	27.045263051986694	1341810.4563381027	31.0415940284729	1339082.9137117602	
24.322589635849	1343536.514317969	41.425594091415405	1341406.5811654562	41.285239934921265	1343781.5161170294	25.232403993606567	1334710.882460862	24.550119638442993	1342719.8092984213	42.55723452568054	1343120.8012944805	34.49930000305176	1342748.1312525333	27.114067316055298	1342373.3907053373	27.06226921081543	1341791.4622148874	31.05610203742981	1339081.7608635728	
24.33688497543335	1343544.2666550807	41.45215892791748	1341407.5923704884	41.30484175682068	1343803.9357601542	25.24816370010376	1334730.4125158582	24.57641315460205	1342754.23396205	42.58196043968201	1343122.5665226143	34.53685259819031	1342760.540272158	27.137078762054443	1342387.9137061783	27.075785398483276	1341793.5861473433	31.070116996765137	1339065.723327818	
24.35190486907959	1343532.8422069605	41.47619557380676	1341393.3010472893	41.32385301589966	1343812.911199092	25.264172315597534	1334726.6022102735	24.60213589668274	1342676.9849614438	42.60749340057373	1343087.9980394566	34.5886549949646	1342767.566345819	27.16049814224243	1342381.0767547565	27.090290069580078	1341796.1426869645	31.084362506866455	1339044.9571081644	
24.365922212600708	1343532.8640395452	41.5016610622406	1341380.073434002	41.34756422042847	1343785.857551957	25.27867889404297	1334725.8328002298	24.62822699546814	1342699.3253773067	42.63483548164368	1343069.9595775304	34.62674260139465	1342737.8880012226	27.18265151977539	1342383.0426335344	27.105811595916748	1341806.5813854877	31.09686779975891	1339041.8405288507	
24.38066864013672	1343547.8822693985	41.52584648132324	1341373.9824819008	41.378811836242676	1343820.8108136426	25.294203519821167	1334739.716638585	24.655823707580566	1342706.7120620839	42.66135597229004	1343097.9471340799	34.6646945476532	1342750.637078235	27.20766043663025	1342368.0187915063	27.122593879699707	1341795.4305628308	31.109883785247803	1339015.0119759757	
24.396695852279663	1343573.1562696823	41.547863483428955	1341373.685516938	41.40315365791321	1343820.7974050557	25.306440591812134	1334688.6346571937	24.685344457626343	1342704.8631023036	42.68643522262573	1343109.8170258359	34.72275424003601	1342754.16503414	27.23120665550232	1342365.454647719	27.137322902679443	1341794.4337831035	31.12339210510254	1338980.912430454	
24.41166090965271	1343587.114081851	41.57438015937805	1341271.097227184	41.42920255661011	1343821.9790053025	25.322588443756104	1335036.24532345	24.711185216903687	1342700.1953631802	42.71245503425598	1343099.687665673	34.76222085952759	1342760.6371675867	27.25968289375305	1342334.997620713	27.152246236801147	1341796.6938313253	31.136409521102905	1338933.0552654893	
24.42812204360962	1343939.8894865983	41.59994387626648	1341270.967844857	41.45429611206055	1343808.190872594	25.33709216117859	1334751.4317353505	24.741268157958984	1342512.6781694214	42.73698043823242	1343073.915766387	34.79875707626343	1342753.9576168312	27.28719735145569	1342330.9396723507	27.166784048080444	1341796.5554517063	31.149694442749023	1338960.425860489	
24.443846702575684	1343917.6370791523	41.625733852386475	1341290.398229266	41.47932767868042	1343810.5656650735	25.352104902267456	1334749.3867998738	24.768898725509644	1342544.2694433692	42.76251173019409	1343056.101460193	34.82921528816223	1342743.532813041	27.3138906955719	1342261.9783434905	27.18229651451111	1341834.3516958018	31.163206100463867	1338970.9822144161	
24.460158824920654	1343451.4776444691	41.650511264801025	1341445.8218095552	41.507540225982666	1343795.2548020845	25.365609169006348	1334759.850301215	24.797423839569092	1342525.3622881453	42.78592324256897	1343050.0415284291	34.872995376586914	1342718.9991253575	27.33489990234375	1342171.2699009401	27.194809675216675	1341836.9719013446	31.177713632583618	1338960.9521766074	
24.476059198379517	1343440.4058577612	41.67618370056152	1341619.3425391654	41.53456258773804	1343788.217020534	25.380615949630737	1334769.8679960796	24.822940349578857	1342526.6373492049	42.812636852264404	1343054.1695840692	34.9085259437561	1342923.2480533712	27.35614514350891	1342175.0927096878	27.20831561088562	1341824.2656822898	31.192729711532593	1338960.08143395	
24.491249084472656	1343164.7897978951	41.69820690155029	1341618.8760327187	41.556079626083374	1343787.8283946887	25.395129203796387	1334771.7262327196	24.853048086166382	1342520.268138504	42.83940863609314	1343053.7674674096	34.93305516242981	1342902.185713132	27.377667903900146	1342189.2593914317	27.22249674797058	1341833.608783409	31.20723795890808	1338967.220095345	
24.506757259368896	1343188.156346673	41.724345445632935	1341627.3922114226	41.583357095718384	1343805.009611039	25.410656213760376	1334710.0123323135	24.887935638427734	1342533.344241027	42.868531465530396	1343050.7135188482	34.957765340805054	1342904.9276953272	27.399847507476807	1342203.5391113167	27.237506866455078	1341821.022191845	31.222253799438477	1338973.3677331458	
24.520768404006958	1343188.6581797125	41.74833345413208	1341614.698510574	41.610368490219116	1343825.0080271105	25.4251651763916	1336392.298113539	24.916778087615967	1342611.4435639426	42.89155340194702	1343053.9631868557	34.98329138755798	1342852.8953837273	27.421361923217773	1342222.8204871546	27.251513481140137	1341815.8325872244	31.235762357711792	1338951.2988462534	
24.536282300949097	1343174.0792081985	41.77034950256348	1341602.7277558874	41.64054274559021	1343828.4061892654	25.440826892852783	1336395.8274637128	24.942294359207153	1342608.4252883827	42.91807174682617	1343080.6496440636	35.00285267829895	1342862.6660740455	27.445371866226196	1342223.797354982	27.265522480010986	1341827.2459463228	31.24826979637146	1338971.1248166382	
24.55193328857422	1343178.620034979	41.797876596450806	1341586.103607357	41.66605520248413	1343820.9503540997	25.455036401748657	1336459.2778576154	24.976802349090576	1342587.9654391457	42.94309902191162	1343089.131299577	35.028953075408936	1342907.5967709012	27.469938278198242	1342191.4592527293	27.28007960319519	1341836.382927201	31.263283014297485	1338956.2020961477	
24.565880060195923	1343180.0857476129	41.82340741157532	1341232.542984747	41.689287424087524	1343505.094183042	25.468547344207764	1336472.23887682	25.0068461894989	1342588.0285302033	42.967124938964844	1343100.0144816188	35.059531450271606	1342889.975434388	27.493295192718506	1342211.674372929	27.29408574104309	1341800.5864688586	31.277794122695923	1338951.764401789	
24.57897710800171	1343168.317979601	41.85555648803711	1341291.3580666827	41.71029853820801	1343512.4672897505	25.483561992645264	1336459.959457296	25.043891429901123	1342587.884811019	42.99021530151367	1343103.2173076423	35.08204746246338	1342883.9225665173	27.518567085266113	1342169.2944241662	27.30859351158142	1341752.007340808	31.29147219657898	1338939.7534399717	
24.59407925605774	1343180.4745780765	41.89425802230835	1341254.8105574925	41.73531198501587	1343534.8129689083	25.499804735183716	1336483.8944399438	25.073004007339478	1342584.8778858683	43.01575231552124	1343112.7231349014	35.11845779418945	1342879.8868532043	27.543553829193115	1342138.9694290652	27.322600603103638	1341764.6687362073	31.30597996711731	1338963.2258105588	
24.607589960098267	1343177.9909596555	41.937612533569336	1341250.1035036268	41.76084017753601	1343586.130982528	25.51496124267578	1336459.0266456367	25.10837483406067	1342741.5937687345	43.042094230651855	1343141.0698290202	35.14709949493408	1342909.8553174895	27.571579456329346	1342141.0705544641	27.33627963066101	1341775.5438205225	31.319994926452637	1338960.1677673464	
24.62177610397339	1343192.5802034743	41.96980667114258	1341247.987270221	41.80836749076843	1343584.5619439685	25.530969381332397	1336457.868852836	25.138200283050537	1342826.3222301188	43.06490755081177	1343136.824540786	35.17129039764404	1342868.1639219527	27.59580087661743	1342195.3760779283	27.350783824920654	1341780.0842526054	31.33601665496826	1338960.001048298	
24.63528084754944	1343220.079474464	42.00441122055054	1341236.3720050985	41.84887194633484	1343587.3069796893	25.546481609344482	1336445.6208319813	25.168208837509155	1342919.3226824782	43.08955216407776	1343144.5228437406	35.1935920715332	1342854.37601527	27.617541074752808	1342197.204038872	27.364288806915283	1341793.864406474	31.349273920059204	1338952.7835386095	
24.651296854019165	1343231.6693055832	42.04009461402893	1341238.5819725385	41.89396619796753	1343563.785411949	25.55899143218994	1336731.730044654	25.19672679901123	1342953.1754976334	43.114749908447266	1343125.748610594	35.221986532211304	1342865.763041335	27.63826632499695	1342206.2637968122	27.379427194595337	1341797.963933423	31.36429762840271	1338975.6898700416	
24.66797113418579	1343235.836762977	42.08461403846741	1341249.8967502627	41.92861485481262	1343561.9083524237	25.573009967803955	1336730.8202866956	25.225348711013794	1342823.144286436	43.13973784446716	1343171.8312315354	35.24751949310303	1342942.888697284	27.663857221603394	1342137.0440312838	27.39543604850769	1341774.8497317506	31.37780737876892	1339606.23085626	
24.68398404121399	1343212.3565453226	42.12658190727234	1341253.7659554114	41.967979431152344	1343561.2685264433	25.585517406463623	1336731.8743216766	25.25437331199646	1342827.2088034234	43.164878606796265	1343186.7365864823	35.27185773849487	1342933.6882256556	27.685185432434082	1342141.6621159075	27.40944790840149	1341785.7588753197	31.389821529388428	1339592.689267719	
24.697991371154785	1343223.3232009565	42.15488386154175	1341259.6713873774	42.01345634460449	1343482.0959447455	25.599024295806885	1335026.1781807973	25.285465717315674	1342607.9662051175	43.18950319290161	1343145.9763133244	35.30038595199585	1342947.0840427252	27.710209846496582	1342173.2981089903	27.422626972198486	1341816.5680139635	31.40333104133606	1339586.8063184868	
24.712101221084595	1343221.6362599027	42.178805351257324	1341264.1725245707	42.064512729644775	1343471.9718379893	25.612548112869263	1335076.4674888582	25.31566572189331	1342604.9226002258	43.21251440048218	1343148.0162793125	35.32707142829895	1342947.6577867249	27.73323369026184	1342202.088029925	27.435636520385742	1341787.3669264053	31.416756629943848	1339164.758239509	
24.729111194610596	1343215.1745751647	42.20358443260193	1341239.6357589832	42.11214327812195	1343510.6804395767	25.62805461883545	1335093.3801433516	25.341867446899414	1342603.8497117616	43.237064838409424	1343147.7686810626	35.35715889930725	1342937.4892194995	27.75336480140686	1342202.433637039	27.45014500617981	1341796.150432123	31.43077039718628	1339168.7674535655	
24.743605136871338	1343221.5936567462	42.228787899017334	1341233.127535604	42.15517258644104	1343516.4460365723	25.640576362609863	1335099.4743297128	25.362860918045044	1342601.6287146714	43.26235795021057	1343094.1856575408	35.38108038902283	1342927.5158033553	27.780033349990845	1342139.1264900228	27.462292194366455	1341800.9161037668	31.444278478622437	1339167.9109414585	
24.758119583129883	1343222.6110975682	42.25413680076599	1341248.4734178768	42.19176721572876	1343499.6610724633	25.653989791870117	1334938.661202631	25.38553023338318	1342588.1779730027	43.28514504432678	1343034.9544037217	35.40701484680176	1342984.8586542665	27.801514148712158	1342137.7262469742	27.476808309555054	1341788.9329954	31.459293127059937	1339167.8151496497	
24.771627187728882	1343562.2784795433	42.277106285095215	1341231.4644371506	42.232624530792236	1343495.4932467996	25.66849446296692	1334324.824434738	25.412798404693604	1342593.865050525	43.30978751182556	1343428.3020715592	35.43203330039978	1342887.9038571627	27.8233163356781	1342152.4764721892	27.490313053131104	1341758.363839957	31.472819566726685	1339172.2047877803	
24.787636280059814	1343516.2583869058	42.3018581867218	1341227.555443549	42.276057958602905	1343508.1397678154	25.68300771713257	1334318.0289065288	25.441856622695923	1342844.5290565144	43.33431434631348	1343428.8366670553	35.45808410644531	1342887.5198832077	27.846428155899048	1342148.180796089	27.50281834602356	1341781.9070436256	31.487608194351196	1339809.553160511	
24.80217480659485	1343490.0360209888	42.327194929122925	1341180.7816441583	42.311614751815796	1343512.2901377704	25.6978816986084	1333536.7853199118	25.469220399856567	1342589.3601112987	43.36228370666504	1343426.2543848858	35.48212194442749	1342886.5975497456	27.868579626083374	1342144.3523640078	27.515827178955078	1341813.5563939612	31.50165581703186	1339809.7790221514	
24.816072940826416	1343525.4474082845	42.35138130187988	1341158.5202192424	42.35233283042908	1343549.3357944344	25.711408853530884	1333532.5427467923	25.493708848953247	1342600.2159387947	43.391520500183105	1343411.571867874	35.50591063499451	1342895.1661557285	27.892486333847046	1342129.6860545874	27.531620979309082	1341806.1502974057	31.51516079902649	1339811.4542635966	
24.832909107208252	1343490.0307019227	42.37518620491028	1341165.0627839095	42.38610029220581	1343551.8323658174	25.724910259246826	1333597.9654052602	25.52723741531372	1342625.92536418	43.416041135787964	1343416.378787466	35.53344368934631	1342886.019208545	27.91599988937378	1342116.8311112109	27.553165435791016	1341792.449527257	31.52767014503479	1339814.2682732446	
24.848002910614014	1343476.4616840933	42.399736404418945	1341166.162915587	42.42613244056702	1343556.263047456	25.740926265716553	1333595.681539669	25.554215669631958	1342623.7413398102	43.43727898597717	1343422.2569468322	35.56567406654358	1342891.078388659	27.939515113830566	1342084.6580905584	27.57518768310547	1341794.6757123475	31.540693998336792	1339818.107933443	
24.864677906036377	1343469.4815883373	42.422518730163574	1341202.5484466571	42.463385343551636	1343562.811865945	25.75443434715271	1333594.5005607835	25.581465244293213	1342608.547067703	43.46164345741272	1343419.4802147914	35.59420824050903	1342897.3465048014	27.96169376373291	1342098.4362824948	27.597195863723755	1341771.1541488003	31.554218292236328	1339806.0722203865	
24.880686283111572	1343437.0991265338	42.446983337402344	1341212.1523857585	42.50100111961365	1343561.9715514837	25.767940044403076	1333611.7199069674	25.606128215789795	1342617.4537415921	43.48747754096985	1343387.5097821727	35.622326135635376	1342467.5921613886	27.984400510787964	1342094.9677653317	27.617206811904907	1341920.9001651716	31.567723512649536	1339738.177441299	
24.894193410873413	1343404.236552897	42.474438428878784	1341226.5495149998	42.54861855506897	1343531.6106065926	25.78295063972473	1333628.0033809647	25.6382052898407	1342612.0731311059	43.510897636413574	1343420.0697001768	35.653911113739014	1342522.6794360913	28.00541114807129	1342138.5439068144	27.638976097106934	1341921.58629517	31.582740545272827	1339711.26398543	
24.912792682647705	1343405.8069105332	42.49911689758301	1341221.1774359953	42.58967590332031	1343532.9014517167	25.797460079193115	1333997.9445059404	25.66716766357422	1342202.871044382	43.532636880874634	1343430.91342893	35.6897509098053	1342498.0128237426	28.026567935943604	1342109.2142311533	27.660667657852173	1341941.4773062344	31.59624457359314	1339713.6264768185	
24.926693439483643	1343405.3611104065	42.52580738067627	1341443.686169077	42.638325691223145	1343544.4237828725	25.81297993659973	1334414.3974345827	25.694428205490112	1342170.5177044799	43.561678647994995	1343425.6194952002	35.71828818321228	1342442.529207657	28.04257559776306	1342226.3683446029	27.682183504104614	1341970.4127665795	31.611259698867798	1339738.8244326045	
24.943538188934326	1343518.9318719013	42.55195331573486	1341397.7212900964	42.66291284561157	1343531.4203943738	25.82748770713806	1334431.2791609461	25.717449426651	1342172.018353102	43.586299657821655	1343444.9376980856	35.74999117851257	1342525.3878206129	28.058334827423096	1342267.770897253	27.708208799362183	1341845.5527562913	31.6247661113739	1339731.4067177584	
24.959058046340942	1343500.1035295515	42.576600790023804	1341404.641044319	42.68786931037903	1343515.431813872	25.842507362365723	1334478.3353548623	25.74451780319214	1342187.818878526	43.60932493209839	1343449.157078376	35.778934717178345	1342531.4640298188	28.073344469070435	1342178.523351066	27.730318069458008	1341800.4768360564	31.639273405075073	1339122.8550333173	
24.97456192970276	1343462.1273168034	42.60409474372864	1341278.89374034	42.71338391304016	1343453.6123637476	25.854668855667114	1334465.442598274	25.77391481399536	1342191.188956848	43.63691210746765	1343440.0998328037	35.81018686294556	1342522.0394093774	28.090056657791138	1342147.3295371954	27.75319266319275	1341794.609194477	31.653287410736084	1339117.2048895052	
24.99107837677002	1343461.118833389	42.627525329589844	1341313.203397142	42.73791432380676	1343471.9788232674	25.87168264389038	1335060.933772821	25.80398678779602	1342326.221738284	43.666027307510376	1343426.3472382117	35.83571720123291	1342521.0101820559	28.10456156730652	1342127.5980145142	27.778995037078857	1341807.3118171417	31.667794704437256	1339132.2232319142	
25.005597829818726	1343453.3104985128	42.65360188484192	1341289.9143373421	42.76301836967468	1343492.6544995	25.88542079925537	1335063.0053074078	25.830682516098022	1342324.8603810233	43.69240593910217	1343463.921243898	35.860759258270264	1342524.1664141226	28.120076179504395	1342140.7752889679	27.801271677017212	1341818.5687020756	31.68231463432312	1339134.739468787	
25.0176100730896	1343454.857626687	42.67743492126465	1341298.0414169815	42.78864908218384	1343492.6417129298	25.899367332458496	1335066.3976494344	25.85911273956299	1342351.947215622	43.71691942214966	1343481.0967714838	35.89458918571472	1342468.8201495078	28.133581399917603	1342162.0083645917	27.822750091552734	1341818.2583904318	31.69550395011902	1339119.282734225	
25.034804582595825	1343444.9018988102	42.7013041973114	1341349.0228977678	42.81366443634033	1343492.5759307374	25.91347646713257	1334542.9747156985	25.881319284439087	1342005.6994362106	43.74193501472473	1343483.4720716584	35.9281165599823	1342531.7142867034	28.14669394493103	1342150.6967490283	27.841761350631714	1341819.5157395499	31.707013607025146	1339135.7364561039	
25.051817655563354	1343503.4048819358	42.726070404052734	1341262.4729301732	42.84020948410034	1343466.142334268	25.926704168319702	1334474.2582637903	25.90648365020752	1342357.5785162323	43.76454567909241	1343476.204051834	35.95888638496399	1342337.6021107617	28.161669969558716	1342158.9295979398	27.865233898162842	1341875.0030874554	31.721031188964844	1339079.136388312	
25.066530227661133	1343509.659826702	42.74915933609009	1341292.2782261013	42.86152720451355	1343478.6790137605	25.942723989486694	1334476.2303614425	25.927494287490845	1342363.9682704355	43.7903618812561	1343479.1297244676	35.988945960998535	1342340.848305585	28.176677703857422	1342188.5897983075	27.89037775993347	1341883.8324781258	31.735042572021484	1339229.0796052872	
25.081541299819946	1343515.1029562266	42.774717569351196	1341272.6679724765	42.88605999946594	1343445.9442097575	25.95524787902832	1334672.221058664	25.955535411834717	1342347.1852523724	43.8143994808197	1343491.7830967808	36.01684594154358	1342346.2620977133	28.191879987716675	1342181.9818817694	27.91338801383972	1341911.6190893673	31.74936819076538	1339235.319082739	
25.09609293937683	1343539.6547649095	42.80131530761719	1341272.6890145955	42.91197609901428	1343451.3054979665	25.97100567817688	1334632.5114808674	25.978588581085205	1342347.7750069546	43.84197115898132	1343490.766931964	36.04310584068298	1342341.2204103377	28.207387447357178	1342170.8968168655	27.93459153175354	1341873.4161728364	31.764381885528564	1339209.2877458083	
25.110103607177734	1343524.0932257455	42.83460450172424	1341271.773436768	42.942503213882446	1343466.0537863618	25.98851442337036	1334623.6112433611	26.00471568107605	1342349.5512906637	43.87099552154541	1343508.3774346928	36.06907343864441	1342339.2297632874	28.221900701522827	1342169.9790440002	27.956140518188477	1341865.1801243937	31.776891469955444	1339190.3261152678	
25.12460994720459	1343513.6435282163	42.85913610458374	1341374.5092452543	42.973028898239136	1343443.6805826386	26.004530906677246	1334597.8012185702	26.02828025817871	1342034.6402220342	43.89706015586853	1343486.6262223222	36.09473013877869	1342349.997035627	28.236405611038208	1342164.4642603202	27.98420286178589	1341884.7207461456	31.79190969467163	1339157.937847967	
25.140128135681152	1343497.8887139675	42.88620376586914	1341374.6844910067	43.0012366771698	1343450.7995110326	26.021042346954346	1334600.1987042872	26.055472373962402	1342037.572876012	43.92457628250122	1343502.7297355125	36.12075328826904	1342346.4111703336	28.251416444778442	1342252.705871997	28.00739097595215	1341871.0649576893	31.806415557861328	1339687.6119946071	
25.15629267692566	1343513.7184263961	42.910258769989014	1341372.9627677565	43.029542207717896	1343444.4083618368	26.035547733306885	1334850.9977738392	26.081794023513794	1341711.5916311094	43.95609951019287	1343495.233256382	36.14683985710144	1342545.3922361797	28.265921354293823	1342238.5218772078	28.032477617263794	1341866.6952557596	31.819427251815796	1339711.762682999	
25.170302629470825	1343530.1094140909	42.93616771697998	1341353.0965419402	43.05312466621399	1343451.2507345164	26.04857325553894	1334885.98876105	26.105615615844727	1341718.5454074512	43.9816517829895	1343479.5361125278	36.1777024269104	1342417.5943574784	28.279930591583252	1342238.8268300549	28.0569908618927	1341880.2077835125	31.83408761024475	1339270.6792129893	
25.183807373046875	1343529.3942921173	42.96121525764465	1341297.3076732666	43.07916259765625	1343458.886382694	26.063291311264038	1334871.0534704137	26.129746198654175	1341727.3020448955	44.00817608833313	1343471.5545995964	36.207239866256714	1342460.5806936747	28.29614019393921	1342228.7199252278	28.082101106643677	1341874.4173858135	31.847596406936646	1339278.6952408962	
25.198816299438477	1343505.0930319848	42.98445415496826	1341293.863740249	43.10362148284912	1343463.7388628644	26.076843738555908	1334827.4853294613	26.15377402305603	1341725.824012693	44.03255605697632	1343423.7924651182	36.231775760650635	1342470.1276574815	28.311259269714355	1342229.455512437	28.104166746139526	1341884.7786710837	31.863131046295166	1339302.708033594	
25.21313190460205	1343543.9260485845	43.00761342048645	1341239.4596542586	43.12813687324524	1343465.5732342904	26.090856790542603	1333902.1828649417	26.178466320037842	1342437.6659038106	44.05997276306152	1343420.1634057232	36.2579505443573	1342475.6255434009	28.32963728904724	1342232.1977564003	28.126356601715088	1341888.3190634546	31.876150369644165	1339302.2337402173	
25.22636318206787	1343544.4079276796	43.03224182128906	1341265.9271248248	43.162654638290405	1343467.2634603232	26.104121685028076	1333564.563928332	26.202531814575195	1342841.1985822031	44.08701300621033	1343403.922144694	36.28179478645325	1342477.5450030244	28.34470558166504	1342167.7307641057	28.149596452713013	1341889.265631432	31.89034152030945	1339935.4640121239	
25.242037296295166	1343559.176931706	43.057498931884766	1341716.3890691423	43.190200328826904	1343443.2177840006	26.11813998222351	1333634.3516649045	26.230509519577026	1342845.9857484535	44.11404037475586	1343416.4128908424	36.3079047203064	1342478.1803592986	28.358868837356567	1342177.6481043627	28.171751499176025	1341892.8220560895	31.904640913009644	1339939.551311022	
25.256048917770386	1343586.1102691179	43.08024072647095	1341726.657322066	43.2132728099823	1343440.6268918961	26.131150245666504	1333630.6902742242	26.259907245635986	1342844.8220595017	44.14007115364075	1343404.629485847	36.33342885971069	1342756.9699171027	28.37488627433777	1342182.5821603055	28.194263458251953	1341893.860666295	31.919151306152344	1339945.621255585	
25.270058631896973	1343589.0570881455	43.10627484321594	1341722.1197909	43.241087675094604	1343443.8059289637	26.143659591674805	1333626.6986447556	26.285091400146484	1342804.2204872454	44.16839241981506	1343381.4633786331	36.3604736328125	1342757.995606569	28.38715934753418	1342191.9805646827	28.21257185935974	1341896.452466407	31.933167457580566	1339879.9177403487	
25.284565210342407	1343564.6814498857	43.1353235244751	1341717.6695982101	43.26925849914551	1343600.4110796489	26.15816617012024	1333634.4011476634	26.30860471725464	1342827.2145995703	44.19566750526428	1343382.678545253	36.38599991798401	1342762.5865061833	28.40316867828369	1342199.1097037885	28.236478090286255	1341879.1801869003	31.94795560836792	1339835.3089766991	
25.301576852798462	1343571.8323228878	43.157607078552246	1341737.2573338188	43.292781591415405	1343621.4470138096	26.172188758850098	1333704.1752396706	26.336139678955078	1342846.243808343	44.21823740005493	1343391.4524545895	36.415525674819946	1342769.4381097134	28.418402433395386	1342467.6179144836	28.258488178253174	1341885.4725343925	31.961968660354614	1339839.9173166992	
25.31672692298889	1343598.0110749209	43.18010973930359	1341761.9629132599	43.317293643951416	1343950.0891082594	26.187201499938965	1333694.7792351448	26.360658407211304	1342859.8302922368	44.24209666252136	1343393.8600217726	36.44216847419739	1342790.0548822077	28.431411266326904	1342475.5773495084	28.284041166305542	1341877.776705958	31.976478815078735	1339887.4210176256	
25.33373713493347	1343588.9397113235	43.20810842514038	1341762.9472490067	43.34130787849426	1343941.7868875095	26.203218698501587	1334860.78610078	26.386955976486206	1342860.9313417412	44.26928949356079	1343390.1747025365	36.46456742286682	1342753.1051182759	28.44591999053955	1342332.7484044847	28.30556035041809	1341887.9805253854	31.990021467208862	1339885.5322633274	
25.347941875457764	1343588.875380383	43.23006820678711	1341782.4789628612	43.36783170700073	1343952.794186477	26.215296268463135	1334862.9554238736	26.408509254455566	1342855.9279633434	44.29238724708557	1343377.267493731	36.488288164138794	1342755.0075195916	28.459933757781982	1342306.7869131851	28.33208394050598	1341892.517593256	32.002532720565796	1339913.5809735467	
25.3614559173584	1343607.2769497512	43.253987312316895	1341792.321260458	43.39152765274048	1343430.9348655858	26.231310844421387	1334857.8601729046	26.432659149169922	1342857.134444551	44.316906213760376	1343409.4397599748	36.51546573638916	1342745.78194359	28.473437547683716	1342332.2852840333	28.354598999023438	1341809.9317792794	32.01604652404785	1339918.7884670293	
25.375959873199463	1343598.8512273973	43.27693200111389	1341805.0929096367	43.41432595252991	1343435.4212065681	26.24538230895996	1334871.3595954038	26.458210229873657	1342831.885643584	44.34393119812012	1343408.6598579667	36.53850722312927	1342755.338507626	28.487444639205933	1342338.0350849307	28.378113746643066	1341793.4938667389	32.03106999397278	1339200.1798409233	
25.39009737968445	1343595.8475719963	43.300198554992676	1341969.9394021644	43.43984627723694	1343646.7268036003	26.260390996932983	1334859.1036294624	26.48187494277954	1342838.4705227173	44.36667776107788	1343356.8625336413	36.56857991218567	1342739.9329145574	28.501176834106445	1342353.1229338963	28.398192405700684	1341756.158031927	32.04457759857178	1339231.5476792909	
25.403603553771973	1343592.8703549388	43.324780225753784	1342017.287748481	43.464579582214355	1343654.1361501815	26.275901556015015	1334868.3974315096	26.50580930709839	1343148.1232076453	44.39495301246643	1343373.9932003007	36.59060764312744	1342746.9546197413	28.51518726348877	1342393.4896270847	28.420706033706665	1341731.667582986	32.05767846107483	1339236.561289036	
25.41895079612732	1343583.6579698925	43.35274791717529	1341999.6020284563	43.49068260192871	1343634.8152012546	26.291924715042114	1334874.1684317435	26.52832865715027	1342884.1364785926	44.420454263687134	1343404.397662927	36.615134954452515	1342750.375392925	28.528692483901978	1342395.8586089967	28.442715406417847	1341777.4056270702	32.07269287109375	1339233.2012038399	
25.434577465057373	1343577.8655500847	43.380287408828735	1342310.059992898	43.517210960388184	1343656.3556826792	26.307215929031372	1334883.9941019372	26.551918029785156	1342903.6486010333	44.44710683822632	1343397.9380639072	36.63690114021301	1342742.8980038138	28.54366111755371	1342396.8375162794	28.467231512069702	1341840.7712907533	32.08921504020691	1339225.3232725707	
25.447958946228027	1343593.7705705676	43.40534687042236	1342345.3734177004	43.54225015640259	1343458.269006446	26.321810245513916	1334864.7820188852	26.57609462738037	1342904.0685099657	44.47814631462097	1343389.2356630773	36.666468143463135	1342713.1359294064	28.558550357818604	1342398.0874135855	28.490747213363647	1341833.58474978	32.102450132369995	1339202.3222093917	
25.461589813232422	1343544.215673358	43.42949676513672	1342347.6075093974	43.566256284713745	1343488.9635356788	26.3353168964386	1334805.0754031637	26.603466749191284	1343041.5853938705	44.50769352912903	1343321.634940133	36.69461703300476	1342730.8937565836	28.572471857070923	1342406.5103614794	28.512755870819092	1341843.3657558083	32.119462728500366	1339210.1422448526	
25.478200912475586	1343355.438376166	43.455018281936646	1342313.579064778	43.58956742286682	1343492.448011823	26.352880001068115	1334782.8249399625	26.62953519821167	1343046.148116228	44.53170609474182	1343326.7011128238	36.71971845626831	1342151.1113302826	28.588285207748413	1342416.7443005433	28.535561323165894	1341851.32769242	32.133973836898804	1339215.89023075	
25.493716955184937	1343329.0272085066	43.47931957244873	1342348.067840801	43.63159108161926	1343494.0873709403	26.36839485168457	1334832.5604012078	26.654754638671875	1343070.654397034	44.5602285861969	1343320.4365382858	36.743572473526	1342157.8187948705	28.601293563842773	1342415.5550896602	28.556299209594727	1341857.0156966741	32.151737689971924	1339204.821971792	
25.508761167526245	1343323.889940965	43.50647950172424	1342355.6923930657	43.66057300567627	1343510.1258055961	26.38160276412964	1334457.3218658192	26.68011498451233	1343218.9496278267	44.58458089828491	1343320.9646032825	36.76586365699768	1342142.3975727123	28.615095853805542	1342417.477845167	28.577314376831055	1341835.9444711248	32.165244817733765	1339224.0976117803	
25.525771856307983	1343326.284823988	43.53005361557007	1342366.8371025342	43.68708801269531	1343511.0649394142	26.39884614944458	1336470.5106220178	26.705533266067505	1343219.403309392	44.615095138549805	1343312.106545877	36.78816032409668	1342173.904804494	28.627615451812744	1342422.875743489	28.59632635116577	1341845.8273600228	32.17925453186035	1339230.0778122034	
25.541292905807495	1343301.024363167	43.553974866867065	1342380.96952246	43.711196422576904	1343513.8117296363	26.414382696151733	1336515.1302112304	26.729746103286743	1343071.1154991481	44.64980101585388	1343296.727345128	36.815908908843994	1342180.4078136915	28.641624212265015	1342421.0189747782	28.61915135383606	1341839.6772197683	32.19676446914673	1339248.9347754747	
25.55338978767395	1343303.260501205	43.578490018844604	1342372.0487003871	43.73535680770874	1343330.2722198993	26.42889904975891	1334185.2077030968	26.753313064575195	1343073.4686241446	44.67886257171631	1343317.050909086	36.838433027267456	1342186.8855017887	28.656128406524658	1342399.5971891657	28.645697116851807	1341844.4340096794	32.211787939071655	1339248.9826091991	
25.56790804862976	1343338.4239349163	43.611472606658936	1342375.5140033597	43.76200532913208	1343321.5339753916	26.440916538238525	1334203.7497860687	26.776819229125977	1343049.4718742822	44.70087265968323	1343331.9414374097	36.8625590801239	1342847.7309963733	28.670138120651245	1342397.077297672	28.66870617866516	1341828.376520895	32.227295875549316	1339246.2156467815	
25.583421230316162	1343334.0846772543	43.6386821269989	1342312.5052332855	43.791339635849	1343286.4130921885	26.454187870025635	1334197.0008516884	26.804370403289795	1343197.4628704968	44.725974559783936	1343322.8087871915	36.89207458496094	1342829.3889260693	28.684665203094482	1342399.080137731	28.68872332572937	1341835.8967481065	32.242313861846924	1339229.194384444	
25.5979323387146	1343363.5227945943	43.66282796859741	1342311.292619086	43.81592631340027	1343287.9543344823	26.470202922821045	1334183.139457415	26.829104900360107	1343030.014666589	44.74998903274536	1343318.4327780101	36.91602849960327	1342833.3288195145	28.69956684112549	1342375.6467058414	28.708736181259155	1341820.2475562026	32.26032900810242	1340128.8074099708	
25.613940238952637	1343354.8060863975	43.689024448394775	1342281.2882076744	43.84068059921265	1343277.2140738878	26.486279487609863	1334183.8335093525	26.852118015289307	1343034.5872224506	44.775880336761475	1343332.4984197957	36.94106650352478	1342824.4959728452	28.71402931213379	1342380.0538080486	28.731199026107788	1341791.310730948	32.27637553215027	1340120.0304617407	
25.628259897232056	1343517.943926663	43.71333122253418	1342292.0670771375	43.86802816390991	1343274.394412867	26.501301288604736	1334208.4611344964	26.879066467285156	1343054.365395818	44.798898696899414	1343337.5484776732	36.96893906593323	1342143.3949073998	28.728535413742065	1342552.4444393674	28.752081632614136	1341803.3490204255	32.29120755195618	1340131.6362035596	
25.642775297164917	1343539.4952729263	43.736329317092896	1342290.189706854	43.89312696456909	1343258.3721176602	26.516523838043213	1334244.42700841	26.907424449920654	1343258.4863604386	44.82441759109497	1343339.2310503908	36.99246406555176	1342132.363983094	28.742664337158203	1342593.6795276513	28.774104356765747	1341809.1395577746	32.30771207809448	1339266.0921508141	
25.65986967086792	1343529.4074271417	43.76527428627014	1342288.0209091757	43.91830492019653	1343255.9021706248	26.53053617477417	1334563.6388681286	26.93108558654785	1342491.2759262263	44.84966564178467	1343171.7343212632	37.01949095726013	1342073.6870070377	28.757482290267944	1343310.0088244858	28.797128438949585	1341812.7208042757	32.32274079322815	1339253.8874794992	
25.674147844314575	1343537.107246473	43.789751052856445	1342310.0730681624	43.94231986999512	1343276.4081957366	26.54504919052124	1334563.1673123748	26.959643602371216	1342526.4112431505	44.87487554550171	1343170.0488148446	37.04007363319397	1342023.9611066894	28.773422718048096	1343305.2998790804	28.8223934173584	1341821.8612692032	32.33982276916504	1339188.6423312526	
25.68901038169861	1343544.7937009514	43.814626932144165	1341969.332958343	43.96584224700928	1343271.7672835218	26.55956220626831	1334556.474539079	26.98531937599182	1342532.1471521915	44.898890256881714	1343167.4805092586	37.067100048065186	1342084.3532703898	28.78759455680847	1342983.993481116	28.844421863555908	1341822.5061989764	32.35346746444702	1339180.2470155149	
25.703871250152588	1343544.0593809981	43.843435764312744	1341977.7175739554	43.99496245384216	1343265.7465573978	26.572575330734253	1334781.1755670805	27.008395195007324	1342466.3291967923	44.92741107940674	1343153.4208944116	37.09324908256531	1342298.503229867	28.800675868988037	1342977.549944561	28.867955446243286	1341821.4256297597	32.370489835739136	1339225.561781895	
25.717902421951294	1342827.7349238568	43.864662647247314	1341960.4794293356	44.02277898788452	1343262.2385238353	26.588082790374756	1334758.9122494748	27.031911849975586	1342488.7844635295	44.95242261886597	1343163.2556026021	37.119269609451294	1342250.5312097003	28.814687252044678	1342968.443672643	28.888126850128174	1341811.0542447264	32.38600444793701	1339240.7750186883	
25.732402563095093	1342830.3112874343	43.88689661026001	1341942.140364036	44.0470654964447	1343240.638712639	26.604101419448853	1334813.6051529557	27.055928230285645	1342493.3002555287	44.97778582572937	1343173.022454182	37.145752906799316	1342196.06755734	28.82969617843628	1342982.1445666684	28.91213631629944	1341794.2720130181	32.399017095565796	1339170.7277504008	
25.746238946914673	1342821.7428972246	43.91203474998474	1341494.3028033336	44.06975317001343	1343054.7273936295	26.616613149642944	1334874.8049028278	27.077457427978516	1342484.5958563555	45.00531792640686	1343188.0725046687	37.167173624038696	1342211.741482726	28.845200300216675	1343350.4573903922	28.9327175617218	1341809.0352541045	32.41253209114075	1339187.657787846	
25.760507106781006	1342772.0026361353	43.93499565124512	1341524.1594195054	44.09738349914551	1343058.9257504158	26.632630825042725	1334949.3411745492	27.10408592224121	1342480.4982795157	45.03225874900818	1343196.7268697084	37.19326066970825	1342214.2387901766	28.85870599746704	1342939.9826622724	28.959529399871826	1341805.5294532701	32.427040576934814	1339184.7586387855	
25.774521827697754	1342807.0997432214	43.95816159248352	1341525.234891382	44.11912655830383	1343062.1367789449	26.646831274032593	1334956.204845442	27.13083267211914	1342462.3357888542	45.05762505531311	1343180.7919421587	37.21672701835632	1342215.0108901972	28.873615264892578	1342952.1352396193	28.981041431427002	1341813.5268611116	32.44305491447449	1339198.9896179512	
25.790303468704224	1342817.4350859027	43.98241949081421	1341947.4899534322	44.14515256881714	1343026.646419378	26.660350561141968	1334969.066657137	27.163607597351074	1342437.3340168574	45.08483839035034	1343159.5642680328	37.239845275878906	1342892.6980486505	28.888374090194702	1342936.7015793428	29.00844120979309	1341810.9114238457	32.459065675735474	1339205.9810560092	
25.804179906845093	1342861.4940733034	44.00586414337158	1341951.8553598796	44.17617726325989	1343028.4785445672	26.67436647415161	1334994.308638152	27.18518900871277	1342439.3756289987	45.10836338996887	1343154.7889587004	37.26453495025635	1342876.5486842007	28.90488076210022	1342882.0941339287	29.03219771385193	1341832.1842624298	32.47507905960083	1339186.246797002	
25.819847583770752	1342854.5509389378	44.03071188926697	1341968.647474794	44.20041108131409	1341890.758280874	26.69037699699402	1334965.7295700652	27.209225177764893	1342158.3525342422	45.133878231048584	1343114.0520938141	37.29043531417847	1342855.8105411439	28.918823719024658	1342884.4673207223	29.05832552909851	1341851.7222946105	32.490392208099365	1339184.9048541822	
25.834022998809814	1342845.812596801	44.06148958206177	1341945.4747982211	44.22403860092163	1341882.5502765512	26.706400632858276	1335001.0673298715	27.234757900238037	1342194.2000878004	45.16195869445801	1343132.3667990966	37.32347393035889	1343186.094300353	28.93348240852356	1342882.7908855905	29.08438730239868	1341848.822689602	32.504905700683594	1339249.9773547635	
25.84602689743042	1342846.1099900922	44.088767766952515	1342175.827387299	44.24607992172241	1341894.0910646946	26.721412420272827	1334956.9464867688	27.256765127182007	1342198.1521665915	45.189014196395874	1343145.6316868595	37.350210428237915	1343090.1976976627	28.950993537902832	1342884.8782715173	29.10439944267273	1341847.144743978	32.519925117492676	1339263.0236483142	
25.86054563522339	1342893.9763639746	44.11240601539612	1342188.6572880675	44.27088689804077	1343102.4897456297	26.736921310424805	1334954.388416572	27.281283617019653	1342198.9814369464	45.211374044418335	1343150.218594476	37.37828707695007	1343087.982745232	28.96610164642334	1342916.187172922	29.12511897087097	1341848.154339661	32.53376293182373	1339268.7848236733	
25.875052213668823	1343367.248643099	44.137991189956665	1342166.34910088	44.29940390586853	1343113.5574172633	26.753446578979492	1334955.8658443107	27.305331468582153	1342739.9740644083	45.23489785194397	1343173.1877790475	37.4019341468811	1343093.4876456072	28.97927451133728	1342919.4256236474	29.14737629890442	1341849.768907809	32.54986023902893	1339205.2060291404	
25.888612270355225	1343310.8814761427	44.15938854217529	1342169.9781216376	44.32541251182556	1343095.2705064286	26.7666118144989	1334965.050068552	27.332852125167847	1342743.1022489122	45.26078224182129	1343148.969666123	37.42850947380066	1343096.1102017972	28.993781089782715	1342907.8724909902	29.17446208000183	1341848.7617465656	32.564759492874146	1339208.1099923418	
25.903639793395996	1343332.5395898735	44.185141801834106	1342182.1628012394	44.35182428359985	1343123.0773986669	26.78162407875061	1334973.0034438754	27.36188769340515	1342748.9776186803	45.28544473648071	1343133.911090786	37.453181743621826	1343106.0156772172	29.007285594940186	1342909.899929734	29.196691036224365	1341830.6752934828	32.57827019691467	1339161.1379699833	
25.918707370758057	1343329.4428259141	44.209306478500366	1341735.5018809577	44.37885856628418	1343214.2879949426	26.796143531799316	1334973.011313958	27.386857271194458	1342765.1307358418	45.311076402664185	1343179.34684883	37.47610259056091	1343106.0766682152	29.021799564361572	1342910.0528286519	29.221877336502075	1341865.1608902116	32.59328532218933	1339135.5850349583	
25.932775259017944	1343339.7321993771	44.234496116638184	1341697.6333407238	44.404847621917725	1343216.2776981443	26.812538146972656	1335169.9969894984	27.413651704788208	1342779.0822672318	45.33560299873352	1343184.259270185	37.49911451339722	1343105.6232191308	29.033302783966064	1342940.6575824497	29.247060775756836	1341872.3623673327	32.60781407356262	1339156.5820887962	
25.94528341293335	1343338.0420800583	44.25738716125488	1341686.3765775491	44.431363582611084	1343223.1357962883	26.827043056488037	1335171.7558247165	27.436672925949097	1342771.6907588972	45.36062502861023	1343194.416136942	37.52444767951965	1343104.9438481776	29.046807765960693	1342974.2067601692	29.268074989318848	1341822.571219844	32.62253785133362	1339124.279613365	
25.959527492523193	1343350.7606534713	44.28184509277344	1341715.625432629	44.45758533477783	1343269.3040659113	26.843560218811035	1334760.5870890492	27.46184253692627	1342758.8477362243	45.3869891166687	1343215.0121775554	37.54948306083679	1343087.8764975064	29.062819480895996	1342908.3262996667	29.2905912399292	1341827.4588386742	32.63604545593262	1339197.3719432855	
25.974031448364258	1343340.0072767672	44.30771207809448	1342434.2574575802	44.483601570129395	1343294.2823189534	26.858743906021118	1334755.801407973	27.488543033599854	1342800.493113116	45.421509742736816	1343223.0192427451	37.57394242286682	1343092.2800435752	29.07732367515564	1342905.391290502	29.31468629837036	1341817.2061816398	32.651578426361084	1339310.5562833415	
25.988689422607422	1343342.7175843376	44.34021520614624	1342451.706293347	44.50711464881897	1343299.5388201019	26.87175989151001	1334763.7468126141	27.514692783355713	1342808.4091825015	45.45006513595581	1343206.164294454	37.61029577255249	1343107.597569523	29.09168767929077	1342903.5536800972	29.3434796333313	1341824.5252313556	32.667088747024536	1339238.240061059	
26.00191569328308	1343332.124382306	44.367263317108154	1343604.1469109536	44.53313231468201	1343312.0002259938	26.887267112731934	1334817.3704942833	27.538804531097412	1342877.9502971687	45.47509813308716	1343206.4819910675	37.632819414138794	1343135.341326172	29.106192350387573	1342896.1711903713	29.36811661720276	1341885.3641938714	32.68360781669617	1339233.1754195704	
26.016229391098022	1343323.419543507	44.39075064659119	1343602.4669807784	44.55934023857117	1343523.652434977	26.9015474319458	1334808.7992241888	27.56508493423462	1342879.8738457707	45.50174355506897	1343210.3982148874	37.655046701431274	1343136.6840625457	29.11970615386963	1342879.3208106784	29.39063024520874	1341878.44114969	32.702317237854004	1339235.6612477181	
26.029171466827393	1343329.5370150863	44.41979718208313	1343591.7450388975	44.58441162109375	1343513.1832170766	26.915233850479126	1334809.3919298435	27.59224009513855	1342861.7640525796	45.52941274642944	1343208.9178679066	37.68681240081787	1342848.872838858	29.134825229644775	1342891.519655636	29.411511182785034	1341896.113746277	32.7178258895874	1339252.3685979838	
26.043679237365723	1343328.2053352066	44.44708013534546	1343597.648490496	44.6101336479187	1343499.0180377285	26.931241512298584	1334806.5326843644	27.61976981163025	1342847.561934687	45.552427530288696	1343204.6652199207	37.71331262588501	1342832.4411781738	29.149832487106323	1342883.2524519581	29.436060428619385	1341905.5926833753	32.735371589660645	1339259.2632570153	
26.05768394470215	1343303.9634114583	44.472928285598755	1343600.5353630406	44.6371636390686	1343503.141765995	26.94775128364563	1334815.0947514593	27.647359609603882	1342840.3012220904	45.5818076133728	1343210.174667482	37.738972663879395	1342864.7213467087	29.16352891921997	1342869.2543240879	29.462071895599365	1341928.5059140034	32.74950361251831	1339801.6846638606	
26.07234764099121	1343304.0622297402	44.4973464012146	1343599.1738318664	44.6614134311676	1343518.6204499784	26.964771270751953	1334822.9984582767	27.680460453033447	1342835.278468071	45.60832214355469	1343215.6092168698	37.76337122917175	1342888.9418381976	29.180007934570312	1342784.0646138182	29.488096952438354	1341931.7022671704	32.765523195266724	1339758.7231680844	
26.08912491798401	1343143.8721040587	44.5204873085022	1343610.308225924	44.685426235198975	1343523.114074097	26.97927689552307	1334962.3391587674	27.70612406730652	1342842.6972679095	45.639355421066284	1343341.9017256638	37.78790497779846	1342888.6096047082	29.193512439727783	1342776.5176965885	29.512109756469727	1341935.5856508198	32.77953267097473	1339755.9780693718	
26.102630138397217	1343142.8725391047	44.54526877403259	1343621.7373541791	44.714948654174805	1343522.8935830893	26.994298219680786	1334919.81501667	27.73346757888794	1342855.7382287043	45.67980980873108	1343323.161221284	37.814425468444824	1342978.5483366067	29.207016706466675	1342789.8668088987	29.53945255279541	1341916.8623638102	32.795058250427246	1339778.0787567	
26.11863684654236	1343144.052688373	44.56850838661194	1343605.584765061	44.738463401794434	1343547.3164908516	27.008804321289062	1334917.4087204614	27.758981943130493	1342859.524559054	45.70632719993591	1343304.881633764	37.843189001083374	1342931.1473196403	29.22153067588806	1342782.050625685	29.56032967567444	1341903.7970332988	32.81007194519043	1339742.778261765	
26.13214087486267	1343040.587416752	44.59160757064819	1343611.6725426884	44.76247525215149	1343548.2310346533	27.022326946258545	1334900.5407384976	27.790331602096558	1342863.3984874878	45.7350549697876	1343269.1178535237	37.8706533908844	1342940.4970560307	29.237035274505615	1342793.229264543	29.58232831954956	1341917.6462927393	32.82457709312439	1339761.8928954524	
26.146328449249268	1343023.2768773285	44.63100624084473	1343606.28432889	44.78879976272583	1343540.3054534837	27.03683376312256	1334899.5970423613	27.81432271003723	1342877.8278548182	45.76669144630432	1343295.8075934465	37.89588809013367	1343033.9784101222	29.252044677734375	1342790.4005052329	29.60233783721924	1341903.499813878	32.83808946609497	1339764.157111405	
26.161510467529297	1343002.42589715	44.66478943824768	1343771.5542192191	44.81231641769409	1343524.3819616213	27.052016735076904	1334950.738146759	27.842604637145996	1343096.8108471213	45.80370569229126	1343277.7329392342	37.922412395477295	1343010.187611932	29.266550302505493	1342799.3088759352	29.628077268600464	1341901.0626385817	32.85362124443054	1339750.584603915	
26.175019025802612	1343128.1739463245	44.69275522232056	1343762.4939175034	44.83672761917114	1343523.1792436177	27.0675265789032	1334954.878642839	27.864769220352173	1343099.0067536635	45.831828594207764	1343275.2411417346	37.94853091239929	1343033.663542535	29.279090642929077	1342851.0144843666	29.652087688446045	1341902.7568172626	32.8696346282959	1339749.6708874558	
26.19103717803955	1343115.021197449	44.72682070732117	1343554.682830902	44.86299705505371	1343536.114438747	27.081544160842896	1334918.0637300403	27.893561363220215	1342489.5488640445	45.86199617385864	1343277.2843877885	37.98081064224243	1343032.543786576	29.295256853103638	1342856.9185293547	29.672895431518555	1341917.420687223	32.886651039123535	1339818.670990863	
26.20605182647705	1343126.183704192	44.753692388534546	1343455.6065413195	44.88604712486267	1343528.7449472395	27.095555305480957	1334893.5275774766	27.919186115264893	1342503.559690204	45.88901901245117	1343270.9639812675	38.00730562210083	1343044.2341612272	29.310134172439575	1342867.081225915	29.699409246444702	1341817.3793873086	32.899365186691284	1339851.3355429021	
26.220080375671387	1343153.5866907537	44.779064655303955	1343449.0295840767	44.908058881759644	1343549.6070581337	27.112290859222412	1334905.8003284184	27.949486255645752	1343236.5630386746	45.91897416114807	1343280.2668087736	38.03294825553894	1343023.5830288595	29.324930429458618	1342852.6160365145	29.720418691635132	1341810.4039580217	32.91559147834778	1339850.1822737134	
26.233585119247437	1343161.6859971196	44.804394483566284	1343441.0089829452	44.93107843399048	1343582.4623117032	27.12846541404724	1334892.2191557025	27.973170280456543	1343241.7404686618	45.95008420944214	1343278.904902143	38.06074571609497	1343423.1208903922	29.339937686920166	1342921.910709	29.737438201904297	1341820.5385939039	32.93150520324707	1339303.8132859687	
26.246094226837158	1343158.9879071587	44.83007550239563	1343494.7352953497	44.95410490036011	1343318.7253763108	27.143483638763428	1334874.2924911254	27.997697114944458	1343254.2261196654	45.98286485671997	1343050.4794515504	38.08283066749573	1343390.657301064	29.355474948883057	1342923.5159934263	29.760563373565674	1341830.1901428308	32.94470977783203	1339326.8505165668	
26.260616540908813	1343159.8880859034	44.85391902923584	1343442.2104991626	44.97915029525757	1343314.206327014	27.158987760543823	1335088.7675592427	28.02876091003418	1343272.7563820854	46.008888483047485	1343088.1392830636	38.10844659805298	1343381.586638603	29.371164321899414	1342927.2563185352	29.78007698059082	1341834.5129852192	32.95994853973389	1339331.8082716735	
26.274124145507812	1343162.3192666236	44.879462242126465	1343815.3528811564	45.00505566596985	1343310.8877955049	27.17400097846985	1335069.5610371425	28.05827522277832	1343272.1565255802	46.03962206840515	1343098.8924321197	38.13206672668457	1343414.2335736626	29.386762857437134	1342866.0948084863	29.80466914176941	1341909.2416886925	32.974456787109375	1339337.1550112453	
26.288142204284668	1343082.5571054	44.903255224227905	1343834.3648791795	45.03487181663513	1343302.512817421	27.189512014389038	1335090.2801649936	28.080791234970093	1343269.703643443	46.06483578681946	1343107.9834209653	38.1569459438324	1343414.2335736626	29.400713682174683	1342960.1628729394	29.829486846923828	1341902.9704266933	32.989469051361084	1339345.2887146147	
26.301650762557983	1343088.2408749887	44.932188987731934	1343726.8313792516	45.062846660614014	1343311.0762139272	27.205527305603027	1335094.7401655547	28.10530996322632	1343264.8087468403	46.090543031692505	1343110.6326348812	38.18319058418274	1343412.386187158	29.41440510749817	1342965.8899807078	29.857003450393677	1341891.1854546724	33.00498294830322	1339260.852908947	
26.316154718399048	1343085.8546165663	44.95443058013916	1343728.5262127228	45.090367555618286	1343320.6358333747	27.221076488494873	1335099.2196430303	28.14135503768921	1343264.4803024319	46.1172456741333	1343100.9234419118	38.212289333343506	1343399.878632966	29.42841362953186	1342962.6267387804	29.881528615951538	1341931.1197232183	33.0189905166626	1339269.498438077	
26.331165552139282	1343087.034817807	44.98046588897705	1343723.9063350174	45.116883754730225	1343318.5987972622	27.236588716506958	1335131.381475157	28.164870262145996	1343271.8945765954	46.142268657684326	1343284.6419596625	38.23407959938049	1343401.3350785074	29.442920684814453	1342960.3927912437	29.90675187110901	1341964.0293314145	33.035508155822754	1339287.6286455244	
26.34617590904236	1343096.8934293617	45.00548338890076	1343709.849199653	45.1429009437561	1343304.8013559186	27.251107692718506	1335147.582574318	28.197174310684204	1343263.324951464	46.166808128356934	1343136.5256231413	38.26062488555908	1343408.0186075973	29.458929538726807	1343023.5836831199	29.927289962768555	1341903.353604064	33.04901385307312	1339288.6758433299	
26.359949111938477	1343096.814925755	45.028459787368774	1343730.9816441622	45.167455434799194	1343255.2681892756	27.266336917877197	1335250.6159430747	28.226304292678833	1343265.2410283543	46.19189643859863	1343126.8617088948	38.28787708282471	1343401.5545409464	29.474435091018677	1343025.716770028	29.947914123535156	1341909.770521523	33.06553292274475	1339276.5919599817	
26.37345314025879	1343085.4215969262	45.051600217819214	1343722.931317	45.19481945037842	1343271.7372414705	27.282356023788452	1335224.8267372511	28.25592613220215	1343245.5397200633	46.2150342464447	1343135.6025917465	38.316505670547485	1344133.0657449344	29.489526510238647	1343026.279534213	29.9724280834198	1341896.2422954193	33.08015036582947	1339295.0782338001	
26.387959241867065	1343086.5379445439	45.07745099067688	1343712.4729570344	45.22233271598816	1343254.3695829515	27.297369718551636	1335214.2283090842	28.280487537384033	1343209.9697386639	46.23824977874756	1343129.640741825	38.34261918067932	1344130.8358569094	29.50403070449829	1343292.9884308206	29.997483491897583	1342453.633032575	33.096105098724365	1339283.07786942	
26.402968168258667	1343117.5180750203	45.103371143341064	1343704.6618689878	45.25460076332092	1343235.261037876	27.311568021774292	1335228.2952504696	28.3055260181427	1343188.5919052942	46.26221227645874	1343121.928254679	38.370559215545654	1344300.1415871466	29.519546508789062	1343560.0539836653	30.01945471763611	1342463.2589418238	33.11312437057495	1339201.8694218835	
26.417648553848267	1343070.252947166	45.12895202636719	1343653.8051119717	45.27925705909729	1343243.1279396685	27.32607412338257	1335234.2667411487	28.33332896232605	1343188.4402865162	46.284367084503174	1343033.6602719962	38.397611141204834	1344315.9189163938	29.533051252365112	1343570.287979414	30.04532480239868	1342466.9218102	33.13314199447632	1339214.6770631159	
26.43115520477295	1343065.2866569737	45.15465784072876	1343703.4805656841	45.30615592002869	1343239.285516245	27.339587926864624	1335593.9094861075	28.358480215072632	1343123.8989303773	46.309378147125244	1343019.4072259525	38.424530029296875	1344149.5719221798	29.550058603286743	1343112.412755691	30.06867265701294	1342466.2872650046	33.14787149429321	1339207.565427439	
26.445713758468628	1343054.9877435393	45.180461168289185	1343690.456143039	45.33117151260376	1343332.4545066974	27.35764789581299	1335580.4724296252	28.383659839630127	1343125.127911299	46.334898233413696	1343216.3559193395	38.45596504211426	1344157.9598898059	29.56554341316223	1343099.9170382593	30.091404676437378	1342484.8253039457	33.16239285469055	1339221.7046699312	
26.45875644683838	1343056.2651731498	45.20647740364075	1343724.8351195217	45.35418343544006	1343334.282272483	27.37265944480896	1335588.2468842668	28.415650129318237	1342944.8371146612	46.36016893386841	1343257.255374523	38.48076629638672	1344163.1225013202	29.581238746643066	1343098.3578021636	30.114914894104004	1341902.8316195884	33.17789816856384	1339191.633460954	
26.472264528274536	1343055.556587359	45.22947645187378	1343720.8749604945	45.380226850509644	1343329.3687157219	27.387165784835815	1335582.924619082	28.44383215904236	1342952.2212403363	46.38487100601196	1343259.3020547384	38.50831842422485	1344174.8124364838	29.596669673919678	1343080.932990633	30.139596223831177	1341966.804011249	33.190919399261475	1339261.9019458194	
26.487006425857544	1343081.2186719424	45.25307059288025	1343698.9559400023	45.40710210800171	1343306.1056795502	27.40317988395691	1335545.0172526492	28.47068953514099	1342953.900685749	46.4088830947876	1343261.5477606088	38.53710627555847	1344173.7756026008	29.612412214279175	1343091.4184389669	30.16430354118347	1341966.0417193063	33.207425117492676	1339170.7173681117	
26.502691745758057	1343092.0050425192	45.27532625198364	1343701.866806968	45.43511438369751	1343278.2061169012	27.41976046562195	1335374.1033823604	28.502536296844482	1342945.6357705635	46.43737292289734	1343048.0469985846	38.560232639312744	1344165.5654315895	29.62691640853882	1343087.6784603319	30.188966274261475	1341927.6716831315	33.22143840789795	1339176.7815423785	
26.516196966171265	1343041.2175140658	45.29994201660156	1343710.6269131436	45.46261930465698	1343215.3366167075	27.435776710510254	1335365.2628271678	28.53157353401184	1342954.4339641475	46.46010398864746	1343052.094268479	38.58531880378723	1344122.4924315417	29.64292550086975	1343035.5152016762	30.21212673187256	1341901.1634786068	33.237945556640625	1339175.5889266573	
26.530213832855225	1343036.6430782718	45.32181644439697	1343096.5265792757	45.48865461349487	1343199.2995976831	27.451295614242554	1335357.1617268287	28.558783292770386	1342961.5014452182	46.48290729522705	1343049.4532897833	38.60842299461365	1344098.4061107521	29.658952236175537	1343013.964253813	30.234946250915527	1341893.4883874706	33.25346779823303	1339165.3407022476	
26.544732332229614	1343047.1849403433	45.34546422958374	1343116.7512962862	45.51617670059204	1343217.386293533	27.466551542282104	1335357.6466992702	28.589523315429688	1342997.400780733	46.5094256401062	1343044.2063373679	38.633100271224976	1344076.9457944822	29.675459146499634	1342954.3181293998	30.255956411361694	1341900.4870501333	33.269479513168335	1339154.9902350027	
26.558246850967407	1343050.2265632788	45.37065076828003	1343096.3686066745	45.544384479522705	1343168.7804570824	27.483563899993896	1335367.971818886	28.619924783706665	1343000.963264102	46.53394532203674	1343039.7442860038	38.65963625907898	1344082.9719965577	29.689865112304688	1342931.1670334723	30.27647066116333	1342885.6330865917	33.28364849090576	1339157.0197869723	
26.573759078979492	1343039.7988015662	45.39553165435791	1343098.2223040115	45.57365345954895	1343022.3242941585	27.498578786849976	1335401.8149330567	28.64445924758911	1342986.937070911	46.55695724487305	1343035.2305228931	38.69606137275696	1344106.8504997143	29.70337152481079	1342961.5544568277	30.297481060028076	1342858.7547356084	33.29885506629944	1339159.8691306552	
26.587114810943604	1343065.8026195415	45.41989469528198	1343133.6260508564	45.602811098098755	1343035.2332433655	27.51173210144043	1335400.541742107	28.67159342765808	1343046.923663243	46.585493087768555	1343028.53554779	38.719781160354614	1344120.2575375251	29.720518589019775	1342959.7487984714	30.317489624023438	1342868.2918410006	33.314629793167114	1339174.9896657	
26.600820302963257	1343073.4209053838	45.44576072692871	1343134.3530120272	45.63434052467346	1343011.2564300294	27.527236223220825	1335399.3964670596	28.695297718048096	1343049.8439218304	46.61251187324524	1343072.4316425142	38.74321627616882	1344117.345932518	29.735522270202637	1342424.4308773717	30.33881378173828	1342909.1471366198	33.33064341545105	1339167.0697270287	
26.6163330078125	1343099.8190484145	45.468652963638306	1343127.7421858262	45.661792516708374	1343021.5882114184	27.541247129440308	1335398.0850980666	28.72343134880066	1343358.1457742471	46.63803267478943	1343068.4395602234	38.77213525772095	1344103.190792908	29.749532461166382	1342417.446661648	30.36159658432007	1342937.5299572016	33.34666037559509	1339161.44025104	
26.631112575531006	1343106.0763133548	45.494420766830444	1343134.6863619923	45.688807249069214	1343055.0907188978	27.55675745010376	1335377.6199841746	28.750495433807373	1343366.7006641864	46.664466381073	1342950.175179138	38.797160387039185	1344104.5197821658	29.764894723892212	1342428.1129828223	30.38462543487549	1342923.4739861724	33.36218309402466	1339120.7861287957	
26.64561939239502	1343101.7949251698	45.5179398059845	1343143.1270473825	45.71732473373413	1343020.2914380394	27.571778059005737	1335354.7115864004	28.777546167373657	1343379.686559002	46.68843102455139	1342953.1253191666	38.82368755340576	1344120.4260114667	29.781118631362915	1342040.9352251703	30.405638217926025	1342910.8707972195	33.37768888473511	1339131.9700869878	
26.660133361816406	1343103.0320782657	45.54191446304321	1343144.0106236127	45.74235153198242	1343027.1645800562	27.58846116065979	1335367.5173075742	28.808568477630615	1343396.7814179193	46.71198320388794	1342908.0638294946	38.849215030670166	1344124.3612545808	29.79539442062378	1342023.3666812382	30.429831504821777	1342908.624310076	33.39370632171631	1339123.3089869504	
26.675641298294067	1343081.1802128458	45.567421436309814	1342082.3220093863	45.76927876472473	1343037.6269902515	27.60598134994507	1335383.036576424	28.836609601974487	1343402.7023730124	46.738112926483154	1342913.6819316365	38.87495684623718	1344136.9639396705	29.81040620803833	1342020.067719588	30.45434331893921	1342953.0159767985	33.40921592712402	1339119.7482351945	
26.68966031074524	1343069.9695451122	45.592949867248535	1342058.6661047402	45.79656910896301	1342981.9340546178	27.621527671813965	1335380.0620286583	28.865126609802246	1343372.0482956865	46.7651481628418	1342681.8495459754	38.90523052215576	1344108.2935547507	29.826414585113525	1342051.2290099207	30.48036003112793	1342938.5822042634	33.42424130439758	1339089.2851813699	
26.702666521072388	1343066.575966625	45.61926198005676	1342045.976717968	45.822582483291626	1342987.3019609791	27.63803482055664	1335385.9780681345	28.893723964691162	1343402.0123464887	46.788469314575195	1342682.0177325348	38.93126320838928	1344118.2814492958	29.840423583984375	1342066.9338013418	30.502838134765625	1342935.2153169087	33.44025635719299	1339088.061921057	
26.716172456741333	1343071.8923202984	45.64765119552612	1342064.4101918165	45.84960651397705	1342992.6683786786	27.65455961227417	1335785.6389758608	28.919713497161865	1343397.5530218	46.814921140670776	1342648.32777992	38.9578583240509	1343741.2931730985	29.85592746734619	1342101.631360381	30.528634309768677	1342925.7597342527	33.45627307891846	1339073.2058528988	
26.73018717765808	1343073.3155748153	45.676899433135986	1342087.7153885658	45.875	1343441.9518649743	27.672260999679565	1335689.7967109152	28.94546341896057	1343415.619033064	46.83894395828247	1342649.2267302498	38.982263803482056	1343738.616022259	29.870936393737793	1341993.6182821488	30.549192667007446	1342931.7879065606	33.471577644348145	1339096.2935271957	
26.743782997131348	1343079.7956040788	45.701801776885986	1342085.0582535197	45.899534463882446	1343513.697094631	27.687767028808594	1335704.4956417347	28.975136041641235	1343426.5990221219	46.86720395088196	1342473.9409214426	39.006224393844604	1343256.006727631	29.885945081710815	1341997.6267701692	30.572781801223755	1342921.5602105828	33.48759174346924	1339096.148842248	
26.75812840461731	1343063.890536948	45.72574019432068	1342078.0518955693	45.927058696746826	1343522.7680826066	27.703909635543823	1335886.8061100913	29.004441022872925	1343382.1062409584	46.89137148857117	1343187.243303491	39.03124260902405	1343340.6497555503	29.904709815979004	1342014.8220844301	30.596307039260864	1343150.266110246	33.50233268737793	1339113.2560627311	
26.771635055541992	1343062.3904261694	45.74939799308777	1342093.6133275386	45.95107340812683	1343499.6171313499	27.722649574279785	1335860.7324622096	29.03296732902527	1343317.925438068	46.916139125823975	1343144.2146281179	39.06660532951355	1343338.8997544786	29.919870615005493	1342013.0279307202	30.621498107910156	1343159.7957527353	33.52034521102905	1339157.3273065495	
26.786138772964478	1343042.5415960476	45.77570605278015	1342148.3085178025	45.97609066963196	1343479.0527182661	27.739153623580933	1335868.0579335038	29.058484315872192	1343341.0765868865	46.94141244888306	1343146.038169544	39.09184551239014	1343352.163466956	29.936378240585327	1341997.1309956883	30.646013736724854	1343140.6175806604	33.534852504730225	1339166.0247387453	
26.802350521087646	1343045.0818527115	45.80132341384888	1342131.136116864	46.002346992492676	1343298.6148711601	27.75717067718506	1335498.640105802	29.08700704574585	1343478.2575501122	46.966176986694336	1343150.2388002756	39.115824460983276	1343355.820771257	29.951435804367065	1341998.0320234261	30.669023275375366	1343449.0077562898	33.54920840263367	1339355.87029114	
26.815578937530518	1343072.8593525006	45.82370710372925	1342138.0364259854	46.02987575531006	1343325.6748051776	27.772191286087036	1335493.7574573015	29.115010499954224	1343467.1099540368	46.98978042602539	1343149.4930948028	39.143996238708496	1343781.7600329646	29.964449882507324	1341999.1764634915	30.69253396987915	1343455.7422588822	33.56422567367554	1339354.9776795504	
26.830810546875	1343071.9388389827	45.846710205078125	1342483.8268205014	46.05198955535889	1343329.5780306843	27.786698579788208	1335518.6688893319	29.139538764953613	1343452.309477901	47.0139799118042	1343188.3303370904	39.16865277290344	1343785.5804934883	29.978508472442627	1342106.661241809	30.71804690361023	1343465.5336417318	33.57923626899719	1339354.1338242856	
26.845592737197876	1343134.3372475621	45.870880365371704	1342231.6941168576	46.078524351119995	1343314.5869386853	27.805590867996216	1335533.6841772685	29.162132501602173	1343456.8950188227	47.041954040527344	1343191.5786457667	39.194316148757935	1343798.8526174284	29.99369478225708	1343287.0058429085	30.740414142608643	1343473.32506236	33.59674644470215	1339358.8878678554	
26.860801458358765	1343125.8754158618	45.894516468048096	1342229.303516652	46.10286045074463	1343328.1540831018	27.821784019470215	1335532.417000565	29.193912029266357	1343214.0131259484	47.07113552093506	1343198.4788127386	39.220340728759766	1343795.260280972	30.007099151611328	1343287.1386061255	30.76492667198181	1343497.566335039	33.61276197433472	1339365.6163010662	
26.87630558013916	1343136.100757909	45.92599868774414	1342255.621432961	46.12914276123047	1343294.2721630228	27.83729076385498	1335498.4490322846	29.219430923461914	1343206.6673379987	47.09994959831238	1343290.7476375871	39.24400353431702	1343772.5209030053	30.024349212646484	1343792.6745119665	30.788219928741455	1343496.0084814657	33.6283061504364	1339313.3317922764	
26.890431880950928	1343005.9276736965	45.95141243934631	1342256.103896391	46.15867328643799	1343382.5080966824	27.852818965911865	1335481.5889138742	29.246445178985596	1343185.632567544	47.126264572143555	1343444.06410539	39.267974853515625	1343805.5973239387	30.03989839553833	1343767.1077946573	30.812807321548462	1343498.8451479934	33.64643859863281	1339362.2683225921	
26.909441232681274	1343022.3946167096	45.973939418792725	1342248.1913350166	46.18772339820862	1343387.1084042143	27.867995023727417	1335370.8581600173	29.270979166030884	1343149.4374797049	47.150299310684204	1343482.985324974	39.29385828971863	1343805.5947395356	30.0554039478302	1343779.6358055195	30.835622787475586	1343507.277492082	33.65996193885803	1339354.9231119575	
26.922945261001587	1342907.7496561757	45.997822761535645	1342171.888999419	46.21524405479431	1343400.7679974157	27.88301420211792	1335361.8387836572	29.298492193222046	1343155.7138129838	47.17437195777893	1343280.4614060381	39.31591606140137	1343823.7679520072	30.069945573806763	1343780.0710989858	30.862027406692505	1343467.120236986	33.676414251327515	1339352.9995984363	
26.93795347213745	1342910.2639523267	46.0213508605957	1342180.0988332347	46.23975706100464	1343361.2372436044	27.895522594451904	1335020.6971800309	29.32677173614502	1343156.9152289266	47.19911599159241	1343249.030871353	39.337440729141235	1343841.0573530584	30.084965229034424	1343837.4582869855	30.885107040405273	1343461.7048356526	33.69056558609009	1339392.1780464142	
26.95366907119751	1342887.3764622188	46.04731297492981	1342168.4707143232	46.26356863975525	1343364.325228181	27.910727977752686	1335028.8041500952	29.353294849395752	1343142.717391979	47.22424864768982	1343253.448305746	39.369216203689575	1343508.7127937186	30.099640130996704	1343773.8193753131	30.913118600845337	1343471.5864097911	33.70607233047485	1339389.9883738006	
26.969714403152466	1342916.0413674396	46.07331609725952	1342163.1412993849	46.28956723213196	1343197.5096095738	27.926241397857666	1335030.3187707916	29.381319999694824	1343169.0662049914	47.24873661994934	1343257.3278201553	39.40324854850769	1343501.6301862993	30.115654230117798	1343738.4790948292	30.934386253356934	1343473.01084863	33.72112488746643	1339394.4643692235	
26.984721660614014	1342919.9479137934	46.10229468345642	1342160.8407668977	46.317089796066284	1343201.5942310987	27.94177484512329	1335150.6727661854	29.412856578826904	1343160.945187149	47.27385497093201	1343288.6745486292	39.43710279464722	1343503.339681831	30.13066554069519	1343743.7985774623	30.958901405334473	1343472.4488909107	33.73516345024109	1339395.4213240675	
27.000024557113647	1342962.1894424628	46.12665152549744	1342139.9419789282	46.346099853515625	1343178.26613765	27.95542573928833	1334831.3922528229	29.445392370224	1342902.931000887	47.29987287521362	1343321.3423196403	39.47394824028015	1343511.433195411	30.14417052268982	1343710.6917853619	30.982429027557373	1343489.5042011864	33.751402139663696	1339389.5232827778	
27.014055728912354	1343046.4688186983	46.161667823791504	1342126.3863544636	46.372618675231934	1343238.6409650133	27.969916820526123	1334835.8402463817	29.471917152404785	1342912.2288295857	47.32490372657776	1343131.7297216442	39.51798987388611	1343478.7866865392	30.160347938537598	1343673.0967800275	31.00503373146057	1343503.7157526773	33.76541519165039	1339358.6304848879	
27.02896499633789	1343188.077348309	46.184847593307495	1342142.5593879938	46.400187730789185	1343189.4157854503	27.983128547668457	1334840.6424023374	29.492929458618164	1342922.8376207843	47.353848695755005	1343104.7544910985	39.56547021865845	1343482.764246508	30.17385244369507	1343625.048522888	31.026329517364502	1343496.9433957252	33.782431840896606	1339407.5916484157	
27.04605984687805	1343185.0794398356	46.21057391166687	1342162.9747919561	46.42620229721069	1343200.6607506499	27.99563956260681	1334817.6546111081	29.519653797149658	1342922.7528952605	47.37957978248596	1343096.9582189436	39.60332369804382	1343036.9263746839	30.1907000541687	1343740.3842963988	31.04733943939209	1343484.108489226	33.79793858528137	1339417.1534987378	
27.06115198135376	1343094.4319609243	46.2338662147522	1342162.5265630542	46.453136682510376	1343210.5356174423	28.01165795326233	1334820.137300204	29.544674158096313	1342939.556289957	47.40634870529175	1343156.6643269367	39.654990911483765	1343034.1401045069	30.206753969192505	1343740.428080119	31.070859670639038	1343497.8966133194	33.814955949783325	1339421.2662138646	
27.076658010482788	1343086.7343409571	46.26133108139038	1341981.0649995147	46.48064208030701	1343201.1969971936	28.02681255340576	1334854.934492817	29.573389053344727	1342942.0170813503	47.42924499511719	1343175.2308822682	39.69425320625305	1342965.6673327107	30.222832202911377	1343756.6167118393	31.08909845352173	1343503.6097026072	33.83097004890442	1339399.323671963	
27.09135127067566	1343084.8170926943	46.28435492515564	1342012.3637463911	46.50716495513916	1343174.6703822617	28.042834758758545	1334856.11271483	29.60143232345581	1342922.3249399923	47.45186376571655	1343153.8877956246	39.71927571296692	1342968.0908024102	30.237338066101074	1344106.2427891241	31.103221893310547	1342773.2247863435	33.84648275375366	1339415.1030458764	
27.104896783828735	1343071.752600323	46.31575393676758	1341993.589998129	46.5351824760437	1343204.0382392765	28.057536363601685	1335150.5530390295	29.629950284957886	1342908.116653886	47.475921630859375	1343108.6307867672	39.74906945228577	1342965.2325042172	30.253426790237427	1344126.2326309783	31.120166778564453	1342246.0228151272	33.86300182342529	1339424.194141747	
27.122908353805542	1343115.262787401	46.3405544757843	1341981.5875858713	46.55671310424805	1343208.335061786	28.071553945541382	1335126.602636512	29.654964208602905	1342873.0462858768	47.50006413459778	1343100.6792677448	39.779947996139526	1342943.9644459826	30.271708726882935	1343754.3939225534	31.136761903762817	1342212.394679808	33.879010915756226	1339411.9251076682	
27.136412858963013	1343143.7341276556	46.36540222167969	1342012.6213089416	46.589648723602295	1343197.9781432485	28.087060689926147	1335430.83365938	29.682485580444336	1342886.2480495672	47.52949810028076	1343127.3198227873	39.81047964096069	1342970.7797745944	30.286234140396118	1343755.9517743445	31.151747703552246	1342205.2437285753	33.89369583129883	1339431.3048456507	
27.151737928390503	1343160.309239078	46.39479422569275	1342335.5043701234	46.6175320148468	1343185.9078424138	28.101096391677856	1335425.9574096205	29.71012830734253	1342907.0897633962	47.55577373504639	1343112.8892233446	39.8405225276947	1342979.2636997942	30.301867961883545	1343765.3410944014	31.16675591468811	1342229.2808175422	33.90920424461365	1339423.8820285224	
27.16774606704712	1343147.9148248013	46.41937470436096	1342110.375430077	46.64221715927124	1343215.6847922246	28.115249156951904	1335057.7263254547	29.740658044815063	1342962.2513509225	47.583927392959595	1343143.2411291015	39.86913800239563	1342979.1489681753	30.31688094139099	1343710.8008810403	31.181263208389282	1342231.8544145357	33.92522144317627	1339440.9849100767	
27.181754112243652	1343150.7196503526	46.44506788253784	1342117.2567836286	46.67280197143555	1343220.462598331	28.129758834838867	1334823.803782907	29.768677949905396	1343050.2851578675	47.617802143096924	1343147.6383283357	39.899022817611694	1343012.6964103596	30.334445476531982	1343648.2885980497	31.1960027217865	1342233.0274317474	33.94023513793945	1339439.9314039864	
27.19625949859619	1343150.7176869172	46.48116874694824	1342123.6604479528	46.698848485946655	1343234.310854447	28.14377760887146	1334649.0817568856	29.791211128234863	1343068.8163735971	47.64939522743225	1343156.1056505006	39.92812395095825	1343012.899931001	30.350602865219116	1343628.837528089	31.211507081985474	1342247.9147072632	33.95594620704651	1339458.5801593922	
27.20999813079834	1343135.6292786058	46.51736617088318	1342121.6796404629	46.722557067871094	1343239.6786135621	28.158286333084106	1334651.2215949767	29.814221382141113	1343060.4560592412	47.67292928695679	1343144.2639920155	39.95797324180603	1343011.1762678027	30.364686012268066	1343728.6326725963	31.22471857070923	1342274.4996362738	33.970629930496216	1339438.6223144322	
27.22673773765564	1343147.4936867768	46.555612325668335	1342121.397626231	46.74707889556885	1343222.8727092163	28.172305822372437	1334644.296315681	29.84074068069458	1343072.8303507566	47.70125675201416	1343150.8526032227	39.98549723625183	1342957.4769354973	30.38032031059265	1343738.2756843693	31.2382230758667	1342267.524148935	33.984137535095215	1339449.678627433	
27.24175000190735	1343022.5151695882	46.59647727012634	1342138.5449616502	46.77409243583679	1343209.2032051429	28.188810348510742	1334650.6460663832	29.866749048233032	1343068.9494184193	47.72608304023743	1343153.4250599046	40.01302170753479	1342956.8039519666	30.395485877990723	1343545.9776544562	31.252727270126343	1342224.5839308884	33.99914741516113	1339446.8531281117	
27.257737636566162	1343014.8405425756	46.63801622390747	1342141.7763776388	46.80096077919006	1343207.8907648858	28.20582604408264	1334671.0022252165	29.892276525497437	1343139.9647337438	47.75183582305908	1343155.9766748135	40.04204845428467	1342960.7828279778	30.412048816680908	1343548.9376209364	31.267735958099365	1342224.9349633236	34.01365923881531	1339449.7731310527	
27.273746490478516	1342987.9668885227	46.67544388771057	1342614.2418013385	46.826478004455566	1343214.6048474098	28.22339701652527	1334662.506730388	29.9199538230896	1343144.784147477	47.77637028694153	1343204.839695973	40.072020530700684	1342945.3040852025	30.432342052459717	1343553.7255372875	31.281471967697144	1342232.9165830605	34.0271692276001	1339455.6993980447	
27.288758516311646	1342984.330089808	46.71862459182739	1342597.1841940235	46.857590198516846	1343413.1960322964	28.244409322738647	1334652.6942059663	29.94196653366089	1343131.0580963441	47.801838636398315	1343215.6401226178	40.10068726539612	1342962.7351757288	30.44935417175293	1343574.670488041	31.29548144340515	1342182.9748435225	34.04118037223816	1339463.1438591215	
27.30476713180542	1342993.3625445408	46.7566442489624	1342586.0136734406	46.88512110710144	1343419.3042221244	28.26667809486389	1334516.8916499293	29.964984893798828	1343126.2251767416	47.829944372177124	1343112.7749658185	40.12731337547302	1342978.8956256541	30.463444471359253	1343563.2251949462	31.308987855911255	1342159.8654886824	34.055192947387695	1339462.7104647942	
27.32077670097351	1343005.466820359	46.800105571746826	1342717.5371396074	46.91064667701721	1343367.1388778142	28.292715787887573	1334542.7097853632	29.99171733856201	1343034.360126664	47.853720903396606	1343115.538440525	40.15079307556152	1342996.3203302107	30.48145365715027	1343555.3522396013	31.32249093055725	1342201.824090064	34.0677011013031	1339318.6055930473	
27.33628249168396	1343010.035624262	46.825642108917236	1342721.9321507984	46.94067192077637	1343372.7959044285	28.31093168258667	1334542.7922452532	30.014371633529663	1343055.3429978797	47.87709593772888	1343065.7155436967	40.17856526374817	1343018.4492027902	30.497011184692383	1343595.8341422067	31.33722972869873	1342830.2824945399	34.08371949195862	1339316.1852796557	
27.352442741394043	1343005.1112987162	46.85241436958313	1342719.1200234042	46.97420620918274	1343411.5427371743	28.336947441101074	1334662.3342180548	30.04005479812622	1342285.982395029	47.90511512756348	1343414.2365838673	40.20308995246887	1343011.7640518632	30.514348030090332	1343617.078508901	31.35073447227478	1342717.17888872	34.09924817085266	1339581.3975709055	
27.36959934234619	1343005.8170145843	46.876423358917236	1342107.2454039687	47.00605392456055	1343411.9503847526	28.370972156524658	1334699.4374370475	30.0620756149292	1342269.4524987794	47.92812395095825	1343427.2431315363	40.231112003326416	1343000.389900864	30.529985666275024	1343636.7216298499	31.36423945426941	1342717.1815098792	34.11276173591614	1339581.2408392765	
27.38610529899597	1343022.5340450567	46.89843225479126	1342763.0801825635	47.03107190132141	1343387.0192685586	28.39798855781555	1334702.4513031824	30.08682346343994	1342270.5020693482	47.95181226730347	1343426.443961632	40.2591450214386	1342869.4957075766	30.545490026474	1343624.7630001467	31.37831974029541	1342720.396883529	34.12726879119873	1339588.4435914084	
27.40074920654297	1343024.2405787543	46.92160129547119	1342806.7052446515	47.054829835891724	1343413.7709192962	28.422024726867676	1334693.5918545492	30.110852003097534	1342584.8521948028	47.98036241531372	1343432.2719110008	40.28477382659912	1342859.765693766	30.56135606765747	1343630.8695901674	31.392824411392212	1342713.4888500364	34.14028286933899	1339589.7811274286	
27.415249586105347	1342997.2734533602	46.94623637199402	1342812.0991481238	47.079869508743286	1343409.8684059612	28.44358491897583	1334697.3308443204	30.13357663154602	1342588.8475866707	48.004037857055664	1343420.706151564	40.3098349571228	1342909.2058015727	30.575860738754272	1343608.0000395486	31.406833171844482	1342718.7983049366	34.15329957008362	1339590.5644410097	
27.43102741241455	1343086.3656178592	46.974879026412964	1342809.4715150746	47.11138582229614	1343396.3361338247	28.46223211288452	1334764.2194462735	30.15558671951294	1342592.2528306902	48.031370401382446	1343423.8031894148	40.33886003494263	1342887.0530689675	30.590616941452026	1343607.7108811818	31.421842336654663	1342550.6335480737	34.167805433273315	1339589.896761022	
27.446066856384277	1343083.1251159236	46.99989128112793	1342761.351085767	47.13846015930176	1343365.5561713616	28.483241081237793	1334774.0456162624	30.18173050880432	1342605.4954886555	48.05951523780823	1343419.2489919227	40.36214900016785	1342899.754854199	30.60622501373291	1343547.747381028	31.436549425125122	1342571.23928493	34.1808226108551	1339587.2966138702	
27.461580276489258	1343140.7976371136	47.02491211891174	1342763.7330874214	47.16448140144348	1343365.540034028	28.506272792816162	1334780.698020115	30.20374083518982	1342648.4406350227	48.08837008476257	1343421.544998223	40.386171102523804	1342926.1220315266	30.62385129928589	1343585.5953967837	31.452054262161255	1342513.3946257264	34.19333028793335	1339590.979394449	
27.477584838867188	1343074.4895060528	47.04948043823242	1342721.3946651234	47.18901228904724	1343333.911836086	28.528791904449463	1334792.5547278642	30.229260444641113	1342574.35736525	48.118062257766724	1343416.0316310143	40.41241383552551	1342935.0157631761	30.640419960021973	1343560.2159246972	31.464559078216553	1342503.1033070555	34.20750856399536	1339580.7298005377	
27.491015434265137	1343081.3087892733	47.07749962806702	1342690.3056878159	47.21627449989319	1343314.982961293	28.551320791244507	1334743.2142328827	30.25598454475403	1342386.150346458	48.148476123809814	1343414.742809703	40.43655824661255	1342954.3439623732	30.65545892715454	1343563.9649621332	31.479573011398315	1342505.6156855638	34.22252178192139	1339573.8269128911	
27.506121158599854	1343035.0044798036	47.099873781204224	1341973.5598296546	47.246113538742065	1343321.6621302948	28.572336673736572	1334740.0183580301	30.282763242721558	1342377.9474787274	48.17492461204529	1343332.809507347	40.4630491733551	1342955.6145497959	30.669469118118286	1343544.4125345538	31.49307870864868	1342512.712660906	34.23803377151489	1339568.5949662095	
27.523135662078857	1343018.4116886426	47.123828649520874	1341984.9828683794	47.278441190719604	1343320.8075816475	28.59034538269043	1334790.1474831305	30.307284593582153	1342365.8236915881	48.203086853027344	1343541.6341000793	40.497161865234375	1342957.1124384743	30.683645725250244	1343546.7940607553	31.510088205337524	1342535.513240208	34.25104832649231	1339572.91473123	
27.538145542144775	1343006.7229509722	47.14678359031677	1341989.0510655593	47.304457664489746	1343329.6958095077	28.612871646881104	1334834.9583579968	30.33146905899048	1342369.7069773318	48.22831201553345	1343306.6609993519	40.52042603492737	1342960.0152171026	30.69833254814148	1343508.4726188146	31.526103019714355	1342553.5209100558	34.26706337928772	1339575.492288356	
27.55461096763611	1343184.8599079142	47.17178559303284	1342057.344296204	47.326982259750366	1343327.2860532997	28.634066343307495	1334838.3922859032	30.35647964477539	1342403.7855349288	48.25151562690735	1343404.988203693	40.55058431625366	1342942.3194821896	30.71504235267639	1343528.5011493112	31.541776657104492	1342493.9943328016	34.28158164024353	1339584.307838282	
27.57212734222412	1343239.3303882943	47.19452452659607	1342068.1519187046	47.360514879226685	1343323.498194976	28.651588678359985	1334742.6919880176	30.38221764564514	1342407.029846649	48.27783131599426	1343424.7111854805	40.573235750198364	1342941.8735571539	30.730701446533203	1343543.6183261068	31.5562961101532	1342526.411531995	34.294886350631714	1339629.2414063192	
27.586636304855347	1343239.3311054583	47.21697497367859	1342078.2303363478	47.38662838935852	1343335.140382838	28.67133641242981	1334708.6140252952	30.40675377845764	1342415.7300692427	48.30168557167053	1343365.435320698	40.59971261024475	1342942.2004767267	30.746898412704468	1343550.6942793522	31.570441484451294	1342519.0406079867	34.30839467048645	1339618.1638955036	
27.60265302658081	1343237.9503149048	47.24246025085449	1341981.3539642931	47.411996603012085	1343344.3799643996	28.698853492736816	1334541.8135519095	30.433018922805786	1342404.6820694634	48.32798147201538	1343339.7689390928	40.625486850738525	1342948.0011611641	30.76241445541382	1343525.5912258283	31.58596706390381	1342495.6746946478	34.32141184806824	1339616.4842420372	
27.618385553359985	1343242.8510672085	47.26307916641235	1341981.4607633688	47.44234347343445	1343322.1616469363	28.71656346321106	1335403.7787036253	30.458638906478882	1342403.3472644815	48.35581088066101	1343359.4669225493	40.64836835861206	1342890.3259871001	30.777427196502686	1343377.2087859828	31.599473237991333	1342510.331786411	34.33591866493225	1339606.0926449937	
27.633569478988647	1343245.6464139218	47.29009127616882	1341980.4631978981	47.47070384025574	1343371.50240946	28.734582901000977	1336669.96590889	30.48217010498047	1342384.0015245064	48.3806209564209	1343352.061835761	40.671143531799316	1342899.2255415856	30.791690826416016	1343331.5900932252	31.614482164382935	1342511.307704577	34.35211491584778	1339578.776991139	
27.647828578948975	1343259.8388873665	47.316258668899536	1341971.2476212212	47.49772620201111	1343367.5893958935	28.751596927642822	1336634.822264623	30.50696039199829	1342459.5960833912	48.40883469581604	1343333.655631396	40.69610834121704	1342886.9367977276	30.80870223045349	1343254.1636230375	31.628195762634277	1342514.3274591034	34.36562657356262	1339586.1360664675	
27.661839962005615	1343253.2666851562	47.34303116798401	1341971.282754609	47.52273893356323	1343328.089963856	28.77161145210266	1338194.6229728102	30.532238483428955	1342462.2892294808	48.43535804748535	1343338.649521147	40.7225604057312	1342639.6953120455	30.825716972351074	1343247.2765627385	31.64420509338379	1342544.791209252	34.38145852088928	1339580.8876723421	
27.6763436794281	1343469.4566997343	47.36899471282959	1341963.7474123621	47.54926085472107	1342304.1474339738	28.7871150970459	1338194.682324167	30.55424976348877	1342464.7625703684	48.46172213554382	1343334.8726309931	40.747111797332764	1342718.7088581242	30.840654850006104	1343299.9968997103	31.658133506774902	1342543.2266911515	34.39447593688965	1339544.3237435017	
27.693360090255737	1343230.8729257514	47.39351987838745	1342037.7310540394	47.57626938819885	1342309.0160219062	28.80213475227356	1338120.8875239277	30.581071376800537	1342481.8196562184	48.48478627204895	1343331.8099402061	40.77530884742737	1342730.1008418305	30.854783535003662	1343334.8092763452	31.674729824066162	1342500.6277348462	34.40948939323425	1339339.9775117212	
27.708367109298706	1343212.8147075071	47.420042753219604	1342037.1775698252	47.60249710083008	1342318.9632923154	28.8181471824646	1338129.7026334563	30.60858678817749	1342475.941396375	48.51413941383362	1343334.2817560853	40.80383920669556	1342742.010946898	30.87179470062256	1343354.192911604	31.689244031906128	1342512.9789388736	34.42300033569336	1339358.4555435842	
27.722968339920044	1343233.3511129906	47.44407343864441	1342055.8025975167	47.633814573287964	1342299.154696728	28.834162950515747	1336682.6489058905	30.635714769363403	1342391.2609511898	48.545769929885864	1343324.8059245786	40.828190088272095	1342782.621941548	30.88931155204773	1343347.2614863785	31.705644845962524	1342521.7792879944	34.437506437301636	1340618.096885049	
27.738617420196533	1343246.9900765358	47.46885061264038	1342276.6844715548	47.65982270240784	1342329.4477889715	28.848172187805176	1336664.9607382212	30.66024422645569	1342373.4347331263	48.57625102996826	1342868.0491113374	40.85581040382385	1343240.011479313	30.904468774795532	1343350.0377654466	31.720235109329224	1342480.0173795787	34.45254826545715	1340611.5272340714	
27.754624605178833	1343245.66242661	47.49437665939331	1342248.6216271531	47.68637275695801	1342378.7570342936	28.86719799041748	1336851.171496441	30.68725872039795	1342341.1127305927	48.60671591758728	1342862.8598193163	40.881948947906494	1342932.5903602557	30.921828269958496	1343349.0905767838	31.73634624481201	1342471.4036610746	34.46619129180908	1340613.6953520589	
27.771811962127686	1343250.52523197	47.51796913146973	1342252.2390256657	47.71139693260193	1342402.915157631	28.88221549987793	1336869.6823492413	30.711785793304443	1342341.589462971	48.637725830078125	1342872.7848390597	40.90791177749634	1342927.711419775	30.946839570999146	1343365.180380564	31.75143051147461	1342522.9138648903	34.479199171066284	1340423.962003244	
27.786317825317383	1343265.2171396073	47.542824506759644	1342260.2786292303	47.74216365814209	1343291.7604244433	28.89772629737854	1335685.4088204175	30.737550258636475	1342368.9958680707	48.666786909103394	1342857.986276144	40.93093657493591	1342924.8044799177	30.97346019744873	1343369.4243103452	31.764580249786377	1342530.4411964524	34.49421787261963	1340428.8484009579	
27.801331520080566	1343277.8265384713	47.56818652153015	1342261.146339143	47.77012372016907	1343291.5474581616	28.91195559501648	1335690.9254026546	30.76307201385498	1342384.942954368	48.69392681121826	1342864.618185563	40.95407009124756	1342903.7300444525	30.9945809841156	1343418.9930217846	31.77929377555847	1342519.0871492052	34.507458209991455	1340408.1665057447	
27.818846464157104	1343293.5546985327	47.597591161727905	1342266.7608634627	47.7947723865509	1343251.4880743613	28.9274640083313	1335448.3545536518	30.786792516708374	1342286.8128554476	48.72146940231323	1343032.9623537082	40.97724103927612	1342939.3267885374	31.02160334587097	1343390.7706113816	31.792797565460205	1342488.272478681	34.52247071266174	1340369.751350956	
27.83761692047119	1343295.2266971208	47.622456312179565	1342181.070450177	47.819045305252075	1343235.725124061	28.94148325920105	1335454.5645902264	30.810811758041382	1342289.9084360253	48.74856519699097	1343029.697098315	41.00231432914734	1342969.0365953501	31.045614004135132	1343375.6277451946	31.80880832672119	1342490.4879832137	34.53598189353943	1340365.114660318	
27.85195255279541	1343300.3458906717	47.64593958854675	1342174.4454300995	47.84565091133118	1343237.1663839684	28.956990242004395	1335460.9361959002	30.839329719543457	1342304.3904149495	48.77811026573181	1343031.027824538	41.02934503555298	1342977.2323850691	31.071129083633423	1343376.4140408149	31.82281732559204	1342492.5027463573	34.55225443840027	1340871.7731434032	
27.86762046813965	1343304.7799441346	47.66986608505249	1342163.8317235624	47.876503229141235	1343241.7691502078	28.971008777618408	1334699.6132869993	30.8633394241333	1342306.5988786044	48.814903020858765	1343020.8206818695	41.05485153198242	1342959.907795506	31.09751272201538	1343349.6189185337	31.83833074569702	1342496.8712490874	34.56576919555664	1340879.4904819652	
27.883127450942993	1343274.6062691477	47.69238090515137	1342156.5193151953	47.905423402786255	1343884.4930312305	28.986029863357544	1334666.285715469	30.88914465904236	1342316.6672228146	48.86237835884094	1343095.2032977864	41.080687522888184	1343009.4568590394	31.12262725830078	1343400.217225088	31.851099252700806	1342501.0504770346	34.5807843208313	1340936.0613802546	
27.89979839324951	1343274.0948608217	47.71660804748535	1342166.2086601227	47.93265771865845	1343844.165400248	29.00178623199463	1334657.481000171	30.914180517196655	1342290.625288422	48.907559633255005	1343144.9739902837	41.10896110534668	1342231.8621907467	31.14734697341919	1343406.476669931	31.86610722541809	1342535.6773609703	34.59506559371948	1340795.6818376856	
27.916452407836914	1343055.8025365241	47.739521980285645	1342167.7879164617	47.961172103881836	1343632.92644846	29.015796422958374	1335299.0298558287	30.936971187591553	1342307.104087743	48.95592164993286	1343612.2782293677	41.139487504959106	1342043.5329463328	31.17007064819336	1343390.4011290066	31.880617380142212	1342507.4958798643	34.60857796669006	1340792.1772970895	
27.93296480178833	1343020.3635257748	47.76641917228699	1342160.194142447	47.99129366874695	1343641.3281265208	29.029306411743164	1335339.3528481233	30.96062731742859	1342297.9653143717	48.99273061752319	1343666.1677991294	41.16505193710327	1342005.5119942096	31.19174313545227	1343325.029572615	31.894626140594482	1342543.5289435284	34.62134313583374	1340817.337643855	
27.947975158691406	1343020.139825269	47.793800354003906	1342165.819024287	48.02147698402405	1343632.5240289748	29.043325185775757	1335346.8176172965	30.985479831695557	1342224.9309529015	49.03157162666321	1343654.9840204082	41.192155838012695	1342073.1530706729	31.211754322052002	1343284.9906733157	31.908133268356323	1342545.3429463613	34.63685417175293	1340838.1984163006	
27.961815357208252	1343013.2733841452	47.82285118103027	1342160.4346592664	48.050159215927124	1342998.7648868079	29.058339595794678	1334796.587691445	31.010205030441284	1342918.525372073	49.0765962600708	1343660.3724134113	41.22269344329834	1342087.7922449943	31.22927474975586	1343292.8758921758	31.922638177871704	1342597.5307379344	34.650869846343994	1340831.0425208523	
27.975318431854248	1343029.8815214636	47.84830403327942	1342161.9201245834	48.075355052948	1343198.0248202432	29.07135772705078	1334816.3541557714	31.03731608390808	1342898.8267995985	49.11815857887268	1343033.1261042575	41.249279499053955	1342097.4807487659	31.246779680252075	1343353.862509468	31.936153650283813	1342567.3335105367	34.66440725326538	1340700.8825169744	
27.98893141746521	1343029.4383886661	47.874635219573975	1342171.7292157104	48.10137367248535	1343174.3649399674	29.084863662719727	1334826.390024622	31.057554006576538	1342871.1656701013	49.162423610687256	1343047.7357926716	41.274728775024414	1342098.3444314145	31.263797283172607	1343372.9238375672	31.951377630233765	1342492.8836011689	34.67917561531067	1340712.8092193063	
28.006436586380005	1343022.4145188036	47.89908313751221	1342179.4641995567	48.123382806777954	1343182.082148477	29.098373413085938	1334836.2430891977	31.08271050453186	1342838.6586424406	49.20319199562073	1343044.192380716	41.30014419555664	1342128.8277315758	31.280547380447388	1343440.362551627	31.96489453315735	1342488.15741135	34.693193435668945	1340811.348733872	
28.02127766609192	1343542.9807461316	47.92144179344177	1342163.5322570081	48.14889669418335	1343369.5599237853	29.1137535572052	1334752.497936055	31.104737520217896	1342841.3481836305	49.23695349693298	1343046.7134975914	41.32583975791931	1342116.4217577814	31.297343730926514	1343149.7033498134	31.97941255569458	1342567.8889828527	34.70742440223694	1340821.2331176805	
28.035781621932983	1343537.137748945	47.944429874420166	1342189.102480322	48.17655968666077	1343302.8041918187	29.129259824752808	1334751.1592856282	31.131649255752563	1342828.06270664	49.276498794555664	1343021.955918527	41.350096464157104	1342112.5694252236	31.315489292144775	1343272.5597418572	31.990918397903442	1342571.5397523702	34.7204384803772	1340845.5547479414	
28.058879852294922	1343550.1003186628	47.967467308044434	1342346.3849474266	48.200724840164185	1343312.799157055	29.142279148101807	1334768.4176026827	31.158384799957275	1342840.4377850222	49.31102538108826	1343007.9823510777	41.373812675476074	1342171.5792065444	31.334498405456543	1343441.387917827	32.00442385673523	1342579.23844165	34.73394823074341	1340843.386075332	
28.074383974075317	1343664.4663898563	47.99178981781006	1342358.4940489184	48.2250771522522	1343326.5249367077	29.156786918640137	1334760.8282203178	31.185869216918945	1342855.0686884103	49.350059509277344	1343010.4118967734	41.40007138252258	1342176.5607818675	31.35350799560547	1343429.3844134735	32.019283056259155	1342597.6101641008	34.74674963951111	1340861.0360943521	
28.087888956069946	1343701.0971462338	48.02228093147278	1342352.329494799	48.25116562843323	1343342.3386569433	29.170798301696777	1334656.8881990057	31.209916353225708	1342819.1572661917	49.698134660720825	1343010.8857594097	41.42258834838867	1342191.015190182	31.370420455932617	1343218.3853669106	32.0344443321228	1342555.7273072023	34.76127076148987	1340842.1399864024	
28.101903915405273	1343721.3438783363	48.05331110954285	1342350.963601104	48.27597618103027	1343395.0511186444	29.185311794281006	1334671.660058492	31.232938528060913	1342823.681152687	49.738178730010986	1343538.96949849	41.44813561439514	1343149.4668767785	31.387078523635864	1343213.2925530658	32.04610776901245	1342554.0382167737	34.7737762928009	1340860.5449325896	
28.11791467666626	1343731.1249031944	48.07925248146057	1342317.835251212	48.30271768569946	1343404.00194185	29.20096778869629	1334555.6455678344	31.258461475372314	1342756.3774878054	49.77538847923279	1343544.259564635	41.47484302520752	1343149.9665704407	31.404087781906128	1343150.6881912628	32.0596137046814	1342554.6055377517	34.78828549385071	1340408.0241109228	
28.134427070617676	1343736.2250182356	48.102779388427734	1342324.0640655565	48.329026222229004	1343701.0722567968	29.21401596069336	1334605.1580903619	31.286953687667847	1342790.7859270086	49.809577226638794	1343514.545474127	41.50025296211243	1343151.621319551	31.422609329223633	1343350.16076961	32.07425093650818	1342570.7830107743	34.80129933357239	1340413.0177833047	
28.148545742034912	1343731.1623113428	48.12870001792908	1342326.2256725787	48.35473012924194	1344132.9534193121	29.228524923324585	1334700.646627284	31.31943702697754	1342787.9216169496	49.84885287284851	1343553.1285540804	41.52549362182617	1343146.7386951742	31.44161820411682	1343418.163084674	32.08784008026123	1342499.520280075	34.81380653381348	1340400.5812072882	
28.16230058670044	1343748.8646362866	48.16086435317993	1342335.66938173	48.3772451877594	1344120.0866865541	29.243544816970825	1334709.5924063479	31.34904956817627	1342791.7379912916	49.89293098449707	1343554.170812627	41.55353546142578	1343142.2748814926	31.461350202560425	1343411.7531666234	32.1023473739624	1342506.3945360822	34.8268404006958	1340404.0922139052	
28.17581009864807	1343752.0732692834	48.19366502761841	1342257.9701096	48.400270223617554	1344121.6899206855	29.25926947593689	1334724.1796830522	31.380590200424194	1342625.7943008193	49.928014516830444	1343277.9462345194	41.58042883872986	1343132.9007761811	31.47835683822632	1343418.9784736265	32.11591720581055	1342518.380535766	34.84089684486389	1340430.6565721028	
28.192371606826782	1343748.6291980161	48.22060561180115	1342219.1514949477	48.423776149749756	1343477.4461253686	29.274288415908813	1334771.3843373773	31.40839457511902	1342638.0889327938	49.965983867645264	1343285.130105733	41.60495471954346	1343197.1791232447	31.49607563018799	1343437.4940347637	32.13127136230469	1342530.1713843052	34.85391068458557	1340454.6397611545	
28.206876277923584	1343763.6050321073	48.24652314186096	1342216.4526351392	48.45043921470642	1343467.8587179598	29.287795543670654	1334767.7244410624	31.436790227890015	1342722.9907700964	49.999871253967285	1343283.4015740391	41.63414478302002	1343198.6056545763	31.511011600494385	1343428.7565031557	32.14583349227905	1342544.6727700494	34.86892294883728	1340650.6756237464	
28.222703218460083	1343775.6936295168	48.27008008956909	1342220.4845961223	48.475095987319946	1343451.1243087333	29.30281662940979	1334764.4962839335	31.463323831558228	1342729.6475555538	50.03890419006348	1343252.6289895053	41.66042995452881	1343197.2648282722	31.525745391845703	1343432.4995158548	32.15979051589966	1342529.4413680276	34.8834331035614	1340632.5976098957	
28.236207485198975	1343759.8210099034	48.293351888656616	1342201.2991528653	48.50503849983215	1343051.6668090434	29.318142414093018	1335203.6042469363	31.492997646331787	1342702.623721016	50.073973655700684	1343253.3707199893	41.693681955337524	1343188.6201481193	31.541921854019165	1343478.6628651624	32.1756796836853	1342520.164188286	34.89745545387268	1340677.5757605217	
28.251225233078003	1343770.0886719043	48.31990957260132	1342195.264908449	48.53105616569519	1342857.573465958	29.332155466079712	1335202.8358075172	31.519704341888428	1342701.1156252034	50.11009502410889	1343237.772171846	41.72221875190735	1343200.3192242617	31.55692720413208	1343457.5544279832	32.18818378448486	1342553.8182501132	34.913222789764404	1340650.5093383954	
28.267739295959473	1343722.8586948428	48.343544244766235	1342187.335318368	48.554065465927124	1342869.2014733718	29.345665454864502	1335188.2527679394	31.54365062713623	1342704.4591793942	50.147143840789795	1343151.4677010411	41.74724316596985	1343197.4717352823	31.573814868927002	1343447.9726886984	32.20282316207886	1342625.1891273546	34.927239179611206	1340649.0708627552	
28.28425145149231	1343705.1109500271	48.36608958244324	1342197.2027437398	48.57738924026489	1342874.7539600546	29.359169244766235	1335176.9137029022	31.56866955757141	1342621.2859373956	50.17892265319824	1343043.1947252937	41.77128577232361	1343173.346537793	31.58950901031494	1343447.3008129983	32.2163348197937	1342623.5577892305	34.941755056381226	1340648.2915527332	
28.298261642456055	1343724.199564295	48.387664556503296	1342204.243542595	48.599411487579346	1342884.2038747983	29.373180627822876	1335260.5357976528	31.591166973114014	1342635.663567127	50.20761013031006	1343057.6764784926	41.7953736782074	1343163.22109042	31.60764193534851	1343367.4418261792	32.23051881790161	1342475.1605807582	34.95347023010254	1340652.276633023	
28.313769102096558	1343741.0192066499	48.4098379611969	1342199.8345250033	48.6410858631134	1342893.985094093	29.385685205459595	1335245.1945903595	31.619698762893677	1342634.878011429	50.23435163497925	1343078.2199507437	41.82205510139465	1342965.897344374	31.624159574508667	1343345.9856908286	32.24452590942383	1342393.2423820612	34.96609568595886	1340659.4768773261	
28.329784393310547	1343720.238375905	48.433615922927856	1342210.471310217	48.6723096370697	1342876.5759900247	29.399197578430176	1335478.5082068925	31.650237798690796	1342635.7588843862	50.26517415046692	1343099.242902638	41.848098278045654	1342958.3965802547	31.64531397819519	1343383.99649063	32.25903630256653	1342422.832632078	34.98236036300659	1340715.2607858584	
28.345777988433838	1343698.675254673	48.45984125137329	1342217.633984986	48.69534707069397	1342903.4906132522	29.414720058441162	1335483.631836396	31.68078327178955	1342639.8354282426	50.2952983379364	1343128.8530172454	41.87231802940369	1342793.0167184318	31.66128444671631	1343432.6577852853	32.27354121208191	1342433.289044757	34.99626564979553	1340699.784763987	
28.36189842224121	1343771.8758692262	48.483014822006226	1342217.4950739248	48.72173476219177	1342890.1435187028	29.42722725868225	1335488.650494452	31.703030586242676	1342578.3863999392	50.3220317363739	1343159.4912604527	41.89305377006531	1342800.5086186817	31.6759512424469	1343431.364999951	32.28874349594116	1342468.382620504	35.00927782058716	1340704.9216840635	
28.38491129875183	1343204.0318477484	48.50602746009827	1342221.4368462139	48.748732805252075	1342893.3535433994	29.443597078323364	1335106.7828087504	31.727247953414917	1342585.3312620025	50.346553564071655	1343168.641043574	41.91707515716553	1342800.4134492544	31.690467357635498	1343439.4990338066	32.30325150489807	1342461.9368590447	35.022789001464844	1340705.9954593556	
28.40942645072937	1343148.6145524688	48.529985427856445	1342219.804815437	48.77421426773071	1342931.8706731186	29.458219289779663	1335120.2467448954	31.750813007354736	1342592.6324468872	50.37407875061035	1343177.8151934086	41.94512581825256	1343191.24241077	31.707570791244507	1343658.1296307943	32.31626081466675	1342468.3221735726	35.036296367645264	1340716.0151657774	
28.435677766799927	1343149.2460832493	48.554896116256714	1342230.272931816	48.7982439994812	1342935.7846610937	29.473238706588745	1334752.8629463105	31.778466939926147	1342627.9045042382	50.40428829193115	1343168.7448546384	41.972365856170654	1343182.0888870042	31.72508430480957	1343747.11424379	32.33087182044983	1342478.9055118496	35.05162167549133	1340713.1605486968	
28.459900617599487	1343230.646068552	48.58151292800903	1342215.4277763446	48.82650303840637	1342933.6743390732	29.48874568939209	1333704.9417208305	31.803993463516235	1342644.7778385384	50.43281054496765	1343166.3699176665	41.995097160339355	1343178.141907323	31.743093490600586	1343750.3915826322	32.34461951255798	1342475.7827720218	35.062633991241455	1340732.085567043	
28.481910228729248	1343248.8026457587	48.60692596435547	1342217.019235223	48.849361419677734	1342932.0247129365	29.501773595809937	1333716.536303277	31.82851481437683	1342655.7555584938	50.459505796432495	1343172.7475216887	42.022562980651855	1343177.8503284808	31.76161241531372	1343751.4627743347	32.3581337928772	1342620.4079033094	35.07719087600708	1340747.2955595462	
28.50352454185486	1343212.1012365958	48.63309144973755	1342220.6455030313	48.87735366821289	1342932.6087750718	29.515122175216675	1333719.1779497706	31.85904359817505	1342652.6811860926	50.48585057258606	1343178.144382557	42.0461540222168	1343183.731933619	31.77645444869995	1343745.2219809657	32.37264013290405	1342630.0404774696	35.09024739265442	1340811.0739031965	
28.53453803062439	1343209.1715772713	48.65736937522888	1342236.1443544906	48.90186905860901	1342934.7725021804	29.529321432113647	1333704.862763426	31.885199546813965	1342636.2973110082	50.51336407661438	1343171.2439578087	42.07131862640381	1343183.7327285227	31.79166316986084	1343745.2239541635	32.388182163238525	1342603.873958042	35.10265827178955	1340645.7503492662	
28.56295084953308	1343217.122528403	48.6783881187439	1342242.1772241585	48.926384925842285	1342960.443887879	29.544342517852783	1333550.0717542688	31.910693168640137	1342637.8211995284	50.537712812423706	1343182.8417750692	42.09663462638855	1343192.498995625	31.807166814804077	1343741.2513168918	32.40248513221741	1342629.2097657525	35.11616396903992	1340627.2040874157	
28.587764978408813	1343215.1720114357	48.70490527153015	1342242.617584662	48.9524188041687	1342946.3312220522	29.564173698425293	1333619.131755386	31.93699884414673	1342624.3102205566	50.56631779670715	1343185.1693289937	42.122153759002686	1343177.2427471352	31.825680255889893	1343760.484231242	32.416998624801636	1342671.480089425	35.13017749786377	1340595.22869688	
28.610949754714966	1343222.7109980949	48.728179931640625	1342228.588968541	48.979453325271606	1342901.160794283	29.58619523048401	1334323.9619023956	31.959534168243408	1342894.440857256	50.59249830245972	1343170.0451964664	42.146178245544434	1343173.5755069747	31.841688871383667	1343752.6578482508	32.43288207054138	1342655.1167265957	35.143192291259766	1340612.3783928032	
28.63627862930298	1343229.4221185648	48.75170016288757	1342246.9863437726	49.004000425338745	1342913.4245798213	29.60521411895752	1334458.065704983	31.98676586151123	1342924.9594820642	50.61562180519104	1343382.9493214756	42.170315742492676	1343111.8009778084	31.85790729522705	1343681.1931907397	32.44789171218872	1342667.1690970608	35.157864809036255	1340616.8309684696	
28.66230082511902	1343211.3015138626	48.77450728416443	1342250.577637832	49.028318643569946	1342900.1282005827	29.62574315071106	1334461.3054740021	32.01289415359497	1342935.9836968444	50.63965058326721	1343375.6050897117	42.19946336746216	1343111.916590537	31.874931573867798	1343686.5188585718	32.463396310806274	1342684.707789528	35.170878410339355	1340601.4532318763	
28.691819429397583	1343217.416215422	48.80052185058594	1342242.6449204423	49.056217193603516	1342873.6546847497	29.647761583328247	1334409.6917945927	32.034897327423096	1342950.9833508541	50.66524815559387	1343370.0828423118	42.226991176605225	1343117.3360648185	31.89044713973999	1343690.2108724983	32.478405714035034	1342674.0305217167	35.18538475036621	1340543.3632471582	
28.714829206466675	1343178.5666563197	48.82516837120056	1342246.9124333172	49.07747435569763	1342885.1905345293	29.668991804122925	1334449.3655295148	32.06063652038574	1342968.4813449043	50.68928050994873	1343405.8916317613	42.24900722503662	1343117.4064925115	31.904634952545166	1343390.769260718	32.49191117286682	1342683.4498594112	35.19789171218872	1340556.5294115625	
28.738043069839478	1343162.2359798274	48.85188269615173	1342259.5056994662	49.10499358177185	1342873.0010857026	29.688000917434692	1334495.5135968765	32.085280656814575	1342974.9878437824	50.715288162231445	1343358.8724835517	42.27409839630127	1343128.5407203224	31.919041872024536	1343388.0064366166	32.505919456481934	1342685.6326633506	35.21190810203552	1340558.9019031797	
28.763872385025024	1343206.856330182	48.879504442214966	1342235.1247098155	49.12650990486145	1342909.2545791857	29.709980249404907	1335086.5465223012	32.11148452758789	1343080.3510941928	50.74130320549011	1343355.9561288075	42.29739761352539	1343159.6233918783	31.937546968460083	1343376.534088583	32.521424293518066	1342687.6264609457	35.2244131565094	1340565.416989714	
28.791388273239136	1343211.8304730153	48.90511965751648	1342246.1977653732	49.149543046951294	1342910.521041779	29.734013319015503	1334744.9244738899	32.13707137107849	1343069.8019772372	50.76540160179138	1343353.1333108542	42.325440883636475	1343161.6449455456	31.952555894851685	1343364.0998032738	32.5342583656311	1342685.9253091824	35.239068269729614	1340566.2366962393	
28.816490173339844	1343206.7631843542	48.9322624206543	1342253.107942452	49.17664885520935	1342905.43011985	29.752532243728638	1334774.1213207522	32.1592755317688	1343084.278213238	50.789735078811646	1343370.660854838	42.354676246643066	1343161.058132465	31.971290588378906	1343513.5538234683	32.547489643096924	1342702.067646391	35.2512321472168	1340571.2201753925	
28.84020709991455	1343198.8556330786	48.95452046394348	1342379.7726647733	49.206573724746704	1342900.3530809437	29.775086879730225	1334781.928356096	32.18082666397095	1343087.748862845	50.815919399261475	1343092.9392160408	42.38145875930786	1343158.7767702918	31.98779606819153	1343544.5856059114	32.559995889663696	1342705.6477111664	35.266249895095825	1340568.7173354274	
28.863719701766968	1343187.6483577392	48.97790050506592	1342389.650965755	49.232595920562744	1342902.8295113775	29.797106981277466	1334812.213285889	32.206347942352295	1343083.55407472	50.84143614768982	1343086.7324270657	42.40897727012634	1343163.2082739812	32.00380516052246	1343575.1463183747	32.574002265930176	1342704.1448396859	35.27925992012024	1340637.3317641015	
28.888234615325928	1343194.9976810713	49.00155234336853	1342354.2105275635	49.258105993270874	1342887.526662475	29.818134307861328	1335139.090743469	32.230873346328735	1343090.1040685612	50.865370750427246	1343078.8940826356	42.43650460243225	1343154.4077357342	32.01993536949158	1343588.829866324	32.58763813972473	1342644.8608116175	35.292973279953	1340681.1728333875	
28.913244247436523	1343194.8444773809	49.02272939682007	1342313.9622364228	49.28313612937927	1342877.6678260253	29.840656280517578	1334718.5771708642	32.2549045085907	1343119.2339958146	50.89025831222534	1343098.4426290453	42.46242666244507	1343182.102676144	32.03843975067139	1343353.800021087	32.604647159576416	1342644.7916000322	35.306479692459106	1341489.7621897012	
28.935253381729126	1343027.9433983678	49.04827833175659	1342305.2138585218	49.31160378456116	1342854.4319945285	29.859670877456665	1334749.132466641	32.280163288116455	1343102.8708128377	50.917436599731445	1343123.9007826233	42.489189863204956	1343187.2294519565	32.054954051971436	1343353.5753692267	32.618656873703	1342626.362229832	35.320284843444824	1341491.1295229099	
28.955222129821777	1343012.1466577519	49.07294940948486	1342303.4176610613	49.33612108230591	1342861.557348586	29.879451990127563	1334762.8603693054	32.31775259971619	1343179.5876032168	50.945247173309326	1343135.3958122856	42.519346714019775	1343155.6693339434	32.07196831703186	1343380.3253266711	32.63249969482422	1342604.0996348816	35.33379054069519	1341263.6145369867	
28.982240438461304	1343055.5073205077	49.09849166870117	1342285.4524794628	49.36013317108154	1342886.0070752853	29.896469354629517	1334752.0258756918	32.35389733314514	1343213.989512963	50.97578144073486	1343130.045210472	42.548521757125854	1343088.2106053145	32.08697724342346	1343376.4458793693	32.64751172065735	1342582.1542155806	35.34680533409119	1341362.7776017725	
29.00425958633423	1343053.126899111	49.122514963150024	1342303.0410149426	49.383649826049805	1342897.3031206857	29.91852617263794	1334775.600005552	32.388351917266846	1343212.2389968294	51.00102972984314	1343127.4120336778	42.57490801811218	1343092.5293154828	32.102723836898804	1343220.3575678095	32.663294076919556	1342520.8903176768	35.3609721660614	1341416.2063681707	
29.027017831802368	1343024.57753383	49.14820122718811	1342299.8659039421	49.40636444091797	1342890.7021140894	29.938538789749146	1334431.7424790356	32.42548894882202	1343213.3182556864	51.03324294090271	1343128.98721901	42.6009955406189	1343036.0414385642	32.11873722076416	1343260.1296449471	32.67830753326416	1342542.2242086465	35.37447929382324	1340804.1181783096	
29.053606510162354	1343004.0250848478	49.173718214035034	1342297.3985040612	49.43237781524658	1342874.0706474006	29.960561275482178	1334441.695542562	32.46374726295471	1343216.8171617375	51.05734968185425	1343132.702635041	42.62572765350342	1343258.2864587295	32.13474655151367	1343250.8516538215	32.69281077384949	1342555.1778644237	35.38798546791077	1340841.3493847067	
29.08575940132141	1342996.4750279712	49.20040488243103	1342306.639071799	49.46044850349426	1342851.08556158	29.977722883224487	1334595.1184664343	32.501978158950806	1343116.1034671331	51.08147120475769	1343160.3959607335	42.65329456329346	1343288.4914676766	32.15175485610962	1343237.176516474	32.706820487976074	1342507.8608729457	35.40300273895264	1341304.4222665974	
29.112277269363403	1343033.628806911	49.2268180847168	1342289.6316957837	49.486639976501465	1342833.4505105924	29.997746229171753	1334575.7270628063	32.53954005241394	1343107.5639098077	51.10497069358826	1343150.4767184944	42.677316188812256	1343299.052328491	32.16930794715881	1343226.3630367252	32.72032618522644	1342500.972061221	35.41650915145874	1341318.8656472203	
29.135289669036865	1343075.4583148414	49.2532377243042	1342307.0671691154	49.51067590713501	1342852.6035929343	30.022802352905273	1334575.3864594654	32.57179522514343	1343113.8573416206	51.12899446487427	1343155.1674828697	42.70223903656006	1343299.3644906462	32.18481421470642	1343215.488619933	32.73546648025513	1342475.8685167558	35.43052673339844	1341369.9030724263	
29.161816835403442	1343070.7355927918	49.28175616264343	1342287.9334059423	49.534687995910645	1342877.4578265497	30.045833587646484	1334591.4545615257	32.60597777366638	1343110.3251660976	51.14700198173523	1343133.5193722723	42.72857713699341	1343299.3665842353	32.19950890541077	1343180.9452071232	32.75035810470581	1342472.2980008954	35.445035457611084	1341380.0444591797	
29.18583035469055	1343120.528053267	49.305359840393066	1342298.54635686	49.558228731155396	1342883.5052450239	30.069679498672485	1334304.7405561996	32.64182448387146	1342864.5711294266	51.17410087585449	1343073.9135764039	42.75362730026245	1343287.959961667	32.21884608268738	1343182.4171389258	32.7663676738739	1342485.9338338573	35.45904731750488	1341378.741268688	
29.214049100875854	1343088.938106103	49.3307466506958	1342294.2712539344	49.58276629447937	1342818.250361152	30.092200994491577	1334303.8924215315	32.683395862579346	1342855.2891042957	51.20889329910278	1343095.3896941235	42.78121018409729	1343298.9390275213	32.23596167564392	1343145.0060619034	32.780449867248535	1342491.4584153453	35.47306036949158	1341384.3626943808	
29.237962007522583	1343075.2012559713	49.35269856452942	1342296.5081867746	49.604955434799194	1342783.427759914	30.115558624267578	1334382.1642844144	32.72115516662598	1342881.5855774237	51.23541069030762	1343057.2815147047	42.808101415634155	1343299.348027487	32.250916481018066	1343189.5976209803	32.79666781425476	1342553.1820741778	35.48656988143921	1341355.9585659006	
29.266484022140503	1342583.010901115	49.377500772476196	1342291.1688135413	49.63700985908508	1342788.7096603173	30.137568712234497	1334374.5263910817	32.75447678565979	1343144.8973016557	51.262208461761475	1343057.6389018472	42.83363199234009	1343388.5122634214	32.26493239402771	1343174.8912182664	32.811174631118774	1342557.4937417181	35.501028299331665	1341349.94363165	
29.29695701599121	1342494.6038375886	49.407310962677	1342304.7758049814	49.662532567977905	1342790.6357546214	30.161088228225708	1334312.0500749773	32.7873740196228	1343150.9969760708	51.284735679626465	1343079.3227936965	42.855501651763916	1343398.1860876183	32.28085255622864	1343210.317121672	32.8248245716095	1342574.3734966994	35.51453518867493	1341336.0899891562	
29.319470643997192	1342487.3863347901	49.43408274650574	1342304.1114429028	49.68476581573486	1342782.8208701757	30.179596424102783	1334282.1082778766	32.82346963882446	1343148.9525192445	51.31488585472107	1343082.0030940953	42.8785195350647	1343389.4906956987	32.29686498641968	1343962.2197191769	32.84032988548279	1342569.3272565443	35.52954697608948	1341343.2778142805	
29.34048366546631	1342461.922993992	49.45702266693115	1342290.844331881	49.7124981880188	1342786.8634230266	30.192617893218994	1334285.8132921418	32.855725049972534	1343099.3045672881	51.346258878707886	1343081.732585582	42.90332555770874	1343201.1558282576	32.31699872016907	1343539.2900877742	32.85433626174927	1342583.1439157296	35.54305958747864	1341334.0790632162	
29.365222215652466	1342470.0658311334	49.482248306274414	1342299.3401397658	49.738202810287476	1342801.4934504677	30.207120895385742	1334808.864802442	32.891374588012695	1343099.7117562527	51.37684965133667	1343087.519035615	42.92734360694885	1343371.4664939113	32.33564281463623	1343784.6438506462	32.86784291267395	1342594.600514964	35.556581020355225	1341342.91505413	
29.388630390167236	1342464.7251020903	49.50858449935913	1342305.7746938118	49.765212297439575	1342758.4038174655	30.222636938095093	1335044.9051813367	32.934611558914185	1343098.124566338	51.40747833251953	1343098.4131292866	42.952940702438354	1343373.1215087553	32.351653814315796	1343545.604364591	32.88485050201416	1342596.952448534	35.57159781455994	1340902.8358059775	
29.41446304321289	1342461.9759343204	49.533626317977905	1342304.395376016	49.78823685646057	1342760.7620021594	30.238139867782593	1335039.7984031753	32.974377155303955	1343097.8148741794	51.44102096557617	1343064.351813572	42.98078775405884	1342502.3737346744	32.368932247161865	1343680.8225385179	32.89835810661316	1342597.7686034713	35.58510422706604	1340915.1690505447	
29.435834646224976	1342473.9867003364	49.55878162384033	1342231.1623824819	49.81343221664429	1342770.447648647	30.253793239593506	1335053.4490498595	33.01387166976929	1343096.9748480583	51.47286081314087	1343047.5904940476	43.00338411331177	1342539.414910446	32.38528513908386	1343673.5846063155	32.914483070373535	1342685.0737490065	35.59911584854126	1340893.9427269767	
29.463858366012573	1342456.7952015805	49.58265805244446	1342219.735495809	49.84196352958679	1342772.9169281095	30.27005624771118	1335069.776097377	33.05229616165161	1343100.6496731392	51.503398180007935	1343121.6220196534	43.03291201591492	1342523.6897447165	32.400994300842285	1343670.5588639642	32.92997860908508	1342692.3542455856	35.61262631416321	1341159.8257771046	
29.493001699447632	1342904.7912371226	49.60813593864441	1342221.664871231	49.869977712631226	1342766.3426876878	30.284066677093506	1334511.9776293177	33.09385442733765	1343100.148757882	51.53262186050415	1343117.2005450847	43.05890393257141	1342492.1159181204	32.41700530052185	1343697.2488479752	32.94719362258911	1342691.0713325462	35.62713694572449	1340866.9004807347	
29.51416778564453	1342894.8942036682	49.62973213195801	1342235.2454470731	49.89802074432373	1342749.3519714843	30.300575971603394	1334526.342987095	33.12925744056702	1343103.5565120026	51.561137199401855	1343104.2898696465	43.08922338485718	1342591.1439436218	32.43201422691345	1343700.0900558464	32.961329221725464	1342686.595894331	35.64115118980408	1340493.0784444048	
29.538689613342285	1342893.7687745425	49.65508985519409	1342178.6005892952	49.92504525184631	1342754.3803807085	30.314627408981323	1334530.4706906255	33.173622608184814	1343106.8777442505	51.588268756866455	1343115.091578723	43.11875891685486	1342585.1298896442	32.44552206993103	1343703.6066951754	32.975342988967896	1342700.4449843653	35.65416646003723	1340507.6815441307	
29.562360048294067	1342891.6495168665	49.67918944358826	1342237.7146183169	49.956584215164185	1342716.21478545	30.329246997833252	1334544.3589919873	33.209110260009766	1343109.267266301	51.62032747268677	1343153.678195804	43.14336681365967	1342508.5441377251	32.47004175186157	1343509.4134153286	32.989856004714966	1342716.591666003	35.666674852371216	1340523.0992976162	
29.589879035949707	1342877.1505009537	49.70471739768982	1342227.472210426	49.98547315597534	1342733.4612369037	30.343266248703003	1334604.5654640717	33.25426363945007	1343113.3861225508	51.6564576625824	1343113.5754383553	43.168967485427856	1342503.937191676	32.49777865409851	1343508.7526035055	33.00586009025574	1342716.0442646425	35.68069314956665	1340532.0487463274	
29.608891248703003	1343191.1410034976	49.73414373397827	1342221.616015182	50.01169157028198	1342722.8981317694	30.356772899627686	1334611.3734211961	33.29617643356323	1343150.5646864078	51.68419933319092	1343170.8345661915	43.192485094070435	1342493.8116915296	32.524762868881226	1343497.8633436	33.0203640460968	1342637.7244093393	35.69519853591919	1340535.0916335145	
29.62967824935913	1343193.3726900916	49.75719904899597	1342222.0667789078	50.04321241378784	1342800.2453114057	30.371790170669556	1334611.7830164377	33.33546566963196	1343076.606712791	51.7123064994812	1343171.1245398738	43.21650981903076	1342508.1231227396	32.55001711845398	1343580.0602283436	33.03359508514404	1342635.3468078275	35.70743775367737	1340523.3099321777	
29.654680967330933	1342888.930068425	49.78171730041504	1342229.238282157	50.072916746139526	1342809.2996809657	30.387293338775635	1334608.592134349	33.38062620162964	1343072.4290617874	51.74282789230347	1343166.2554173688	43.24316692352295	1342497.8913574254	32.58231019973755	1343447.4534090834	33.04960322380066	1342638.2702995285	35.72445106506348	1340467.890458991	
29.681459188461304	1342885.1090193435	49.80273652076721	1342226.0748300343	50.10194683074951	1342790.562878953	30.402310132980347	1334592.2135243206	33.414483308792114	1343075.0705236152	51.77285289764404	1343171.8736703608	43.26918697357178	1342474.7499369497	32.60989236831665	1343433.7511397034	33.064302921295166	1342674.1106130353	35.74249005317688	1340550.246063772	
29.70797348022461	1342889.7710041294	49.82751250267029	1342218.61795197	50.127482414245605	1342784.4755333448	30.416332960128784	1334694.8110924193	33.45713949203491	1343073.1019028504	51.80520963668823	1343187.9850698407	43.29797625541687	1342403.3642453847	32.63759756088257	1343397.3901320375	33.07838559150696	1342656.1904885587	35.75836205482483	1340588.2336194224	
29.734992027282715	1342907.2563209755	49.850043058395386	1342227.5630829108	50.1570086479187	1342824.539516211	30.430845737457275	1334692.2638124835	33.49322700500488	1343025.5284616363	51.83516788482666	1343185.7610264865	43.32550668716431	1342404.6931778227	32.67119002342224	1343397.5777503205	33.092891216278076	1342646.9809293437	35.774911880493164	1340593.3170091533	
29.753182888031006	1342428.79148355	49.87459421157837	1342208.5723339356	50.18454027175903	1342844.906764235	30.44486141204834	1334756.1166634466	33.53413200378418	1343031.1482638041	51.86870503425598	1343356.5836857052	43.35503363609314	1342666.9502849912	32.69781947135925	1343382.3118586836	33.106900215148926	1342658.9886340755	35.791929721832275	1340567.21530018	
29.774338722229004	1342422.2324810259	49.90174436569214	1342229.6461395016	50.21286106109619	1342847.9019145793	30.45936942100525	1334757.5515581635	33.57068586349487	1343033.5096738292	51.897273778915405	1343382.3516788029	43.37993097305298	1342582.5057118372	32.721277952194214	1343396.920584872	33.1219379901886	1342668.1866146086	35.80643677711487	1340565.6010193895	
29.800967693328857	1342411.1514380465	49.92685914039612	1342238.6700288951	50.24143624305725	1342850.8933124926	30.477384328842163	1334781.6786492588	33.6133451461792	1343138.0351377458	51.923054218292236	1343390.9341502741	43.40656781196594	1342575.544166792	32.74617600440979	1343380.1996076272	33.13769292831421	1342666.9280798782	35.822450399398804	1340565.0832866307	
29.82370114326477	1342412.149393496	49.95164489746094	1342228.0386648523	50.27024722099304	1342776.2971979731	30.493338346481323	1334447.7194629437	33.654390811920166	1343137.6779731596	51.950159311294556	1343184.2388689362	43.44015836715698	1342579.3626515137	32.7807514667511	1343442.832183302	33.15282726287842	1342694.9107300348	35.839462995529175	1340562.48208476	
29.85085940361023	1342360.478601855	49.97828555107117	1342215.9625174722	50.29798769950867	1342729.6739306948	30.50905179977417	1334463.095807796	33.690425157547	1343146.6556641497	51.98044967651367	1343159.036507515	43.46697974205017	1342628.060752403	32.80876564979553	1343423.4013558233	33.167351961135864	1342728.6463028365	35.85347867012024	1340444.918580478	
29.875372409820557	1342343.757858528	50.00300908088684	1342216.1921320776	50.32269310951233	1342728.7287327545	30.52201008796692	1334475.3822708619	33.732956886291504	1343156.9997473983	52.01225185394287	1343153.345743588	43.49242901802063	1342625.5513094948	32.835854053497314	1343424.544751755	33.182469606399536	1342730.4971833508	35.86698794364929	1340496.1484383158	
29.900551080703735	1342342.60564537	50.02752089500427	1342224.5392434073	50.347214698791504	1342725.1951797511	30.53851842880249	1334095.9899642596	33.77745747566223	1343148.9283818451	52.04538011550903	1343166.5000342974	43.51683592796326	1342627.5323589372	32.8658332824707	1343436.3984415939	33.197078227996826	1342708.8907844056	35.885010957717896	1340507.5460430742	
29.925986528396606	1342327.8634883442	50.051923990249634	1342222.8834476422	50.372230529785156	1342705.6948588155	30.552538871765137	1334108.5732131037	33.81513977050781	1343139.8908425886	52.07661557197571	1343177.4041359124	43.542224407196045	1342643.1196449578	32.89089775085449	1343433.430460952	33.21057653427124	1342723.9204692321	35.89977669715881	1340496.0178974073	
29.950119018554688	1342327.1300324197	50.07451343536377	1342217.2999221508	50.40262174606323	1342682.7911611036	30.567049980163574	1333926.9036184694	33.85560917854309	1342434.5114437183	52.110132932662964	1343177.4979752274	43.56899976730347	1342603.005832878	32.91744112968445	1343442.2165883477	33.22812509536743	1342724.2945155199	35.91729760169983	1340421.614527603	
29.972792625427246	1342329.017887418	50.09953331947327	1342205.1621018841	50.43081068992615	1342681.9930791864	30.5820734500885	1334300.9990250987	33.891655683517456	1342482.4162626022	52.14008188247681	1343181.2115664422	43.59761452674866	1342598.7558122703	32.94497513771057	1343415.1106768495	33.24062991142273	1342724.1156468098	35.935312271118164	1340401.874219444	
29.993805646896362	1342335.1617890317	50.12899088859558	1342207.7211562325	50.45883059501648	1342712.911718003	30.595584869384766	1334270.641205682	33.931737661361694	1342494.426515229	52.16910982131958	1343201.2576770491	43.625144481658936	1342541.5834555477	32.9710488319397	1343393.8149710528	33.25477576255798	1342718.5339744105	35.95418047904968	1340408.251499239	
30.015820264816284	1342321.6907677387	50.15440011024475	1342152.5762714257	50.48377346992493	1342812.7667558766	30.61310577392578	1334279.7123853185	33.972819089889526	1342475.063642207	52.204081535339355	1343204.8743944482	43.65116238594055	1342256.3100654972	32.99524712562561	1343401.877986402	33.27028560638428	1342723.9603880518	35.970194578170776	1340470.4666799672	
30.044832468032837	1342334.5184490439	50.181724548339844	1342164.3913744695	50.51179337501526	1342822.828942962	30.629611492156982	1334535.933149391	34.00161576271057	1342463.4086683858	52.23493957519531	1343215.4820215427	43.68203616142273	1342606.7840345642	33.02530550956726	1342694.2819413983	33.28972625732422	1342726.5889746586	35.989208459854126	1340479.7351820716	
30.066561937332153	1342345.2766394557	50.209721326828	1342166.5153284722	50.54681873321533	1342836.596069166	30.64362907409668	1334640.6679037914	34.03005647659302	1342458.4251146563	52.26942825317383	1343179.182253385	43.7100944519043	1342607.4728765946	33.05282258987427	1343569.7962169307	33.321940660476685	1342749.6973456023	36.006964683532715	1340480.4752512022	
30.08757996559143	1342341.7974377158	50.23554587364197	1342159.470046051	50.57483625411987	1342766.9807539	30.65887713432312	1334653.3817573476	34.05507254600525	1342447.874728711	52.29996037483215	1343177.370541283	43.7346248626709	1342603.8153091047	33.0788357257843	1343583.3014496793	33.350260496139526	1342760.6891345035	36.024983644485474	1340452.4274544036	
30.1097252368927	1342345.4815977532	50.2613570690155	1341990.539783234	50.604981660842896	1342756.8908694966	30.67592763900757	1334649.3530261305	34.08161163330078	1342271.9306997783	52.33187127113342	1343196.2069472508	43.761149883270264	1342596.3418831353	33.103140115737915	1343593.09291249	33.37523341178894	1342762.3816455458	36.04199695587158	1340453.166592669	
30.13673973083496	1342344.7045867299	50.28506088256836	1342001.9231976501	50.63983225822449	1342755.9633368289	30.690937519073486	1334642.4756826905	34.10713505744934	1342279.8579513938	52.35938739776611	1343186.9233303817	43.78791880607605	1342616.8556964311	33.13399410247803	1343602.0369259808	33.39752268791199	1342748.220005944	36.05952072143555	1340472.4170358486	
30.159841775894165	1342354.702446595	50.30707049369812	1342004.3606912096	50.666300535202026	1342752.6812520244	30.706463098526	1334503.2775122602	34.1318998336792	1342284.5653604798	52.38677978515625	1343194.6719505673	43.8120059967041	1342623.1001095173	33.1604585647583	1343443.5703984057	33.42203736305237	1342657.3481708502	36.07802963256836	1340483.2349266396	
30.183557748794556	1341915.7879036916	50.33210611343384	1341982.9788205675	50.693774700164795	1342748.8567396137	30.723772287368774	1334591.415844543	34.15688467025757	1342272.6169958813	52.42089247703552	1343218.4867291462	43.83906960487366	1342634.403613684	33.18747806549072	1343445.5399311506	33.44420599937439	1342667.9101491526	36.09355068206787	1340488.3686051304	
30.202576398849487	1341963.1392180934	50.360068798065186	1341986.2603620102	50.72117233276367	1342575.6782113977	30.739278316497803	1334595.4085436228	34.18206548690796	1342306.1010980187	52.45142722129822	1343218.2730409717	43.86778998374939	1342630.5501527202	33.21609687805176	1343443.6914110768	33.4727144241333	1342679.0295411039	36.10930275917053	1340036.7263695688	
30.21858811378479	1342179.0315848838	50.38607335090637	1341926.1652523659	50.74871301651001	1342576.3834646898	30.754295825958252	1334598.9124071924	34.204309940338135	1342318.4632891382	52.47976732254028	1343216.0879963406	43.89449906349182	1342616.6689916041	33.240330934524536	1343393.9330191829	33.49723792076111	1342680.735939082	36.123812675476074	1340218.9058506116	
30.231247186660767	1342180.5221172476	50.41661334037781	1341938.7717614926	50.77822709083557	1342750.0414840356	30.769803762435913	1334601.1734777808	34.229355573654175	1342325.8866060695	52.514244079589844	1343204.3202251478	43.92502784729004	1342615.0216215935	33.26734781265259	1343414.2245078385	33.51924920082092	1342631.6404661646	36.14082598686218	1340228.8608552811	
30.244544744491577	1342193.2741126046	50.44508957862854	1341932.2456458313	50.80812859535217	1342743.9129908383	30.785820722579956	1334603.9434599306	34.253376960754395	1342937.7803516758	52.5422797203064	1343231.7478446988	43.953686475753784	1342599.4261886154	33.30062294006348	1343418.6221290804	33.54079484939575	1342678.5959128775	36.1573007106781	1340217.3284138027	
30.258071899414062	1342203.7375009977	50.4671676158905	1341934.3095364168	50.836976528167725	1342744.6234389967	30.800830364227295	1334629.7393412376	34.275395154953	1342927.793613173	52.576369285583496	1343223.2574314773	43.980446577072144	1342598.3048799136	33.32514023780823	1343424.5183074488	33.564615964889526	1342732.06133711	36.176313400268555	1340211.4415856975	
30.271243572235107	1342208.0856591335	50.49018096923828	1341964.5062389835	50.86377668380737	1342738.0205585484	30.81484293937683	1334620.6854275952	34.297929525375366	1342910.423332964	52.60897994041443	1343230.7448821736	44.00678873062134	1342603.486170083	33.354655265808105	1343470.0970348488	33.5906286239624	1342733.8331463556	36.195019245147705	1340209.9624192643	
30.286940097808838	1342157.1502433368	50.52153468132019	1341937.8235058512	50.89243197441101	1342738.0180708903	30.830851554870605	1334612.7059385537	34.3248496055603	1342820.1766832406	52.6373450756073	1343259.4533516816	44.03345990180969	1342552.7848444511	33.38106656074524	1343455.8505975765	33.61514496803284	1342740.9495623594	36.20902490615845	1340201.1702345498	
30.298956871032715	1342141.170763048	50.545300245285034	1342202.9358657165	50.91996955871582	1342735.80669418	30.845361471176147	1334615.58246957	34.35043501853943	1342278.845279296	52.66889977455139	1343297.575223934	44.06001091003418	1342596.9408500495	33.40370798110962	1343445.2614616933	33.64038300514221	1342741.6728394337	36.22253489494324	1340341.4856495685	
30.312463521957397	1342137.9980702025	50.574548959732056	1341872.1908321907	50.951502561569214	1342746.0984083514	30.861446380615234	1334594.34839643	34.376797676086426	1342256.017732717	52.69758367538452	1343271.6155458128	44.0840699672699	1342594.5288270516	33.440758228302	1343450.4806757527	33.66541051864624	1342750.6175479004	36.23704242706299	1340251.648755303	
30.325972080230713	1342150.6735173666	50.60057187080383	1341866.409602466	50.97602844238281	1342727.8564811083	30.87595248222351	1334604.965077405	34.40054774284363	1342257.4852128285	52.72766900062561	1343275.3554294992	44.110835313797	1342612.077627327	33.46448993682861	1343449.6223918137	33.688989877700806	1342749.877762148	36.2510552406311	1340201.4532514177	
30.339989185333252	1342143.5396449987	50.628093957901	1341857.447873891	51.00484776496887	1342706.4647739443	30.8894624710083	1333945.9501036238	34.422688245773315	1341662.4942576457	52.758018255233765	1343278.1556624803	44.13699722290039	1342137.951573816	33.49046993255615	1343421.6957020299	33.7130012512207	1342752.665766995	36.26507115364075	1340179.689855102	
30.354498863220215	1342136.8377112558	50.655611515045166	1341870.9859843468	51.03262543678284	1342716.2171670638	30.904476404190063	1333926.1926374275	34.446712493896484	1341743.6012012851	52.78423357009888	1343251.3676848086	44.16225719451904	1342131.965616555	33.51701855659485	1343258.8726547873	33.738059282302856	1342742.7702648307	36.28108525276184	1340139.1762117136	
30.36914086341858	1342142.6835372013	50.67832136154175	1341875.1804000775	51.06033492088318	1342728.35659485	30.918996572494507	1333923.2946761474	34.472247838974	1341690.2338119834	52.80935001373291	1343252.2889306215	44.187488317489624	1342122.513647245	33.541141510009766	1343258.0416634968	33.76426959037781	1342735.2529324368	36.29359745979309	1340146.135146477	
30.383172512054443	1342155.63598677	50.70784783363342	1341864.9955990056	51.08927631378174	1342972.263043813	30.933788776397705	1333892.3624243485	34.49879217147827	1342198.0334503287	52.84413027763367	1343243.6051067943	44.21300959587097	1342126.1501773035	33.56879639625549	1343310.5696258082	33.791794538497925	1342734.422753911	36.307969093322754	1340096.5797548902	
30.396681785583496	1342144.0767902397	50.74086880683899	1341870.311955009	51.1168532371521	1342957.3590220737	30.94829750061035	1333908.8611129904	34.52032971382141	1342201.792575398	52.87877631187439	1343203.483689894	44.240041971206665	1342148.405637738	33.59646463394165	1343304.0070027844	33.81881308555603	1342703.9026612677	36.323039531707764	1340100.8167402064	
30.41269874572754	1342132.5119017062	50.76706862449646	1341864.7242011838	51.1444833278656	1342943.9597999747	30.961313009262085	1333917.2168146928	34.54666781425476	1342013.842935461	52.903939723968506	1343214.4625259463	44.26756691932678	1342150.933027451	33.62071633338928	1343280.0761773612	33.84504985809326	1342697.4503713155	36.33554649353027	1340142.1579141351	
30.42655658721924	1342187.3380195498	50.793951988220215	1341870.6708562658	51.17207098007202	1342926.6596585228	30.975818634033203	1334221.098126824	34.573707818984985	1342054.511974879	52.935906410217285	1343219.2301349335	44.29223585128784	1342172.563444899	33.64610457420349	1343217.5285763734	33.86906337738037	1342699.223858061	36.34955930709839	1340151.386493399	
30.440990686416626	1342214.009997732	50.81796979904175	1341893.8149983874	51.194997787475586	1342923.5291406077	30.992831468582153	1334222.0285296545	34.60131072998047	1342057.7222661232	52.964213371276855	1343207.526404613	44.31857442855835	1342254.475351356	33.67474055290222	1343208.5943025758	33.891085147857666	1342652.1978548772	36.3628146648407	1340150.4366043617	
30.45449924468994	1342223.9478361707	50.841498136520386	1341895.473638586	51.222928047180176	1342944.137322639	31.008337259292603	1334239.7581818528	34.6237051486969	1342073.2601511166	52.994223833084106	1343204.6036559094	44.349103927612305	1342305.3095014077	33.70038151741028	1343402.0545562508	33.915597915649414	1342585.1552614416	36.37532639503479	1340149.7624373555	
30.468519687652588	1342226.7854533826	50.86871862411499	1341885.9919720849	51.25016665458679	1343008.5209731492	31.02487063407898	1334264.5597617466	34.64706993103027	1342074.595638399	53.02388310432434	1343188.8484014398	44.378615379333496	1342297.8549459383	33.72321796417236	1343434.9372512267	33.94125556945801	1342577.8811079673	36.387834310531616	1340150.0206277007	
30.48203158378601	1342222.3614442172	50.89599061012268	1341892.1557540286	51.27930569648743	1342990.7345672396	31.041893482208252	1334279.6973575477	34.67124795913696	1342320.13938403	53.052401542663574	1343190.9508074159	44.4061336517334	1342302.2217336318	33.74919056892395	1343428.4463803994	33.96424913406372	1342576.7477063762	36.400851249694824	1340142.672278022	
30.496527194976807	1342210.246323974	50.92300581932068	1341918.1331655064	51.30537748336792	1342994.807585243	31.058904886245728	1334223.5331864562	34.69434642791748	1342550.9395657736	53.07669115066528	1343186.4147079447	44.43068265914917	1342308.2253758588	33.7802300453186	1343760.2309395145	33.99126982688904	1342598.613254831	36.413357734680176	1340146.946915474	
30.510539054870605	1342286.1492692553	50.94751954078674	1342340.5035964516	51.33203101158142	1342999.9424166805	31.073423862457275	1334213.1846817404	34.71723508834839	1342486.788384684	53.10078406333923	1343196.4240047417	44.45720458030701	1342320.2377477735	33.805076360702515	1343736.1031792234	34.015785455703735	1342600.4908682446	36.426193714141846	1340178.5928893308	
30.52404284477234	1342289.0550243692	50.97450852394104	1342344.6319122277	51.36066699028015	1343004.5742399553	31.092483043670654	1334209.8581056474	34.74252009391785	1342488.4095130186	53.128316164016724	1343173.9361577986	44.4812126159668	1342318.7931517465	33.834686279296875	1343473.758826065	34.041513204574585	1342602.9277232012	36.43951201438904	1340142.7099832708	
30.536548614501953	1342290.61036306	51.00153589248657	1342346.0277228558	51.385172843933105	1343053.0743176446	31.109394788742065	1334148.6255581048	34.76608848571777	1342498.0275898618	53.15513205528259	1343181.6019984635	44.50497913360596	1342321.058811913	33.85540199279785	1343474.8011037165	34.070027589797974	1342617.8060974793	36.45252537727356	1340144.4355909068	
30.551560401916504	1342295.3853238758	51.03311634063721	1342348.6377966562	51.410195112228394	1343040.2509533856	31.12396812438965	1334125.5798571308	34.793487310409546	1342497.8426313763	53.18118143081665	1343110.7330489047	44.52999663352966	1342329.5273240036	33.87987923622131	1343468.1561448015	34.098236322402954	1342599.1609298089	36.4675395488739	1340150.847343251	
30.566873788833618	1342247.7075009202	51.058144092559814	1342365.2922468004	51.43788027763367	1343041.3712863843	31.138478755950928	1334127.334132117	34.81867551803589	1342431.5741537283	53.204368591308594	1343099.5233744765	44.55497479438782	1342337.78810272	33.90739369392395	1343463.8920644503	34.12324666976929	1342600.2538071536	36.481555223464966	1340198.654168978	
30.579882383346558	1342572.5523332146	51.08284044265747	1342458.165911074	51.466700077056885	1343046.9019120242	31.154496431350708	1334106.862834325	34.844773054122925	1342448.8477924282	53.22899675369263	1342651.733712297	44.586228370666504	1342343.590994313	33.93478274345398	1343474.125098275	34.14788055419922	1342545.1329624075	36.494834899902344	1340176.091584437	
30.59538960456848	1342582.6030395878	51.10442900657654	1342462.3079018383	51.493733167648315	1343068.7513600292	31.1690034866333	1334107.4222807433	34.874064683914185	1342068.7798434275	53.255204916000366	1342744.963989031	44.615947008132935	1342344.359866733	33.966206312179565	1343239.9372536624	34.17089295387268	1342548.4604739002	36.50934195518494	1340162.8289522375	
30.60940718650818	1342563.7943877936	51.12634992599487	1342429.9964329603	51.51815438270569	1343060.177117921	31.185019731521606	1334122.9457804142	34.90010404586792	1342086.5066765677	53.27838110923767	1343122.1038326113	44.64346623420715	1342351.7720964754	33.98965811729431	1343253.4007357655	34.19676208496094	1342582.2859648578	36.52335548400879	1340198.232230085	
30.62571144104004	1342229.463508982	51.151487588882446	1342400.4827282506	51.54727911949158	1343058.4921437828	31.199536561965942	1334201.2070927967	34.92325401306152	1342070.7556569248	53.30389738082886	1343124.690895538	44.67298674583435	1342370.8104209115	34.01599144935608	1343252.9659595531	34.22151851654053	1342566.793744372	36.53686213493347	1340549.6388312404	
30.640434741973877	1342283.535369967	51.175926208496094	1342398.6407735771	51.572532415390015	1343043.0928911578	31.214052438735962	1334223.529869565	34.951128244400024	1341867.818932851	53.32891798019409	1343130.348729347	44.70925784111023	1342369.9030280046	34.04311919212341	1343605.9847270006	34.244699478149414	1342578.3963496569	36.55038499832153	1340553.100376172	
30.653674125671387	1342307.2903329497	51.19939589500427	1342413.509113732	51.59752011299133	1343045.1895776922	31.227558612823486	1334249.1577707315	34.97689604759216	1341868.0185530041	53.356141805648804	1343123.3360834615	44.73778462409973	1342497.0042180945	34.07085108757019	1343610.3618421454	34.27121138572693	1342583.7231576694	36.56510949134827	1340560.7304933977	
30.667682647705078	1342311.6392346686	51.2229859828949	1342389.0910259786	51.62244129180908	1343054.6915252798	31.244571685791016	1334308.23595319	34.99884581565857	1341904.5837301395	53.38066744804382	1343120.046998183	44.76346445083618	1342240.9075813561	34.091606855392456	1343601.5593361747	34.30003809928894	1342602.7770328713	36.58017110824585	1340573.7926925232	
30.681696891784668	1342280.831108877	51.24612212181091	1342525.55058291	51.64948058128357	1343065.7734787823	31.262591123580933	1334323.8296200223	35.02286982536316	1341908.341069384	53.40531802177429	1343096.554673494	44.787757873535156	1342211.205019811	34.12124752998352	1343261.4171741784	34.327019453048706	1342710.4145252102	36.59468984603882	1340581.1674183286	
30.693820476531982	1342293.1135661013	51.2757453918457	1342962.1464170069	51.678141593933105	1343036.7994276774	31.277812719345093	1334388.4013635423	35.0438871383667	1341912.1218014567	53.430354595184326	1343124.8135894155	44.81449317932129	1343076.1681753895	34.14765405654907	1343262.7442424712	34.351218938827515	1342710.930028633	36.60819864273071	1340576.414288341	
30.707829236984253	1342228.349963486	51.3032591342926	1342962.912222109	51.707080125808716	1343022.3548174144	31.293862342834473	1334387.6787316664	35.065908432006836	1341919.7003058228	53.45489025115967	1343109.6751208352	44.836265563964844	1343087.5995521606	34.17236018180847	1343255.8550844137	34.37411022186279	1342709.1335810777	36.62121558189392	1340575.030931293	
30.720341444015503	1342232.3375563158	51.32739210128784	1342984.1815242048	51.73315715789795	1343041.813609793	31.307476043701172	1334356.9746684572	35.09494686126709	1342074.5316019144	53.47757005691528	1343060.3030829232	44.860451459884644	1343110.3268888933	34.19872522354126	1343261.5659625772	34.397130727767944	1342708.7297025102	36.63572430610657	1340616.0960133574	
30.733848333358765	1342233.9001093311	51.35380673408508	1342992.7577973795	51.75821137428284	1343309.6678989334	31.32316017150879	1334377.1753667616	35.11998248100281	1342219.8368376829	53.4991557598114	1343065.3993305888	44.884257555007935	1343095.0639941725	34.22586011886597	1343415.7721483167	34.42229652404785	1342697.5631543077	36.65114378929138	1340615.2546573956	
30.747859716415405	1342234.2195492052	51.38051509857178	1342985.7360873723	51.786027669906616	1343331.5830901354	31.33666443824768	1334407.9342099105	35.14674520492554	1342170.6417602897	53.529688358306885	1343073.5839791463	44.90973258018494	1343082.3048402413	34.251837968826294	1343482.9582957942	34.44876146316528	1342693.2470985367	36.665650844573975	1340626.172245518	
30.760880708694458	1342244.4324141466	51.40637946128845	1342987.7628654556	51.81644606590271	1343314.6028541299	31.349179983139038	1334198.2233130704	35.177064180374146	1342180.6131688089	53.5522620677948	1343078.4957796554	44.93427300453186	1343090.2814085796	34.27992081642151	1343533.3658304333	34.476391315460205	1342710.350912724	36.682759046554565	1340607.025720484	
30.775094747543335	1342244.5953169658	51.429986000061035	1343041.7852720078	51.84593319892883	1343302.2624109474	31.36420178413391	1334184.0244259415	35.203861951828	1342170.0239095718	53.577303647994995	1343079.0503752825	44.96178412437439	1343043.247649417	34.30189228057861	1343565.9004013345	34.50140118598938	1342704.6579234865	36.7120795249939	1340631.1106081726	
30.78815460205078	1342247.9435048618	51.454530000686646	1343041.7761194275	51.87147617340088	1343317.6005439155	31.377708673477173	1334182.0038412118	35.22574234008789	1342168.3808714433	53.601258516311646	1343086.3429398527	44.98741865158081	1342991.4733367711	34.32859468460083	1343577.6694506109	34.52914881706238	1342712.9918937862	36.73886179924011	1340639.0088203384	
30.80066442489624	1342292.723874529	51.480196952819824	1343303.7786296566	51.89849615097046	1343313.1378768343	31.391737699508667	1334173.854504144	35.25426459312439	1342161.683568092	53.62780165672302	1343105.0372162447	45.01300668716431	1343010.0814526416	34.35860538482666	1343574.2298585277	34.55697584152222	1342728.0053472398	36.76134896278381	1340647.8401883526	
30.816168546676636	1342293.3623951804	51.50671362876892	1343071.0085522486	51.924095153808594	1343268.4009882205	31.40725588798523	1334176.7081907203	35.27527976036072	1342166.311124843	53.65183186531067	1343127.87446764	45.04072880744934	1343338.7538614876	34.380983114242554	1343862.8888977189	34.583311557769775	1342732.7626299232	36.77719807624817	1340661.2583377936	
30.827829122543335	1342301.8572158848	51.52997446060181	1343059.7561609528	51.95121645927429	1343225.0599011923	31.420782327651978	1334116.5150404328	35.30031871795654	1342160.4544017476	53.675042152404785	1343145.042579882	45.072245359420776	1343355.087633346	34.403029918670654	1343865.2308613493	34.60637354850769	1342731.3606031218	36.7929847240448	1340661.9028744318	
30.843339920043945	1342295.9826510248	51.55885291099548	1343065.3539805778	51.980281352996826	1343573.1409340224	31.433289766311646	1334166.2653874566	35.32707500457764	1341989.266538255	53.6980516910553	1343121.8806237227	45.09832811355591	1343368.127937629	34.42894530296326	1343871.6683049393	34.630261182785034	1342725.4452689362	36.80600428581238	1340665.392915374	
30.856905698776245	1342277.5093879353	51.58317828178406	1343055.4952570589	52.006948709487915	1343500.3302552847	31.445798635482788	1334094.2465700572	35.35379481315613	1342016.4720873514	53.72531843185425	1343125.1812599925	45.13667297363281	1343361.0379810445	34.45221018791199	1343883.0085177138	34.654273986816406	1342719.1347553057	36.82107424736023	1340644.0918199117	
30.868960857391357	1342251.340387666	51.623860597610474	1343036.0313556097	52.03427815437317	1343490.6784345296	31.459309339523315	1334090.0047604963	35.37907075881958	1342016.4978233913	53.754395484924316	1343132.7931499798	45.15869688987732	1343345.088782413	34.474445819854736	1343594.5565769332	34.67941904067993	1342722.9792128669	36.83491373062134	1340651.103763617	
30.883464097976685	1342015.0869418473	51.64987087249756	1343038.950204185	52.061304330825806	1343474.9933577683	31.475960969924927	1333854.6470963776	35.41049551963806	1342031.0637467306	53.777918577194214	1343143.0143697448	45.184253454208374	1343354.1017823573	34.5005784034729	1343605.7507821536	34.70343279838562	1342730.5435455248	36.8486065864563	1340635.3238773653	
30.89782214164734	1342520.2048841356	51.67738723754883	1343057.7804161378	52.08735966682434	1343487.402339179	31.49197506904602	1333898.235352657	35.435725688934326	1342037.2605185448	53.80054545402527	1343164.1549233156	45.212719440460205	1343348.1035445146	34.52561950683594	1343610.7934779297	34.7326135635376	1342229.4633899608	36.86241674423218	1340644.9742435082	
30.911928176879883	1342534.988454872	51.702903747558594	1343061.7859204803	52.11016035079956	1343489.1234166324	31.505914211273193	1333855.6261685144	35.4617555141449	1342049.4951290006	53.82507824897766	1343158.2079775517	45.236735582351685	1343313.9789591513	34.55038070678711	1343608.1220002593	34.7591335773468	1342227.584281536	36.877882957458496	1340593.5990132792	
30.927934646606445	1342542.0021979064	51.73224854469299	1343048.5501464994	52.137133836746216	1343503.8562463862	31.5179500579834	1333858.3613466613	35.48779845237732	1342058.4502606473	53.851094007492065	1343133.105452334	45.25934195518494	1343332.2263006081	34.57656717300415	1343597.3881638458	34.7952139377594	1342251.6278279556	36.891907691955566	1340543.2175128704	
30.942450523376465	1342512.8200029011	51.759894371032715	1343057.5370751391	52.16328954696655	1343658.9758392714	31.532961130142212	1333866.742011968	35.516438245773315	1342066.543714478	53.87788391113281	1343153.570443444	45.28590655326843	1343355.265409998	34.60260033607483	1343583.1522132468	34.832470655441284	1342256.4154352597	36.907206535339355	1340348.9453096145	
30.95613932609558	1342513.8111008285	51.7848687171936	1343093.2195716063	52.191248655319214	1343674.1486083881	31.54689121246338	1333870.8930602332	35.53782510757446	1342060.6614823749	53.902172327041626	1343155.6294903702	45.318209409713745	1343335.061869078	34.626757860183716	1343575.52532759	34.87651610374451	1342231.1251830158	36.92072677612305	1340344.384455599	
30.96881866455078	1342871.4051062537	51.81187987327576	1343088.267005	52.21539115905762	1343676.7367638538	31.56121563911438	1333874.4779048006	35.56635069847107	1342026.8601656316	53.92898678779602	1343178.0806724348	45.346752882003784	1343335.6497188623	34.649492263793945	1343569.637695332	34.91303825378418	1342219.6100704554	36.93474078178406	1340350.9529305957	
30.983330726623535	1342867.0423117257	51.8406035900116	1343078.805639721	52.242088079452515	1343654.143699761	31.57672667503357	1334128.661414145	35.595526933670044	1342045.7131547488	53.95499086380005	1343167.619703128	45.377501249313354	1343040.0621896982	34.67473864555359	1343612.8643044839	34.95653176307678	1342208.1193722591	36.947765827178955	1340332.2298616092	
30.998345851898193	1342638.864893935	51.867005825042725	1343046.819319648	52.26581525802612	1343670.809824826	31.589239597320557	1333851.1037537532	35.62158203125	1342049.4591375026	53.97800588607788	1343180.4190312696	45.40959882736206	1343035.4826511191	34.699355125427246	1343601.6019614954	34.99478626251221	1342186.1194974047	36.962560176849365	1340331.4300044896	
31.012857675552368	1342640.3434465793	51.89385747909546	1343044.0050973368	52.2883517742157	1343676.8634147684	31.60425901412964	1333869.703923148	35.647183895111084	1342051.5183114947	54.00232648849487	1343188.6787016683	45.43733477592468	1343039.8108542308	34.72268891334534	1343591.824711242	35.028197050094604	1342183.2845128474	36.97657108306885	1340331.888253192	
31.028231620788574	1342630.0696821671	51.91586685180664	1343072.8091909639	52.31225395202637	1343682.232364381	31.619276762008667	1333878.254634376	35.67672944068909	1342029.8277211378	54.02984642982483	1343194.2106468568	45.46043062210083	1343101.244693305	34.74619650840759	1343593.900326133	35.065337896347046	1342176.3408330402	36.99110007286072	1340335.9488355797	
31.043420553207397	1342794.4121068132	51.94071292877197	1343059.5569081102	52.337233781814575	1343674.571245152	31.63529324531555	1334142.3794334005	35.7020800113678	1342045.0685780412	54.05400037765503	1343194.6862790855	45.49079632759094	1343100.165814679	34.770785093307495	1343591.0188898235	35.10590887069702	1342578.2259455884	37.005117893218994	1340354.619901426	
31.059430360794067	1342785.1008727187	51.97187352180481	1343046.9729583187	52.36265730857849	1343684.537062796	31.649805545806885	1334142.7303777928	35.72860836982727	1342051.06129484	54.07928800582886	1343196.3443484153	45.51508808135986	1343083.0457003084	34.79697299003601	1343560.0549383385	35.14698505401611	1342568.0284288751	37.01963806152344	1340347.7384100868	
31.073935985565186	1342792.9555637087	51.99790716171265	1343047.7364033742	52.38908791542053	1343643.9172035868	31.66564965248108	1334140.734009166	35.757867097854614	1342066.7747931748	54.10477018356323	1343168.9805989263	45.538989305496216	1343043.532889779	34.82641291618347	1343571.44423084	35.185559034347534	1342576.0928189603	37.0341591835022	1340364.2445040569	
31.088948011398315	1342755.128838826	52.019920349121094	1343050.839047971	52.41506099700928	1343654.8434037468	31.680673599243164	1334144.1218348693	35.7828528881073	1342071.5897211067	54.12856340408325	1343134.948699867	45.56552171707153	1343006.824288671	34.85041809082031	1343560.7444175384	35.2288019657135	1342582.2357349114	37.04717302322388	1340348.317743186	
31.10245633125305	1342378.4810632535	52.052850008010864	1342975.0364623072	52.440120458602905	1343818.1819116983	31.695197820663452	1334118.5752868345	35.804587602615356	1342062.1044531006	54.15232825279236	1343109.4546426972	45.58778929710388	1343006.81626991	34.87541842460632	1343530.6290810958	35.26990056037903	1342546.5496334895	37.06142568588257	1340359.6597719318	
31.118467807769775	1342374.6909313456	52.082139015197754	1342977.2030866703	52.467766523361206	1343821.4056216313	31.70989680290222	1334117.256597619	35.83320951461792	1342088.783764739	54.173959493637085	1343112.7722006766	45.617016553878784	1343008.3120607543	34.901094913482666	1343835.597451024	35.31345272064209	1342555.0467796803	37.07834267616272	1340363.7635338889	
31.133978128433228	1342382.9232350215	52.10391449928284	1342977.220633499	52.49210739135742	1343831.6608594626	31.724953174591064	1334126.8245106132	35.85723924636841	1342617.735399904	54.19570708274841	1343130.3577360143	45.64362812042236	1343017.7572278911	34.926194190979004	1343801.8989119	35.35159611701965	1342540.8634530369	37.093892097473145	1340345.450405765	
31.15000319480896	1342375.3650813831	52.129056215286255	1342987.9603533554	52.51650857925415	1343821.6368968207	31.73946976661682	1334351.1320421703	35.880674839019775	1343012.6283602489	54.2200288772583	1343131.0583290644	45.670198917388916	1342838.202163845	34.94991970062256	1343746.9864523173	35.399786949157715	1342208.6093503006	37.107730865478516	1340342.555905028	
31.16273593902588	1342370.8855892064	52.15359592437744	1342870.180472973	52.54347515106201	1343820.5416987448	31.755483388900757	1334354.844232149	35.9095344543457	1343103.5777779433	54.24605631828308	1343097.9684307184	45.697670698165894	1342843.1455078248	34.97663855552673	1343710.4389315161	35.43864321708679	1342196.1805572994	37.12125515937805	1340339.4918311643	
31.176244497299194	1342374.2468318327	52.17659616470337	1342895.218912435	52.57134771347046	1343978.9752977225	31.770491361618042	1334334.870846079	35.93481922149658	1343094.9391311742	54.27206635475159	1343122.5702287287	45.7209198474884	1342860.6747563314	35.00142312049866	1343724.9651037643	35.47423243522644	1342199.2617195703	37.13577389717102	1340336.4023525387	
31.189260005950928	1342389.5037935139	52.205615282058716	1343229.0499962831	52.596343994140625	1343884.4138952016	31.78299832344055	1334334.5833900722	35.959065675735474	1343101.8757072364	54.2977774143219	1343122.9906109725	45.7454354763031	1342854.767045864	35.029980421066284	1343715.6606480703	35.51423382759094	1342202.5588430183	37.15030360221863	1340364.8576514137	
31.20376944541931	1342418.6993772674	52.23074221611023	1343237.5885270685	52.62135410308838	1343896.5388779505	31.79750657081604	1334299.6214582438	35.98925423622131	1343158.2154680577	54.32179856300354	1343192.2667351314	45.76852297782898	1342898.3861659756	35.053539514541626	1343730.989845753	35.557334423065186	1342237.4209085035	37.16455864906311	1340383.0500955638	
31.21777629852295	1342411.4599179921	52.25349140167236	1342920.566233714	52.65407419204712	1343879.956912723	31.811225175857544	1334296.022873196	36.01085424423218	1343139.7761895922	54.34383273124695	1343216.2180699063	45.799739360809326	1342897.8624750236	35.08153986930847	1343738.1284757806	35.5948588848114	1342237.7515010417	37.17958164215088	1340381.9335351614	
31.232789754867554	1342416.4319225363	52.278661489486694	1342915.6973750577	52.678993701934814	1343901.0232922537	31.824238538742065	1334291.3428045472	36.03670883178711	1343137.4596190613	54.37299585342407	1343228.4117706064	45.82676291465759	1342929.2644395083	35.10384964942932	1343745.6878351632	35.63585615158081	1342239.518944942	37.19260263442993	1340378.9060322938	
31.249912977218628	1342413.383715496	52.30315947532654	1342889.6137322614	52.703362226486206	1343883.4621964083	31.839742183685303	1334293.922974019	36.05880093574524	1343098.6359254664	54.39850330352783	1343237.2267154187	45.85909366607666	1343336.2402301573	35.127925872802734	1343749.2588970007	35.67441487312317	1342213.1611962742	37.2056143283844	1340380.1805299225	
31.264920711517334	1342389.5576284942	52.32672333717346	1342852.123974082	52.72958564758301	1343873.7285870095	31.854259729385376	1334362.7666092182	36.088846921920776	1343108.8237214526	54.43108654022217	1343405.3483610195	45.885114908218384	1343370.903957036	35.15087938308716	1343738.8752776925	35.714452266693115	1342225.9271056615	37.220629930496216	1340379.3497148624	
31.280938148498535	1342561.576552296	52.35452675819397	1342874.6115623438	52.7525269985199	1343530.163214526	31.869290828704834	1334531.4614549032	36.118807315826416	1343052.1253140857	54.46670198440552	1343437.7926452693	45.922847032547	1343335.8306173517	35.17505645751953	1343809.0840031242	35.74853873252869	1342226.2586537972	37.23464226722717	1340345.0307114723	
31.295443534851074	1342598.5554205065	52.38204216957092	1342544.2529675313	52.77721881866455	1343361.5004506824	31.886298656463623	1334457.4464126022	36.147000789642334	1343028.7938618388	54.49914193153381	1343411.2991681658	45.956377029418945	1342996.3851896364	35.20084762573242	1343810.1221334876	35.793081521987915	1342228.657549923	37.2491660118103	1340349.6675806795	
31.31145977973938	1342590.4272303155	52.40606474876404	1342556.2828710356	52.803175926208496	1343336.8972590833	31.90081763267517	1334472.3541715394	36.17606806755066	1343143.9489936417	54.53789162635803	1343398.8156071599	45.983356952667236	1342992.8707550478	35.22664284706116	1343533.8641768768	35.83704996109009	1342201.1825495486	37.26747250556946	1340669.1706814838	
31.324962615966797	1342593.8439975004	52.43860697746277	1342535.0804299875	52.82957887649536	1343336.6890065437	31.914999961853027	1334400.3729617505	36.203505516052246	1343149.7668952427	54.56808662414551	1343411.5637323312	46.005615234375	1343017.006392867	35.252761363983154	1343533.6554132998	35.878376483917236	1342276.0324357143	37.28094124794006	1340661.4888754028	
31.340973138809204	1342833.1248196277	52.46682643890381	1342588.260069214	52.855923652648926	1343356.9695507563	31.92916250228882	1334453.4303805034	36.23086738586426	1343135.25123829	54.596115589141846	1343400.2646688204	46.03036093711853	1343001.0189427345	35.2798912525177	1343514.5866249306	35.913424015045166	1342270.050582457	37.296154737472534	1340704.122790772	
31.354980945587158	1342792.6983821806	52.48984456062317	1342605.170402046	52.88242554664612	1343401.8264299072	31.943200826644897	1334424.7348074235	36.25941514968872	1343260.290322572	54.62876605987549	1343403.1513036962	46.05734968185425	1342996.5406835738	35.304813623428345	1343516.1642595176	35.94755482673645	1342267.8865467794	37.310168504714966	1340704.2288664342	
31.368112564086914	1342818.3285388069	52.52315425872803	1342608.6979131578	52.90914750099182	1343431.3628589183	31.959227561950684	1334441.9441775295	36.287245988845825	1343272.0624663467	54.65929675102234	1343398.3463366604	46.08010721206665	1342996.6484987692	35.33112359046936	1343515.6410875863	35.989373207092285	1342280.4180940164	37.32567524909973	1340707.9836873042	
31.38162326812744	1342817.545769383	52.54664707183838	1342608.5500520892	52.934232234954834	1343421.5264494035	31.97324013710022	1334951.0074219746	36.31479573249817	1343274.861583607	54.69299030303955	1343235.1413959952	46.10469698905945	1343191.6784234694	35.35624551773071	1343525.0769191736	36.02762794494629	1342288.1331632787	37.341264486312866	1340667.047233772	
31.39713144302368	1342823.9181825374	52.57552099227905	1342605.4121612979	52.95967960357666	1343445.7756736483	31.986751079559326	1334910.0381446695	36.33801603317261	1343271.493497513	54.721004486083984	1343289.0697684928	46.13070511817932	1343194.6622390635	35.37912893295288	1343551.2682823227	36.062769651412964	1342306.4573564746	37.35729002952576	1340821.3733476577	
31.412139654159546	1342624.4424353961	52.60505127906799	1342593.269356777	52.98480558395386	1343440.9712666457	32.001768589019775	1334887.208599726	36.36553955078125	1343218.3825373724	54.7515287399292	1343313.9065270135	46.15772271156311	1343191.330663649	35.40231132507324	1343543.4118025287	36.09279680252075	1342310.1923519229	37.371015310287476	1340807.1034988642	
31.42585325241089	1342629.4769975056	52.63714098930359	1342611.3864341034	53.01171088218689	1343416.7605064197	32.01978659629822	1334884.4459251876	36.39335894584656	1343152.887663608	54.77909517288208	1343044.2470510297	46.18576002120972	1343191.04597418	35.42523455619812	1343552.0750061765	36.134708642959595	1342305.2441708883	37.38752341270447	1340815.720252741	
31.43959379196167	1342624.0967107764	52.665709495544434	1342581.4343576832	53.0410213470459	1343421.0957306123	32.03480076789856	1334924.9256071453	36.41888737678528	1343151.1320570637	54.810720920562744	1343911.4564696266	46.20977973937988	1343201.4894434744	35.45001220703125	1343555.2556476935	36.17677068710327	1342296.047327565	37.40253829956055	1340814.6944093185	
31.454105854034424	1342606.300615493	52.68972182273865	1342583.8191907667	53.06682538986206	1343464.2261012185	32.052815198898315	1334926.4008733183	36.44871520996094	1343220.9044676346	54.843268632888794	1343038.2275870063	46.232298374176025	1343199.0320126112	35.47443747520447	1343562.7070523167	36.217833518981934	1342307.5257661836	37.4170458316803	1340815.2588648894	
31.46811056137085	1342635.1526315354	52.713786602020264	1342585.7553348804	53.09071731567383	1343478.2536483135	32.0685875415802	1334343.4765738533	36.475290298461914	1343219.0236527817	54.87302565574646	1342999.0016372232	46.26082634925842	1343217.1912995703	35.49701499938965	1343566.3250248062	36.25600862503052	1342313.089246634	37.43206000328064	1340824.3442951667	
31.480985164642334	1342643.363217003	52.74118208885193	1342590.6363396123	53.11291480064392	1343478.2656141415	32.085909366607666	1334298.007751185	36.503326416015625	1343275.2704576587	54.90743327140808	1342995.8976152204	46.2841272354126	1343225.5545191052	35.520362854003906	1343568.9370157698	36.29853844642639	1342316.2304463708	37.44556784629822	1340805.4503390423	
31.495490550994873	1342627.9309501264	52.77559161186218	1342586.1099419058	53.14010238647461	1343493.7193766367	32.1025333404541	1334302.1073642885	36.53001832962036	1343294.5256883025	54.93994402885437	1343033.9016754527	46.31358194351196	1343250.920486438	35.545618534088135	1343559.1512439928	36.32262825965881	1342258.875089377	37.4600875377655	1340830.9957086472	
31.51150155067444	1342588.2960197208	52.79960298538208	1342593.0401766605	53.1653151512146	1343249.8385444551	32.11693072319031	1334314.4004632777	36.557111740112305	1343290.2414625403	54.972981214523315	1343093.9454042488	46.33822321891785	1343237.9572990094	35.568854093551636	1343161.9809034222	36.34822463989258	1342281.3053358225	37.47459864616394	1340830.6760204807	
31.525009155273438	1342597.7846927342	52.82814335823059	1342541.7536013492	53.19150948524475	1343335.741216875	32.13522434234619	1334271.1215323058	36.58863639831543	1342668.0946305555	55.008485555648804	1343097.5402540283	46.369179487228394	1343269.593769203	35.59199810028076	1343163.9375741263	36.37250256538391	1342284.138814588	37.48810696601868	1340839.6623762038	
31.539548873901367	1342633.119178871	52.85267448425293	1342533.4941215056	53.217549324035645	1343320.4571664392	32.15123176574707	1334263.898433384	36.61968278884888	1342541.7002440316	55.041011333465576	1343214.794786453	46.39913868904114	1343274.728238497	35.61644673347473	1343185.7257750607	36.39886832237244	1342280.7780361783	37.50439715385437	1340856.4152674717	
31.55405330657959	1342734.5098981655	52.877901554107666	1342040.9219435386	53.24056839942932	1343355.2449692627	32.16886043548584	1334100.966555612	36.64571022987366	1342540.0264733199	55.06772208213806	1343227.8303044168	46.42267298698425	1343266.0081462308	35.64206004142761	1343188.908519711	36.4233820438385	1342277.3295380592	37.51790499687195	1340891.2759309104	
31.567810773849487	1342715.7547875152	52.90519952774048	1342035.6520403943	53.26885676383972	1343456.9827042657	32.18389916419983	1334094.3478665878	36.67243003845215	1343162.7321466038	55.09741926193237	1343228.5348615833	46.45571732521057	1343205.1556192872	35.666627407073975	1343199.8342301128	36.450544118881226	1342259.5594261773	37.52991724014282	1340904.4842303067	
31.580323696136475	1342594.9169900788	52.92676520347595	1342048.2541219273	53.291773557662964	1343305.684725961	32.19741439819336	1334072.3092801059	36.700114011764526	1343134.180465882	55.1281898021698	1343065.305645988	46.48073434829712	1343209.1122935223	35.69165277481079	1343202.124202066	36.47871136665344	1342231.9121651978	37.54442572593689	1340900.0684024366	
31.595882892608643	1342506.4780970165	52.95192241668701	1342052.7421371348	53.31898379325867	1343312.6610902515	32.213438987731934	1334111.6239062366	36.72621774673462	1343209.490264534	55.162713289260864	1343076.2777801042	46.50356912612915	1343215.942382477	35.717018127441406	1343559.9173439157	36.50623846054077	1342236.9336800235	37.557679176330566	1340905.8458209564	
31.610945224761963	1342479.1688688672	52.97938084602356	1342053.382354476	53.34665369987488	1343295.7453037878	32.2264609336853	1334118.4460492737	36.75465774536133	1343222.417413879	55.191354513168335	1343089.2463714879	46.54355025291443	1343218.947491155	35.74272131919861	1343567.7727272883	36.531944036483765	1342229.6914477218	37.57222533226013	1341004.46686136	
31.623680114746094	1342476.780946145	53.00691556930542	1342052.3924971377	53.370245933532715	1343298.7360227387	32.237967014312744	1334118.4431872498	36.779240131378174	1343225.0264368893	55.22010922431946	1343092.4800234807	46.56706404685974	1343216.4845795692	35.77070665359497	1343165.8987849501	36.55619478225708	1342264.7848767638	37.58538889884949	1340989.0462983234	
31.637954711914062	1342469.4277495742	53.03204274177551	1342060.907662398	53.39622235298157	1343285.8610284831	32.2554874420166	1334016.654493925	36.80981993675232	1343297.8296603407	55.2531955242157	1343123.2583315147	46.593045473098755	1343226.3248895819	35.796560764312744	1343161.6464940435	36.579349517822266	1342249.9641093118	37.602473735809326	1340964.4530137938	
31.653098344802856	1342496.945931706	53.0595645904541	1342011.435735589	53.42156219482422	1343020.7524255328	32.26874828338623	1334022.9184128114	36.840853691101074	1343300.740614764	55.28303122520447	1343129.6816649681	46.616621255874634	1343230.1702810104	35.82194924354553	1343162.7638200922	36.60135889053345	1342254.404705327	37.61798024177551	1340938.2031101424	
31.666104793548584	1342488.4836999017	53.08513689041138	1341956.1784118747	53.444918632507324	1343035.7040783097	32.28175663948059	1334027.8944760277	36.86887192726135	1343303.2583515143	55.31208825111389	1343097.540276552	46.64135932922363	1343403.2387833076	35.843822956085205	1343195.5672093676	36.62438440322876	1342250.683044312	37.6319944858551	1340963.388211963	
31.68112277984619	1342522.9482548076	53.110164403915405	1341933.1749446373	53.47220969200134	1343017.0535520357	32.296276569366455	1334029.587160332	36.89854907989502	1343299.3133748616	55.34024429321289	1343147.493301924	46.66958022117615	1343419.0940221783	35.86805462837219	1343176.976152715	36.64817571640015	1342245.0747864028	37.64650273323059	1341015.5963486503	
31.69562840461731	1342526.3931988233	53.136441707611084	1341916.892642309	53.49673652648926	1343106.736547517	32.31085395812988	1334013.152646773	36.926922082901	1343280.896821356	55.362844944000244	1343154.6641435798	46.69798159599304	1343508.5123804545	35.89385795593262	1343187.9775094425	36.6721932888031	1342251.7560371927	37.663026332855225	1341105.0875174152	
31.709645748138428	1342534.1045558227	53.1649649143219	1341905.918554978	53.51863670349121	1343132.5823724794	32.3245735168457	1333998.1294841794	36.955578088760376	1343348.7884681579	55.38952565193176	1343167.7647190802	46.72354483604431	1343505.4987545938	35.92034029960632	1343449.7739402207	36.69760823249817	1342262.4618019678	37.6775324344635	1341095.0147135004	
31.7240469455719	1342549.2550410028	53.192484855651855	1341954.0762202104	53.5444872379303	1343039.235498776	32.339080572128296	1333994.2513793681	36.98495006561279	1343339.2887317787	55.414766788482666	1343174.3070615618	46.74786376953125	1343512.913968822	35.94468402862549	1343454.0324512876	36.72138333320618	1342220.6028955057	37.69254493713379	1341138.527660165	
31.739633083343506	1342540.1264037394	53.22287917137146	1342018.0166493359	53.57190656661987	1343069.0675053382	32.35409665107727	1333973.9587170396	37.01081347465515	1343340.629443636	55.439799547195435	1343171.608973936	46.77542185783386	1343460.3256460284	35.971415996551514	1343190.4454674255	36.74657940864563	1342202.1317441328	37.707297801971436	1341163.9607960768	
31.754138469696045	1342538.2880619885	53.247722148895264	1342027.820414667	53.59478235244751	1343067.6711323082	32.36760425567627	1333974.1042257175	37.0421724319458	1343323.6018440619	55.4673376083374	1343150.0072292006	46.800429821014404	1343445.017268698	35.99652719497681	1343253.7993497092	36.77079463005066	1342201.8651661933	37.72131133079529	1341164.435443873	
31.76779532432556	1342497.4647325862	53.2725145816803	1342032.3022049302	53.61972403526306	1343081.5548777168	32.382627725601196	1333957.898560553	37.0651912689209	1343309.072141418	55.49218249320984	1343158.073150285	46.826993465423584	1343508.8610315672	36.022501707077026	1343292.5550538623	36.80864882469177	1342241.1936978856	37.73382234573364	1341168.0340130865	
31.782301902770996	1342509.5819761935	53.29954171180725	1342043.5629037707	53.644909381866455	1343059.8434247093	32.39913368225098	1334021.6550316128	37.09071922302246	1342684.399295389	55.51637935638428	1343106.3930778448	46.85464382171631	1343510.1462740889	36.048688888549805	1343275.0812659669	36.8351993560791	1342265.5436333194	37.74953317642212	1341161.497017616	
31.795809268951416	1342522.0241402998	53.32677674293518	1342049.9241741926	53.673078536987305	1342995.0227168568	32.414151191711426	1334034.8848158908	37.11423850059509	1342670.1325789175	55.54039216041565	1343551.0362078622	46.87985444068909	1343561.7779758442	36.07288455963135	1343274.992814227	36.85888075828552	1342269.8195301874	37.764264822006226	1341166.2330876922	
31.80981755256653	1342484.8138055052	53.35368299484253	1342019.6903142198	53.70017123222351	1343028.006171026	32.43092489242554	1334624.7064382506	37.14012598991394	1342674.2224111862	55.56791162490845	1343542.000602968	46.903058767318726	1343533.6886364506	36.09915852546692	1343288.5260977936	36.88239550590515	1342262.3795780237	37.779274702072144	1341179.6192153846	
31.821827173233032	1342486.6135815838	53.378514528274536	1342024.3211160805	53.72377300262451	1343033.2374736802	32.44443464279175	1334575.3740384094	37.16718506813049	1342659.6887167112	55.59444761276245	1343539.9884262297	46.93579912185669	1343479.5946386978	36.12389516830444	1343290.5177027243	36.90891075134277	1342304.5303602393	37.7917845249176	1341178.0289762605	
31.836503982543945	1342511.2179095931	53.403024435043335	1342017.4462079064	53.74759888648987	1343005.012132574	32.460689544677734	1334575.6077959943	37.1942617893219	1342676.3194895259	55.620436906814575	1343293.6188113394	46.96483659744263	1343539.4741359998	36.1474449634552	1343310.1776962087	36.933512687683105	1342313.5838734128	37.80829215049744	1341406.3973723454	
31.851146459579468	1342516.5764787272	53.42905592918396	1342014.9570411828	53.77078294754028	1343010.1056094621	32.47619843482971	1334559.1667822797	37.222304344177246	1342792.3377723452	55.64754605293274	1343293.2911994115	46.99425268173218	1343522.2383267647	36.17168164253235	1343264.537884619	36.95889067649841	1342329.3962075624	37.82230567932129	1341409.0256287253	
31.86415410041809	1342516.3050409737	53.455148458480835	1342028.0347889024	53.79529333114624	1343011.4995623857	32.49121809005737	1334594.6885067876	37.24883031845093	1342759.8807482643	55.67354083061218	1343300.9096538527	47.024776458740234	1343435.9674021052	36.19582009315491	1343284.4524505252	36.98193144798279	1342302.6649442213	37.837812423706055	1341428.8244036287	
31.87665891647339	1342519.2853196817	53.483612298965454	1342029.4675127796	53.82257914543152	1343021.224129536	32.50673866271973	1334570.1358652778	37.27735900878906	1342739.9752670063	55.69977951049805	1343297.5745772345	47.05279541015625	1343439.7737813247	36.21889543533325	1343298.700765396	37.00544571876526	1342332.4731140647	37.85282564163208	1341424.2448288323	
31.89267063140869	1342521.6408508366	53.50710415840149	1342386.7297032669	53.84880304336548	1343018.9677223146	32.52399778366089	1334609.1482676677	37.308692932128906	1342772.4795935676	55.72639179229736	1343290.6024991062	47.08231973648071	1343405.8856460028	36.24562644958496	1343283.8888397487	37.03143906593323	1342332.0160244687	37.866859912872314	1341429.384259333	
31.907175540924072	1342497.0896494868	53.54208779335022	1342404.3226053547	53.87024784088135	1343014.9590703195	32.550490617752075	1334576.0300296468	37.33553218841553	1342776.1979197168	55.74702858924866	1343285.8844893968	47.11056613922119	1343408.7278973383	36.26681900024414	1343338.1553097446	37.05595326423645	1342329.5624790064	37.88087177276611	1341429.7701850082	
31.921194314956665	1342509.3461056703	53.56709671020508	1342402.2511758287	53.89618635177612	1342998.344946183	32.57270908355713	1334054.175735077	37.367066621780396	1343133.1659280898	55.769548177719116	1343277.4057539687	47.141079902648926	1343403.5392392694	36.290215730667114	1343346.033168912	37.081096172332764	1342323.4776992905	37.89588665962219	1341432.2203927168	
31.93570065498352	1342516.4610213651	53.59939408302307	1342396.1124612766	53.92271041870117	1342996.0821158963	32.59372925758362	1334041.820649948	37.39793372154236	1342741.0412988598	55.7925660610199	1343285.537503228	47.172115087509155	1343412.6399112358	36.31606483459473	1343278.4075840048	37.10561227798462	1342341.8849990526	37.910789489746094	1341439.5927084982	
31.951392889022827	1342650.1229331437	53.6329550743103	1342400.0824457945	53.94857954978943	1343003.254431317	32.61176562309265	1334027.4601145172	37.42797493934631	1342693.7732340859	55.816354274749756	1343269.7508650464	47.19781970977783	1343388.1565019162	36.340057373046875	1343264.5895164276	37.13299775123596	1342349.8832756886	37.92633819580078	1341439.4010669566	
31.96709632873535	1342657.425682972	53.65877628326416	1342384.074701216	53.973554372787476	1342980.0756720076	32.62853670120239	1334037.8771026304	37.45765018463135	1342694.9784549624	55.84255051612854	1343251.0493732383	47.23134899139404	1343407.6500347778	36.36542057991028	1343219.8908749179	37.15733337402344	1342340.4259114047	37.94149994850159	1341442.9589658256	
31.980373859405518	1342659.6937996848	53.685115337371826	1342355.633365239	54.00043249130249	1342982.6875629716	32.64740514755249	1334041.985913088	37.48713493347168	1342722.0193478214	55.867090463638306	1343549.8189809762	47.261388301849365	1343446.4317511658	36.38857650756836	1343246.7461657636	37.18285012245178	1342362.632422596	37.95959424972534	1341254.0629520062	
31.99390459060669	1342566.8513537569	53.709134578704834	1342365.3306709158	54.026392221450806	1342979.067016422	32.665550231933594	1334036.0046235241	37.51180386543274	1342716.869586093	55.89241027832031	1343183.4543200103	47.28790807723999	1343417.5486852375	36.41433095932007	1343241.6637981227	37.21544337272644	1342745.6538683272	37.972630739212036	1341252.769567193	
32.00616955757141	1342574.2915772528	53.73184776306152	1342367.8082040767	54.05083894729614	1342995.3415454102	32.68357467651367	1334260.2883123492	37.53702974319458	1342697.7386271814	55.917158126831055	1343194.8317012875	47.31564688682556	1343419.399308712	36.44112968444824	1343235.6080627996	37.23970150947571	1342385.9032011903	37.989684104919434	1341232.8194548301	
32.02018594741821	1342579.2714939183	53.75563383102417	1342030.5274868999	54.076462268829346	1343022.3710055426	32.70158362388611	1334259.4879721298	37.56157326698303	1342712.7638095315	55.94236707687378	1343195.2842780496	47.340742349624634	1343383.6913191034	36.46650719642639	1343230.3847975319	37.26985216140747	1342386.770918765	38.00519323348999	1341239.7908024304	
32.033560037612915	1342757.4662763143	53.78560709953308	1342011.0429112779	54.10230374336243	1343023.3248531758	32.7250452041626	1334026.9969631645	37.59274911880493	1342716.0420633806	55.96649193763733	1343187.054654863	47.3612699508667	1343383.4085237375	36.49342322349548	1343669.8598410147	37.299757957458496	1342384.2079515518	38.02021551132202	1341214.5828917045	
32.046655893325806	1342699.0876967635	53.809624910354614	1342017.0436056843	54.12870407104492	1343030.8175125152	32.74506163597107	1334031.968095199	37.61978578567505	1342675.4728413157	55.99153542518616	1343187.2730499469	47.387959003448486	1343402.205718282	36.517069578170776	1343660.3872838742	37.32628035545349	1342379.3202872716	38.032721281051636	1341216.2682452577	
32.06016802787781	1342719.0852053133	53.83516311645508	1342045.5062027047	54.15502333641052	1343088.1814792962	32.76407051086426	1333941.0198301433	37.64334201812744	1342668.3914020697	56.018463134765625	1343175.7416817087	47.412474632263184	1343427.0816651687	36.547863483428955	1343708.5376877582	37.350244998931885	1342385.3271089864	38.04522752761841	1341216.91414229	
32.072674036026	1342722.1644553803	53.85967969894409	1342045.8941510792	54.18195390701294	1343070.8714256138	32.78308081626892	1333954.7287836228	37.66992378234863	1342629.0980612994	56.04324126243591	1343192.7209684271	47.436485052108765	1343430.855098608	36.57703733444214	1343695.8912121067	37.378419637680054	1342876.7868188096	38.058239698410034	1341223.7208168204	
32.085182905197144	1342727.717678509	53.884087800979614	1342039.3726629016	54.207677125930786	1343082.829083871	32.80109763145447	1333948.6259642958	37.69294595718384	1342607.556126742	56.06926345825195	1343172.8797723546	47.46306610107422	1343434.0653664295	36.60398268699646	1343693.9526799289	37.40323805809021	1342877.5843249264	38.07125234603882	1341165.6565625903	
32.09819030761719	1342729.8037680015	53.911097288131714	1342059.8532358774	54.23680901527405	1343111.2527903225	32.82286286354065	1333999.2551014628	37.71998405456543	1342535.8916518132	56.09666609764099	1343184.969034879	47.48796892166138	1343436.8002453528	36.631834745407104	1343745.4494407144	37.428611755371094	1342878.1958725897	38.084269523620605	1341172.2927072698	
32.122230529785156	1342687.3144536237	53.935991048812866	1341986.996302296	54.26189994812012	1343080.0833364502	32.84087014198303	1334007.971127829	37.743178844451904	1342534.3845658808	56.12217903137207	1343193.3526406304	47.51421928405762	1343433.9594482263	36.65893578529358	1343749.6640286564	37.454330921173096	1342446.9578446262	38.09800624847412	1341132.1345553326	
32.13473868370056	1342688.5743214304	53.963396310806274	1341976.4526154324	54.28788161277771	1343074.2089556265	32.861385107040405	1333995.0462900102	37.767075538635254	1343165.2278356294	56.143194913864136	1343219.713494588	47.54127550125122	1343400.2163746045	36.683600664138794	1343755.333421944	37.48181700706482	1342446.5035505334	38.10951328277588	1341143.235232483	
32.14975690841675	1342687.6617451115	53.99042868614197	1341877.8800244885	54.316094160079956	1343235.7928732005	32.88210487365723	1333995.8991294324	37.79184436798096	1343172.5847152886	56.166712284088135	1343213.9331088145	47.56341576576233	1343384.870817192	36.707120418548584	1343743.379340888	37.510953187942505	1342406.848282923	38.122530460357666	1341155.6404782818	
32.16329646110535	1342667.1837689565	54.01896119117737	1341876.894831073	54.34296178817749	1342881.0333055116	32.89961385726929	1334089.546592588	37.815608978271484	1343176.106371186	56.191548585891724	1343214.865113199	47.59122037887573	1343388.1611279992	36.73194718360901	1343802.2870183294	37.541083335876465	1342406.4813572783	38.13603639602661	1341194.7379914937	
32.17648434638977	1342675.8050117518	54.041982650756836	1341887.4681464387	54.368399143218994	1342881.4573220515	32.921486139297485	1334097.0393453497	37.842135190963745	1343183.1810920683	56.217052936553955	1343221.2643379644	47.6146023273468	1343401.721154267	36.756712436676025	1343791.9095324206	37.568602323532104	1342295.0371104572	38.15055584907532	1341198.9095230808	
32.18949484825134	1342683.0031807104	54.06450176239014	1342007.0089412378	54.394238233566284	1342894.9045732869	32.942275285720825	1334159.2154123273	37.86621284484863	1343206.2966831755	56.24162769317627	1343208.1169277583	47.637617111206055	1343395.2950281752	36.781766414642334	1343820.19059326	37.59462857246399	1342250.6793331774	38.163304805755615	1341151.487445496	
32.206000089645386	1342670.800346363	54.09051465988159	1342013.021711977	54.418580293655396	1342900.9847543847	32.962281465530396	1334211.4700102322	37.89870309829712	1343207.4667938694	56.26536846160889	1343211.4821346249	47.66376757621765	1343404.0254443518	36.80606508255005	1343808.8940433876	37.62187099456787	1342337.0749638244	38.17781138420105	1341123.7455126527	
32.21800661087036	1342625.0114434825	54.11303162574768	1342014.1850991466	54.442107915878296	1343309.3528084306	32.980788469314575	1334126.3289403361	37.92227649688721	1343338.8230175255	56.292388916015625	1343222.332303904	47.69027900695801	1343401.6199955738	36.8298761844635	1343809.8635689125	37.649112701416016	1342343.0242654355	38.190829038619995	1341117.1380287295	
32.23171401023865	1342640.368261615	54.14047574996948	1342063.2273781158	54.468592166900635	1343285.0661862926	32.998801708221436	1334081.602308985	37.94403076171875	1343344.209421386	56.3192617893219	1343230.9196081238	47.71754693984985	1343408.6116700154	36.854358434677124	1343809.9800232276	37.677632331848145	1342323.1559947624	38.20533871650696	1341114.0824670794	
32.245734214782715	1342641.215001727	54.17317199707031	1342064.8692495592	54.49351716041565	1343516.1573713243	33.02082014083862	1333870.8925968602	37.967764139175415	1343287.1421461317	56.34428071975708	1343257.6511725744	47.744568824768066	1343415.04342844	36.87949299812317	1343778.4567113349	37.704652070999146	1342251.962012192	38.220343351364136	1341103.9192437422	
32.258342266082764	1342626.9947290313	54.195693254470825	1342065.9162774405	54.51816439628601	1343572.5762155508	33.0393271446228	1333874.9246636827	37.9959602355957	1343291.594565529	56.37111973762512	1343244.2385829894	47.77009868621826	1343392.5561845207	36.904513359069824	1343812.9357442858	37.73718023300171	1342240.8507854182	38.234145641326904	1341142.5530799243	
32.272852420806885	1342618.0449753327	54.22439694404602	1342056.97530489	54.54306125640869	1343550.6124150404	33.064356565475464	1333893.3763234431	38.018484592437744	1343269.6008948144	56.39463782310486	1343278.0362000538	47.79816699028015	1343376.7570246246	36.92975735664368	1343818.6458607626	37.76358962059021	1342239.2406066116	38.24915814399719	1341163.0497780296	
32.286940813064575	1342719.2827533337	54.248409032821655	1342058.2566531964	54.57084321975708	1343537.612843971	33.08611035346985	1333898.4462029159	38.04150319099426	1343249.590615572	56.42072343826294	1343280.6265774092	47.827373027801514	1342595.338139602	36.95627570152283	1343769.6209766774	37.79298281669617	1342238.0551088352	38.26418161392212	1341142.458445772	
32.29995059967041	1342669.9346543208	54.27317404747009	1342060.1758464826	54.597020387649536	1343543.053938261	33.10912799835205	1333907.9439523553	38.06351685523987	1343238.1181275402	56.443456172943115	1343289.8864770976	47.85592818260193	1342615.7942907002	36.981359243392944	1344104.0713699718	37.82200741767883	1342161.7070799458	38.27919268608093	1341118.9591511986	
32.314456939697266	1342541.7188867934	54.299182415008545	1341946.7266626032	54.62171983718872	1343553.328833366	33.13087248802185	1333902.9719677547	38.08853816986084	1343176.7551979052	56.469892501831055	1343290.5432314817	47.88225293159485	1343389.037526596	37.006484508514404	1344062.863935228	37.85318422317505	1342200.2351916337	38.29270315170288	1341074.9047313	
32.327961683273315	1342565.9526374077	54.32693266868591	1341960.9329797868	54.65120339393616	1343556.3759431415	33.14892768859863	1333901.9584093702	38.11257004737854	1343189.5149421068	56.49194884300232	1343277.3040893108	47.90560746192932	1343376.6552614884	37.03054189682007	1344069.0631198771	37.88102889060974	1342188.9510861936	38.30546832084656	1341086.6901149938	
32.34048342704773	1342563.6742161687	54.35338354110718	1341998.4606712938	54.67445731163025	1343546.7573305166	33.16393733024597	1333895.0996413913	38.142844676971436	1343163.0623643342	56.51746916770935	1343268.3661058277	47.940057039260864	1343373.3671342735	37.055336713790894	1344070.7152867685	37.90754270553589	1342227.1293472422	38.31797432899475	1341089.9490822412	
32.35299038887024	1342561.3085413307	54.38292646408081	1341998.9699369562	54.699867248535156	1343569.183061039	33.181946754455566	1333890.2969732839	38.16686129570007	1343165.5874203274	56.54554724693298	1343264.1361452704	47.96587800979614	1343391.5930184992	37.08259129524231	1344067.76437773	37.936177253723145	1342248.4097218555	38.33198857307434	1341079.6664879464	
32.3656702041626	1342590.6474920292	54.40694308280945	1342000.564792227	54.72460722923279	1343570.8067945824	33.20695972442627	1333877.9891222597	38.191895723342896	1343152.5972938677	56.57005953788757	1343257.4881935308	47.99128031730652	1343400.620003786	37.10526418685913	1344044.083282878	37.961472034454346	1342307.000913258	38.34549617767334	1341079.2637416897	
32.38084435462952	1342570.6670491348	54.4325213432312	1342018.6967635583	54.75158619880676	1343542.3415900911	33.22647023200989	1333876.3052554233	38.218592405319214	1343151.6639213352	56.59307265281677	1343272.4685060817	48.02083921432495	1343423.2730322108	37.13349771499634	1344067.6869340653	37.987854957580566	1342312.4116723777	38.359286069869995	1341057.805740332	
32.394352197647095	1342568.3647536307	54.46304273605347	1342061.6939578196	54.780378341674805	1343569.1741305843	33.24548292160034	1334067.970887478	38.244614124298096	1343155.7954463747	56.61721110343933	1343272.1788453178	48.047685384750366	1343379.6897025649	37.1576452255249	1344081.8076055176	38.01497721672058	1342211.1691291735	38.372796058654785	1341065.913517859	
32.40786600112915	1342583.8670929146	54.48573136329651	1342124.885484479	54.80533766746521	1343561.7131962217	33.265997886657715	1333884.5344690436	38.268635749816895	1343078.8019884198	56.64022994041443	1343292.8755198605	48.07521152496338	1343383.4485011834	37.18594789505005	1344055.6948480508	38.038830041885376	1342195.1150527631	38.386303424835205	1341079.8374348842	
32.42187976837158	1342585.0725455864	54.510746717453	1342115.238330757	54.82921528816223	1343555.0206969704	33.28976345062256	1333865.4757583297	38.29157876968384	1343079.9056502655	56.66848945617676	1343295.7165518613	48.10101628303528	1343384.9315483132	37.21086859703064	1344039.852625251	38.06252598762512	1342201.034915841	38.399314880371094	1341081.339679496	
32.43617081642151	1342590.433998133	54.53889226913452	1342118.233460338	54.851951122283936	1343585.3400639691	33.31130075454712	1333870.1618487013	38.31543493270874	1343214.8121504567	56.69488787651062	1343241.5306895827	48.12853240966797	1343351.2012900873	37.235859870910645	1344037.7139664183	38.08558249473572	1342222.687481158	38.41383600234985	1341070.3512272977	
32.45318937301636	1342599.9652326524	54.5630099773407	1342167.8998462122	54.87773156166077	1343597.9075748348	33.330949544906616	1333894.2322369565	38.34114480018616	1343198.6776235432	56.718414068222046	1343255.181353658	48.15105175971985	1343356.47724677	37.26180362701416	1344042.227372443	38.109466314315796	1342231.4302584997	38.42834687232971	1341062.6631929649	
32.47021770477295	1342586.9548601129	54.589028120040894	1342153.133693638	54.900731325149536	1343601.740522793	33.34944200515747	1333896.281126317	38.36367630958557	1343214.9942004723	56.74181365966797	1343255.2576056023	48.18479514122009	1343370.9513705133	37.28746509552002	1343736.396081921	38.13527846336365	1342235.05435991	38.44136571884155	1341045.2293311155	
32.48402380943298	1342612.1445319632	54.619295597076416	1342142.7483919726	54.92473244667053	1343585.1980589377	33.37296938896179	1333897.129635312	38.383923053741455	1343212.1137091033	56.76692271232605	1343249.1407841442	48.210612297058105	1343363.21660034	37.31183481216431	1343737.2348912526	38.161269187927246	1342433.4161932152	38.45387387275696	1341096.7410326363	
32.499228715896606	1342631.8396911973	54.64183473587036	1342156.0766325353	54.95165252685547	1343594.7419297923	33.39400577545166	1333906.5888036021	38.407174825668335	1343206.2796517145	56.79239082336426	1343256.7210980079	48.23414874076843	1343373.4526253825	37.34860301017761	1343783.6115350192	38.190635442733765	1342608.6997058596	38.46788740158081	1341099.1565837672	
32.5138304233551	1342631.9409872647	54.66614007949829	1342052.2788988105	54.97591829299927	1343575.108291344	33.415043115615845	1334123.5099598158	38.448936462402344	1343209.5594009256	56.81700325012207	1343238.8217826611	48.25741267204285	1343373.7483806466	37.37555646896362	1343738.5731368363	38.21448540687561	1342608.8700805018	38.481900691986084	1341160.4894964036	
32.52908897399902	1342633.4832415693	54.69571614265442	1342345.5650694554	55.002206325531006	1343553.495744608	33.43552327156067	1334123.441486146	38.475473403930664	1343182.7635222254	56.83994460105896	1343255.1319426617	48.2829270362854	1343371.7190323512	37.40387320518494	1343731.0490597202	38.24304127693176	1342769.3375377338	38.49691581726074	1341159.2927679103	
32.54441976547241	1342879.5078134034	54.72047829627991	1342336.1723750145	55.026145935058594	1343553.3843424502	33.457048416137695	1334141.1903703357	38.50451421737671	1343669.1644775153	56.865463972091675	1343254.963813218	48.306108236312866	1343376.8729737317	37.43015432357788	1343732.148417307	38.266902446746826	1342709.9550044686	38.51048803329468	1340822.2324229376	
32.55990552902222	1342860.957364277	54.745155811309814	1342341.7441892866	55.04946732521057	1343559.717993086	33.478068828582764	1334340.9455926446	38.52774119377136	1343685.6481569062	56.89065980911255	1343262.173188426	48.333624601364136	1343382.6404158687	37.45545244216919	1343747.3543696725	38.29242277145386	1342719.426810748	38.52400493621826	1340825.453734301	
32.57527422904968	1342887.5617867417	54.77046489715576	1342340.585969917	55.07537817955017	1343566.6288616855	33.49908256530762	1334339.329455413	38.549307107925415	1343684.4330153002	56.91418266296387	1343241.9076924121	48.36564922332764	1343401.2169914066	37.480798959732056	1343741.411070045	38.31674003601074	1342626.349254452	38.538512229919434	1340813.9560042466	
32.590813398361206	1342905.60282016	54.79499006271362	1342162.0128993043	55.100483894348145	1343775.7854129106	33.518630504608154	1334543.1466062486	38.57533001899719	1343679.561675063	56.93587851524353	1343281.6335702005	48.40029525756836	1343140.8331835654	37.51877403259277	1343739.7351615564	38.340964555740356	1342648.292411361	38.552528858184814	1340778.420024987	
32.60526084899902	1342914.2540303417	54.820008993148804	1342152.220053494	55.12615966796875	1343770.2924827894	33.5419135093689	1334359.1697269822	38.59752893447876	1343678.2610811032	56.959474325180054	1343281.7681046906	48.427295446395874	1343155.51731257	37.55360555648804	1343709.608481329	38.3654625415802	1342659.371518493	38.56530714035034	1340774.944336789	
32.62047076225281	1342906.4286965055	54.84504675865173	1342152.7804893395	55.150447845458984	1343774.3997358095	33.55842137336731	1334128.6342092308	38.62263321876526	1343678.2793464693	56.984291315078735	1343283.6535287206	48.457233905792236	1343185.3876353942	37.59282851219177	1343751.6409331877	38.387681007385254	1342833.9053711216	38.58232307434082	1340773.4132219276	
32.64625310897827	1342871.48994017	54.87103271484375	1342152.7548954901	55.17883086204529	1343769.5917500283	33.5744354724884	1334132.9658496361	38.64165472984314	1343681.87620039	57.00763487815857	1343289.762792166	48.4830539226532	1343207.6697810348	37.63955068588257	1343763.3785857116	38.41171145439148	1342866.6653417721	38.596829652786255	1340775.0013066581	
32.671335220336914	1342865.0857162804	54.89925575256348	1342166.1954763567	55.20555830001831	1343774.0098049925	33.59345459938049	1334134.0856828042	38.674182415008545	1343721.9963269422	57.03138756752014	1343289.9185595585	48.51307439804077	1343169.286385536	37.68595027923584	1343797.4094285262	38.43674087524414	1342870.0981504866	38.610843658447266	1340814.7570181484	
32.705782413482666	1342865.088341439	54.92642045021057	1342161.1718569219	55.23082947731018	1343773.8895383894	33.61096549034119	1334098.5074202248	38.70283246040344	1343759.7436821056	57.05339980125427	1343290.5511867728	48.53935766220093	1343189.1508672931	37.72466039657593	1343413.1929049785	38.46212458610535	1342860.4007617277	38.62334990501404	1340818.6904536162	
32.72933745384216	1342857.5987364922	54.959115505218506	1342164.5284115225	55.255391120910645	1343774.3535177356	33.62648868560791	1334093.0858959854	38.72768783569336	1343766.0522069356	57.079145669937134	1343275.184313266	48.56499457359314	1343252.2012202514	37.76006102561951	1343399.8189335319	38.48566436767578	1342878.5365033764	38.63785696029663	1340807.180210653	
32.75114607810974	1342862.4382494423	54.98263740539551	1342159.2659140052	55.279903411865234	1343866.9387150966	33.6435010433197	1334028.5018999453	38.758418798446655	1343780.952962651	57.10315942764282	1343277.3182769485	48.59319353103638	1343206.605330421	37.80069375038147	1343402.6173045798	38.518667221069336	1342478.3695447063	38.65087127685547	1340799.149181923	
32.774789571762085	1342619.8290705748	55.00665616989136	1342134.0191663944	55.30515217781067	1343858.0077457868	33.65852117538452	1334032.0728483007	38.78498125076294	1343778.3885142682	57.1288423538208	1343276.897846027	48.621209144592285	1343217.9820539923	37.84309530258179	1343394.209758741	38.54663348197937	1342487.1163309275	38.66388440132141	1340801.948796535	
32.80583643913269	1342624.9121869172	55.031944274902344	1342129.0544185252	55.33303928375244	1343865.274291032	33.67726469039917	1334103.9743804345	38.81231760978699	1343808.497702518	57.152854442596436	1343308.8175007976	48.650787591934204	1343209.0173307208	37.87908482551575	1343383.9009967723	38.576292991638184	1342485.1326130093	38.67839193344116	1340782.6808591418	
32.840999603271484	1342624.5143298486	55.05733323097229	1342134.3692109399	55.35866570472717	1343862.0789244415	33.695509910583496	1334117.7833464197	38.841084480285645	1343808.4572138104	57.18047261238098	1343318.7955960217	48.685948610305786	1343212.9820593833	37.9208869934082	1343353.8582256162	38.60182285308838	1342493.6667965848	38.69040870666504	1340786.2613290315	
32.86283206939697	1342630.9704831436	55.08086156845093	1342139.2582367426	55.382633447647095	1343286.8775948505	33.71253705024719	1334118.6904574076	38.86510944366455	1343815.605492058	57.20451641082764	1343337.8713996396	48.712114334106445	1343247.1805250768	37.96372056007385	1343426.128421253	38.63036274909973	1342496.9098827504	38.70513868331909	1340786.432642706	
32.88900089263916	1342624.4730038105	55.10345792770386	1342140.562257784	55.40938448905945	1343282.309728243	33.72775626182556	1334148.0528953655	38.88940215110779	1343838.820083745	57.23955249786377	1343326.4931615863	48.74003863334656	1343245.6133011137	37.998642444610596	1343422.6209105921	38.65357208251953	1342507.9986099089	38.717644453048706	1340773.8799293775	
32.915682792663574	1342651.3446469824	55.126975774765015	1342093.7902978337	55.43641710281372	1343611.488366593	33.744771242141724	1334138.948340198	38.91163158416748	1343777.872059633	57.26908588409424	1343293.853993652	48.7641658782959	1343232.1454509527	38.03458046913147	1343432.7736370368	38.682931900024414	1342499.6363550255	38.73165702819824	1340744.8068255715	
32.942692041397095	1342646.7249821743	55.15070152282715	1342094.3940368327	55.459723234176636	1343580.6383680247	33.76077747344971	1333994.175910238	38.93637728691101	1343780.2204905287	57.300294399261475	1343305.7103607096	48.78994607925415	1343225.6421189425	38.07231664657593	1343429.4580255605	38.70545268058777	1342500.3971221803	38.74516439437866	1340927.9212115912	
32.96583676338196	1342650.7240534674	55.18751502037048	1342081.6562841416	55.48987889289856	1343601.3275696817	33.77928590774536	1333985.001718045	38.962902784347534	1343790.200318394	57.33074140548706	1343297.8089142018	48.81124520301819	1343213.3715065857	38.109782457351685	1343446.1669745748	38.73146295547485	1342486.5290308846	38.760395526885986	1341018.9880780594	
32.98776173591614	1342618.709152627	55.21303057670593	1342032.73627532	55.51542663574219	1343611.2816564748	33.7963011264801	1334175.4277382076	38.99521994590759	1343776.9496223296	57.360275745391846	1343308.206188993	48.83390212059021	1343236.9298768349	38.14624738693237	1343457.1128807655	38.75817561149597	1342436.990345536	38.77190184593201	1341020.3755865472	
33.012492656707764	1342607.690689992	55.23805475234985	1342063.4338977144	55.540719985961914	1343613.466534225	33.81631374359131	1334201.4553717845	39.02292466163635	1343862.9199111857	57.387842655181885	1343329.1411711604	48.85778307914734	1343244.2756348099	38.18752479553223	1343459.9028932268	38.78323030471802	1342429.7720839484	38.78440976142883	1341023.6490186052	
33.03837752342224	1342604.2451358058	55.2624990940094	1342081.7399030663	55.56609559059143	1343629.4922475086	33.83082413673401	1334203.9580052742	39.051048278808594	1343890.318883158	57.41869354248047	1343368.0537384027	48.88830494880676	1343217.1786430334	38.221394777297974	1343469.5383872392	38.80775308609009	1342417.5056185173	38.799423933029175	1341040.070058784	
33.06589651107788	1342590.6254630985	55.28790783882141	1342062.3902442518	55.589768171310425	1343687.4410834876	33.849334478378296	1334234.4302453876	39.07853317260742	1343832.2941670152	57.44522428512573	1343366.3224148874	48.910943269729614	1343219.836654385	38.255035638809204	1343464.2515332634	38.83098101615906	1342415.9600771344	38.81293773651123	1341042.2675498675	
33.09120059013367	1342599.121405423	55.31392550468445	1342126.9649821504	55.61329746246338	1343696.7895534316	33.86556577682495	1334210.9808349356	39.10860300064087	1343804.3145189513	57.47640323638916	1343382.417964909	48.941303968429565	1343221.2648994597	38.2928831577301	1343467.924219312	38.85720467567444	1342430.1124211426	38.82544231414795	1340857.8956605839	
33.11871576309204	1342600.0595911734	55.34026384353638	1342219.1151011905	55.64040398597717	1343697.9549888272	33.88258123397827	1334219.6868322764	39.13588190078735	1343796.1617577476	57.50817561149597	1343378.8712285208	48.972023487091064	1343217.9039599407	38.333046197891235	1343476.4272615802	38.882959604263306	1342456.1338383958	38.840455770492554	1340790.5072505167	
33.14366126060486	1342727.989430886	55.36915993690491	1342208.8091095614	55.66520833969116	1343708.6253925094	33.89908695220947	1334199.4951788727	39.15890645980835	1344195.6176378317	57.539395570755005	1343356.6437477544	48.997355222702026	1343200.4771702	38.37269949913025	1343396.3895307481	38.9110209941864	1342439.1722085075	38.8539617061615	1340763.4951342412	
33.16861391067505	1342739.9701146628	55.39667534828186	1342189.868184669	55.688589096069336	1343712.9011827027	33.919129848480225	1334206.1870947818	39.18589663505554	1344187.4958734687	57.56591439247131	1343362.9933230886	49.023869037628174	1343184.604548744	38.41811418533325	1343378.4811035143	38.936052322387695	1342475.301027705	38.86948084831238	1340764.0955138884	
33.19170117378235	1342728.9979269137	55.419689416885376	1342100.9008153642	55.71321368217468	1343721.3115241309	33.93746590614319	1334175.8268368412	39.2134644985199	1344186.7879174594	57.596954584121704	1343344.3245915535	49.05138278007507	1343179.8272551824	38.457133531570435	1343377.7908866284	38.961238861083984	1342458.4456963886	38.8839910030365	1340763.1854611132	
33.21648144721985	1342726.6346524793	55.44646692276001	1342203.854973177	55.741743087768555	1343738.9895806985	33.95649600028992	1334170.1612982764	39.23898530006409	1344186.5903483923	57.63124990463257	1343350.493356003	49.07589912414551	1343159.3061303908	38.494712352752686	1343380.6491904173	38.98745250701904	1342458.497795023	38.89600205421448	1341013.5836030028	
33.23923873901367	1342731.8425171103	55.471675157547	1342202.8678704198	55.769291162490845	1343749.0489597097	33.97556185722351	1334147.446238816	39.26330089569092	1344211.7445591777	57.65776324272156	1343354.617200031	49.11008167266846	1343186.2263427246	38.533381938934326	1343425.2958378894	39.01146197319031	1342390.7551697404	38.91177463531494	1340823.7474320438	
33.26170992851257	1342685.1164317746	55.49345588684082	1342190.3271954015	55.79180598258972	1343754.608984212	33.989068269729614	1334133.3376323944	39.29883813858032	1344217.1483747277	57.68996620178223	1343344.23725041	49.13559556007385	1343190.840996201	38.572399377822876	1343436.1967184432	39.037338733673096	1342399.064996933	38.924726486206055	1340835.793471844	
33.284942388534546	1342680.373207877	55.51900267601013	1342111.5699820453	55.81500482559204	1343757.6016514779	34.00408458709717	1334129.416027828	39.32450819015503	1344216.9928381795	57.72135639190674	1343343.1642969945	49.16111898422241	1343166.4583397496	38.61087465286255	1343429.548736916	39.06334638595581	1342453.009896619	38.93942141532898	1340833.733670876	
33.305819034576416	1342685.300378892	55.55494260787964	1342156.7580086011	55.84234142303467	1343721.1877826583	34.024609327316284	1334140.1617976073	39.351860761642456	1344215.8693772324	57.74790620803833	1343353.9600904207	49.18784046173096	1343166.1489247123	38.64810013771057	1343405.4061166856	39.085432291030884	1342448.9413467047	38.95379853248596	1341129.452755009	
33.325480699539185	1342686.9159573854	55.58272957801819	1341971.8486958442	55.86863875389099	1343435.9082914994	34.03911566734314	1334149.0722610888	39.38038778305054	1344222.176429312	57.783282995224	1343428.1243944406	49.21308445930481	1343163.243885605	38.69389605522156	1343413.6371894737	39.11344289779663	1342470.623373438	38.97133421897888	1341424.0895770995	
33.34894585609436	1342687.4947299703	55.61725401878357	1341972.4572620413	55.89208269119263	1343443.5991577401	34.05513262748718	1334141.9642982774	39.40509629249573	1344165.1211804904	57.811816692352295	1343426.476657925	49.23634386062622	1343181.5691157142	38.732412338256836	1343408.3755745	39.139564990997314	1342932.2871515509	38.987096071243286	1341425.9622877107	
33.37298059463501	1342678.9400149747	55.64331078529358	1341985.1719831063	55.91634130477905	1343441.4355087723	34.07229804992676	1334147.9129533325	39.42863202095032	1344170.5952231751	57.83660840988159	1343419.4122326274	49.26643133163452	1343166.2501031973	38.76692748069763	1343277.4318151665	39.16868805885315	1342946.938969384	39.001662254333496	1341449.3011381698	
33.39784383773804	1342659.8053908774	55.66937303543091	1341971.1320166867	55.9413378238678	1343419.1106850007	34.08880257606506	1334120.1651724956	39.45579791069031	1344152.4216801312	57.87015104293823	1343443.9860059635	49.29396033287048	1343183.016730735	38.81096386909485	1343281.0698947413	39.19700908660889	1342946.994666526	39.015167236328125	1341471.8939951118	
33.4240837097168	1342661.7895350272	55.69988751411438	1341960.8624191878	55.96536040306091	1343408.9744304218	34.10654544830322	1334313.4230285862	39.48534059524536	1344177.7945176605	57.9039032459259	1343438.827977544	49.31738758087158	1343200.2773668151	38.85050177574158	1343283.952930175	39.22444248199463	1342945.0848137895	39.03218150138855	1341065.182739402	
33.44614315032959	1342619.7477056233	55.73648500442505	1341940.5402581177	55.99440884590149	1343411.6259657966	34.12200975418091	1333982.4166794536	39.511380195617676	1344161.823242751	57.93443965911865	1343445.4959218332	49.34435963630676	1343225.1019968803	38.88620686531067	1343288.7266730387	39.25041174888611	1342956.1558468726	39.04768776893616	1341073.1824146465	
33.47010278701782	1342620.4705236861	55.76439642906189	1341961.865918987	56.02412724494934	1343363.212753276	34.13916993141174	1333956.9305826887	39.54415011405945	1344159.4429775686	57.96575951576233	1343435.874004918	49.3686900138855	1343228.1668417426	38.9315071105957	1343141.8283506918	39.27965426445007	1342926.3499627672	39.06221055984497	1341081.0978598865	
33.49324893951416	1342631.6667184085	55.7918016910553	1342016.3319031838	56.05264449119568	1343551.5348682306	34.155766010284424	1333923.756484846	39.57068705558777	1344187.0756221768	57.99749755859375	1343428.5145880359	49.39305138587952	1343229.123257344	38.96822142601013	1343210.5062560611	39.307722330093384	1342932.5689780037	39.076716899871826	1341006.9655707874	
33.519583225250244	1342631.9006145888	55.8158175945282	1342034.4664252435	56.08052110671997	1343559.3960049197	34.17254686355591	1333904.954726563	39.5989294052124	1344184.9398992013	58.0286922454834	1343466.4777963397	49.418062686920166	1343233.7429842525	39.01075625419617	1343220.0517454077	39.33245229721069	1342959.0446530103	39.09073090553284	1341046.2215094664	
33.544474840164185	1342600.8911150815	55.84183669090271	1342023.4167268123	56.10558748245239	1343586.1750035388	34.18598198890686	1333920.2951581206	39.62649965286255	1344162.5872066382	58.05820655822754	1343489.4980913198	49.44558000564575	1343206.44668975	39.0447895526886	1343228.8100748262	39.35909342765808	1342968.3826286222	39.10574722290039	1341145.529020799	
33.5691933631897	1342543.8448725252	55.86774468421936	1342020.0046148687	56.13282060623169	1343593.7953017836	34.202996253967285	1333930.6214582468	39.65369534492493	1344162.7694164508	58.091882944107056	1343475.9334359032	49.47071027755737	1343216.3395649032	39.09430766105652	1343177.2488494813	39.384886741638184	1342955.7053164074	39.12049674987793	1341195.255179699	
33.59602212905884	1342524.4197370622	55.89501690864563	1342004.1789170485	56.16034150123596	1343593.2216113058	34.219037771224976	1333975.6443497955	39.67871403694153	1344174.0690972172	58.12259125709534	1343588.218813563	49.49673056602478	1343226.3731653732	39.131383657455444	1343161.9260499123	39.40920805931091	1342955.9829791964	39.13590478897095	1341195.6554675968	
33.6222083568573	1342536.2218951194	55.92606544494629	1341986.3830726158	56.18823552131653	1343602.1985111495	34.23491096496582	1333983.8943696076	39.7032687664032	1344178.02407617	58.1511070728302	1343601.5824122294	49.52897334098816	1343211.353340196	39.16939997673035	1343146.313487156	39.43471312522888	1342962.422029007	39.15042686462402	1341195.6210479955	
33.645710706710815	1342548.185313608	55.950573682785034	1342243.6630890851	56.21516728401184	1343631.0947376126	34.24942970275879	1333987.5361372954	39.7285840511322	1344182.5985285658	58.179439306259155	1343617.1273467494	49.55800104141235	1343213.23247908	39.219056129455566	1343181.879342555	39.463611364364624	1342973.1190591569	39.16401648521423	1341125.706592908	
33.6692008972168	1342555.830201144	55.97564673423767	1342241.3297020271	56.2463858127594	1343645.1076224607	34.264949798583984	1333978.31919111	39.75888776779175	1344161.6033649591	58.20874547958374	1343588.3202604088	49.588717460632324	1343230.1898640462	39.25562882423401	1343200.9377337995	39.487401485443115	1342956.6930873038	39.178523540496826	1341101.8561013178	
33.69412922859192	1342625.9355343503	56.006113052368164	1342242.9946699939	56.27302932739258	1343650.3677649787	34.279461145401	1333977.9783447925	39.786418199539185	1344414.316497033	58.24198627471924	1343582.691795288	49.61724352836609	1343238.6164833398	39.29982089996338	1343128.3151208828	39.50919270515442	1342973.435475342	39.19354057312012	1341103.7882220028	
33.72179341316223	1342635.2593744036	56.033976554870605	1342017.4752957982	56.302385568618774	1344037.4708421319	34.294474363327026	1333988.7997762992	39.813600063323975	1344349.3548711222	58.26805114746094	1343525.8819211822	49.64225649833679	1343221.6023077064	39.34114742279053	1343201.247798097	39.53962421417236	1342970.9841647157	39.20955204963684	1341112.0542131849	
33.74856162071228	1342547.0167880612	56.05998611450195	1342043.2044113786	56.32860541343689	1344028.1263972656	34.310481786727905	1333988.3690343294	39.84068250656128	1344337.9749852212	58.29523992538452	1343524.9253834246	49.67055368423462	1343215.4540516972	39.38748097419739	1343201.7356701754	39.56722664833069	1342931.3591345332	39.224677085876465	1341114.5415044054	
33.775824308395386	1342529.6426028835	56.0861439704895	1342032.2058532727	56.356226682662964	1344024.5625772458	34.32737612724304	1333969.6907461344	39.87221574783325	1344341.6450840582	58.324240922927856	1343774.910856998	49.69784903526306	1343482.6786306947	39.42953085899353	1343201.1469560289	39.59173393249512	1342932.149736729	39.239184856414795	1341130.5162173733	
33.80210590362549	1342556.1476456528	56.11504364013672	1342034.9966023688	56.381476402282715	1344025.7589595085	34.34338998794556	1333976.2074782946	39.908804178237915	1344085.1146361767	58.35282611846924	1343783.830321621	49.72537088394165	1343478.5772310107	39.46592140197754	1343210.431296247	39.61598253250122	1342935.857730175	39.25570464134216	1341139.8725278133	
33.8279812335968	1342549.3329991829	56.14181423187256	1342020.2080245984	56.408182859420776	1344080.3721528826	34.357898235321045	1333969.6587804013	39.93344783782959	1344087.3372720391	58.3821907043457	1343580.3142481835	49.75439190864563	1343129.6102052354	39.51084351539612	1343171.6570409825	39.643303632736206	1342926.99550356	39.27072501182556	1341139.7834214119	
33.853323221206665	1342573.0064543923	56.166192293167114	1342000.4598641896	56.433520793914795	1344076.7192886428	34.373470306396484	1333969.9529738934	39.96061706542969	1344065.3478039638	58.412705421447754	1343563.6411248955	49.777905225753784	1343147.0306679902	39.55337929725647	1343161.0974626623	39.67282557487488	1342925.27089277	39.284592390060425	1341128.383564072	
33.87985682487488	1342570.9865992996	56.19021010398865	1342011.085220653	56.46025776863098	1344080.7673292838	34.387492656707764	1333976.9134316097	39.98614859580994	1344054.1060853726	58.439844608306885	1343543.4195837623	49.81231641769409	1343147.702659807	39.59063243865967	1343160.7477323792	39.70252585411072	1342920.9371294	39.30030393600464	1341116.984216471	
33.90303993225098	1342586.0338706775	56.217955350875854	1341964.5144737586	56.486560583114624	1344085.5090974588	34.40430235862732	1333981.5327682998	40.01719856262207	1344055.532301063	58.46837139129639	1343541.2047886706	49.84141659736633	1343146.9867169352	39.63193130493164	1343170.5536742972	39.72666549682617	1342873.2597025824	39.31658458709717	1341124.2306479493	
33.92805218696594	1342580.9584795374	56.246914863586426	1342057.3186120067	56.514487981796265	1344086.642036433	34.42182660102844	1333987.5706619718	40.043192625045776	1344084.0136443444	58.49533200263977	1343657.4950835763	49.867502212524414	1343143.2171336059	39.66790413856506	1343195.831750893	39.7517774105072	1342870.0200973211	39.33062767982483	1341121.6866539519	
33.95153594017029	1342574.4781032712	56.27063059806824	1341990.6577409683	56.5451545715332	1344110.0828343339	34.43933367729187	1333988.3876915944	40.06538677215576	1344090.4338067002	58.52522563934326	1343659.462769398	49.89464545249939	1343097.3092420648	39.71819043159485	1343223.997358187	39.777533769607544	1342826.111161138	39.34628415107727	1341125.0824565243	
33.97096228599548	1342575.6837186383	56.297664165496826	1342001.4275104518	56.56985282897949	1344089.9153628321	34.453352212905884	1333990.0658223673	40.08698511123657	1344093.6600840562	58.55124640464783	1343596.7894907107	49.91772198677063	1343087.2469879433	39.75622510910034	1343233.6826317601	39.801048278808594	1342824.662486277	39.361785650253296	1341072.0110150105	
33.996877908706665	1342579.3519968244	56.3272922039032	1342001.3451248447	56.59437084197998	1344119.088064678	34.469860315322876	1333990.2021270746	40.11101460456848	1344097.1845289867	58.57928776741028	1343627.6273075952	49.94876170158386	1343057.9713335976	39.793601751327515	1343251.9735548233	39.82756304740906	1342794.073527134	39.376293420791626	1341111.1536279002	
34.018025398254395	1342866.66215917	56.35460543632507	1342008.6462413878	56.623411417007446	1343228.932819034	34.486878633499146	1333970.757016904	40.14360451698303	1344576.5533746418	58.60637354850769	1343606.4145898293	49.974971532821655	1342979.614897541	39.83247470855713	1343251.1112871866	39.8564658164978	1342803.2656413522	39.39063763618469	1341112.9858031257	
34.04307770729065	1342873.1050795629	56.380635499954224	1342024.022535677	56.649654150009155	1343559.1098593601	34.50189828872681	1333969.0666612962	40.17101287841797	1344588.5512257162	58.63333988189697	1343611.432701908	50.00006818771362	1343020.367221575	39.866997480392456	1343252.959256043	39.8799786567688	1342817.0774319365	39.40365242958069	1341124.622216442	
34.06750702857971	1342673.7365955892	56.40616965293884	1342025.4814321008	56.67467713356018	1343567.849070942	34.51863241195679	1334574.581798925	40.1977334022522	1344555.0786972854	58.66085481643677	1343630.814398559	50.02858352661133	1343019.52277924	39.91583776473999	1343284.4452450785	39.908496379852295	1342804.925101363	39.41716527938843	1340766.1195181527	
34.09149885177612	1342702.013012601	56.43169856071472	1342040.0688503603	56.69741082191467	1343556.1846043598	34.53664565086365	1334562.315314712	40.22603106498718	1344079.788668019	58.69409894943237	1343520.274290536	50.05663824081421	1343056.242634079	39.948917865753174	1343305.532683751	39.934513568878174	1342820.8347094206	39.43317985534668	1340767.5757689336	
34.11569428443909	1342654.7538185357	56.457221269607544	1341967.7008730888	56.72342133522034	1344222.8337750393	34.55366492271423	1334567.9675794884	40.25555896759033	1344092.577389362	58.722503662109375	1343513.4338558742	50.0806565284729	1343079.351682071	39.98764777183533	1343309.134905336	39.95860576629639	1342803.5229227	39.44568347930908	1340776.966911063	
34.1367871761322	1342656.9572956248	56.4803991317749	1341977.8508606874	56.75052857398987	1344231.5311123417	34.57067632675171	1334547.8489174899	40.280086517333984	1344114.1547479597	58.7530255317688	1343531.466929741	50.11140847206116	1343087.5931757153	40.02603578567505	1343279.3425831534	39.983989238739014	1342807.1949535077	39.45770025253296	1340771.9947843067	
34.15796375274658	1342658.0021597191	56.50793933868408	1341985.0584365723	56.78182077407837	1344308.0803168602	34.58618998527527	1334559.0788664292	40.30730128288269	1344098.229309466	58.78406572341919	1343553.319895615	50.1349413394928	1343088.444011165	40.062154054641724	1343250.4236216773	40.008610248565674	1342848.9835981824	39.47371435165405	1340770.268912646	
34.17997479438782	1342666.8281565574	56.53452777862549	1341979.5762715798	56.80749702453613	1344325.8681641947	34.60263657569885	1334570.8815700223	40.33730340003967	1344101.6264644675	58.82225513458252	1343562.7056730948	50.16296315193176	1343089.0400284606	40.10283589363098	1343250.936874948	40.03434634208679	1342852.708364963	39.48772668838501	1340770.4351270949	
34.20516037940979	1342711.7059462892	56.56170153617859	1341990.1467483102	56.8317334651947	1344339.2518458557	34.62017202377319	1334533.757374664	40.36548113822937	1344119.4257338447	58.85550594329834	1343768.8739086688	50.19261980056763	1343113.1794298445	40.13763666152954	1343269.2422239925	40.059643507003784	1342834.8250997432	39.50125861167908	1340775.3359559951	
34.227802753448486	1342713.3449320237	56.58602547645569	1341984.5442571847	56.855377197265625	1344338.7953595382	34.63804364204407	1334532.0232176739	40.39124345779419	1344111.0029324808	58.88105869293213	1343745.0402470985	50.23817682266235	1343118.7995131377	40.1753625869751	1343275.8591940943	40.08480501174927	1342841.5081970156	39.51548433303833	1340774.3129074848	
34.25238227844238	1342701.3283077644	56.60904145240784	1341938.918997514	56.880560874938965	1344619.9494045977	34.65506172180176	1334814.3005605105	40.41707801818848	1344100.1466816964	58.91074895858765	1343607.813453307	50.277454137802124	1343120.526586716	40.220314741134644	1343300.0520042467	40.112459897994995	1342920.0578600455	39.52949619293213	1340775.1610726723	
34.27380299568176	1342728.7413426137	56.63475179672241	1341974.5056152921	56.90558433532715	1344593.6376519087	34.67273497581482	1334827.8845330304	40.444122314453125	1344085.6284191874	58.942371129989624	1343927.6822312071	50.31225299835205	1343125.7573541705	40.26691150665283	1343280.619590469	40.13987851142883	1342940.4947689844	39.54200601577759	1340766.1869812466	
34.2973108291626	1342731.6243158118	56.66076636314392	1342006.9194243504	56.93269348144531	1344521.8897717446	34.689244747161865	1334956.069429134	40.46940803527832	1344096.4421426987	58.9752721786499	1343929.2803526549	50.35087060928345	1343128.019971714	40.30344367027283	1343307.0545511763	40.161887407302856	1342952.8791125717	39.55552315711975	1340770.1280743112	
34.32058143615723	1342747.1492129646	56.68731760978699	1341960.556157643	56.95928430557251	1344537.6792826033	34.70626521110535	1334964.6595689112	40.49642992019653	1344015.9659199163	59.00578498840332	1343918.8128702038	50.38908839225769	1343137.162990411	40.337238073349	1343344.71522069	40.18733882904053	1342980.9407734897	39.57109618186951	1340748.7504284724	
34.34599947929382	1342734.2620684116	56.71484637260437	1341958.860574133	56.988322257995605	1344514.9070036148	34.724079847335815	1334960.8905978024	40.52335810661316	1344012.9119990726	59.03055810928345	1343928.756952138	50.436256885528564	1343144.825595693	40.37428021430969	1343347.0167019446	40.2126088142395	1343007.0274413973	39.58560562133789	1340738.0881659456	
34.3687162399292	1342704.5215285933	56.7381637096405	1341960.3112952863	57.01485586166382	1344220.9205709836	34.74210023880005	1334961.7659448457	40.553398847579956	1343997.3821983114	59.06307625770569	1343888.6726990659	50.47228217124939	1343144.8816638363	40.41281247138977	1343328.9391720393	40.24163031578064	1342987.30837403	39.59962034225464	1340733.476167629	
34.39537000656128	1342813.7350759835	56.75987362861633	1341948.2218280807	57.04020977020264	1344231.7736849054	34.759605169296265	1334850.6990920363	40.577553272247314	1344017.787432169	59.092390060424805	1343774.88930213	50.510507106781006	1343138.502948386	40.448848485946655	1343360.393375369	40.26850986480713	1342966.14012072	39.61513018608093	1340757.7382312766	
34.4186794757843	1342807.9605834496	56.78663349151611	1341998.1006188598	57.06479811668396	1344256.8001451632	34.776615381240845	1334848.4623088802	40.61501407623291	1344011.9366449164	59.120020627975464	1343766.3933304253	50.54574990272522	1343116.278078745	40.48494076728821	1343363.045447149	40.29460835456848	1343216.0449642641	39.62863731384277	1340760.2430921444	
34.4399094581604	1342817.0930858655	56.8126585483551	1342001.2993545774	57.09322190284729	1344232.5132061408	34.7926287651062	1334850.4117508456	40.64058446884155	1344234.2987417835	59.14853811264038	1343693.2928842027	50.584773778915405	1343098.398630964	40.52945947647095	1343339.5740600403	40.32058811187744	1342513.1100867898	39.644155502319336	1340759.6749658014	
34.461249113082886	1342813.2201876233	56.83796143531799	1342010.874260578	57.11972951889038	1343896.993134472	34.81063485145569	1334235.3476600586	40.66474461555481	1344248.2492528243	59.17659115791321	1343703.1431115984	50.62949848175049	1343089.7104585	40.57049250602722	1343340.1377273446	40.347655057907104	1342906.277822724	39.658169984817505	1340772.9179431195	
34.48752450942993	1342714.454456338	56.86439085006714	1342020.40668326	57.145073890686035	1343905.577986845	34.828651905059814	1334431.1219662968	40.688647985458374	1344261.3577897036	59.20461583137512	1343710.7806239554	50.67252063751221	1343089.3642062207	40.612247943878174	1343362.7529641562	40.37541198730469	1342933.6431793254	39.67318677902222	1340828.0831449705	
34.520272731781006	1342729.147980639	56.8917601108551	1342003.5894114473	57.17515802383423	1344148.9620122695	34.843666315078735	1334422.7438101459	40.713669300079346	1344294.5999329002	59.22986388206482	1343714.1501924768	50.710057973861694	1343124.6891057962	40.648964405059814	1343372.6930745344	40.40063261985779	1342944.145939017	39.6866934299469	1340831.4290539473	
34.543561697006226	1342426.617336981	56.91801381111145	1342009.9602129487	57.201170444488525	1344026.856609806	34.859169483184814	1334389.1438590996	40.74100041389465	1344294.2613201968	59.256282329559326	1343712.9552316242	50.74823069572449	1343137.1338009583	40.687002420425415	1343354.376131417	40.4280800819397	1342966.7037888793	39.70092821121216	1340832.0218999328	
34.56459951400757	1342420.2134310338	56.947810649871826	1342017.0735075134	57.22847557067871	1343754.5514377726	34.87569499015808	1334779.3479654042	40.764015197753906	1344298.7287531628	59.27984094619751	1343700.424771029	50.78505301475525	1343122.617579406	40.72254824638367	1343344.2429602477	40.45444130897522	1342963.8602442201	39.71543622016907	1340838.8667817765	
34.58623766899109	1342422.0977500977	56.97402787208557	1342033.504669317	57.25764346122742	1343761.4001280891	34.89273452758789	1334770.5008933118	40.788602113723755	1344283.0366595278	59.309675216674805	1343763.4962189994	50.826685190200806	1343087.5282392066	40.76907253265381	1343342.4486443817	40.4784049987793	1342961.1541513472	39.72794032096863	1340848.2786319356	
34.607155323028564	1342427.2236872863	56.999062061309814	1342002.7884887033	57.283949851989746	1343750.1015654826	34.907252073287964	1334781.9632863381	40.814006090164185	1344292.1889664375	59.336647272109985	1343752.518803301	50.865220069885254	1342163.8086745448	40.819021463394165	1343350.985498574	40.50192046165466	1342973.6298296961	39.74301242828369	1340805.5032901894	
34.628336906433105	1342422.6569255635	57.02451491355896	1341975.1060270588	57.309714794158936	1343742.283000721	34.92182922363281	1334782.54883469	40.83830165863037	1344304.9516383014	59.36459469795227	1343752.613626732	50.91482591629028	1342174.6780549341	40.85806465148926	1343340.4356268244	40.52687168121338	1342986.170310117	39.75753664970398	1340816.1962673555	
34.64947438240051	1342444.5576512963	57.05055356025696	1342354.8664981937	57.33474373817444	1343741.3599368325	34.936091899871826	1334782.727412917	40.86522364616394	1343965.069292793	59.39824604988098	1343753.4159060952	50.957056283950806	1342194.962017814	40.89259910583496	1343337.3396289668	40.550169467926025	1343066.982962767	39.771228551864624	1340801.829329793	
34.670735597610474	1342510.3336925695	57.07559370994568	1342338.279332948	57.3582808971405	1343700.2310377373	34.951109409332275	1334789.9397044182	40.890804052352905	1343991.3452778372	59.431023359298706	1343766.1618488918	51.011441469192505	1342182.7594661994	40.92767572402954	1343320.4198894303	40.57703495025635	1343065.2824401485	39.78473520278931	1340807.5939191799	
34.69245362281799	1342498.7394183348	57.09839415550232	1342334.6218911258	57.38329768180847	1343827.2291754112	34.964619636535645	1334796.4543229218	40.91546010971069	1344007.6196852976	59.45755648612976	1343746.2989563886	51.04775857925415	1342175.4105304715	40.96770930290222	1343304.5733700714	40.603620529174805	1343075.1170935926	39.79824256896973	1340823.1958986444	
34.713963985443115	1342496.320564069	57.12901186943054	1342322.2311294605	57.40651178359985	1343849.6334111698	34.978636264801025	1334796.3726264273	40.94028091430664	1343987.8448458246	59.487630128860474	1343726.9503289661	51.08465242385864	1342154.573458899	41.00527310371399	1343306.2223058313	40.62976360321045	1343082.8286225968	39.81125855445862	1340824.6114788458	
34.73399543762207	1342499.7551585205	57.154037952423096	1342344.4272424963	57.429136514663696	1343861.5727391788	34.99365448951721	1334798.887504918	40.963300466537476	1343995.8556478738	59.517019271850586	1343685.8303764965	51.12028622627258	1342147.438278464	41.04189896583557	1343203.9066834038	40.65472221374512	1343066.5587571976	39.823761224746704	1340812.5474045605	
34.75475811958313	1342434.8016253235	57.17805790901184	1342350.3655195998	57.45521330833435	1343777.4546285472	35.009167432785034	1334766.4318368037	40.98858594894409	1343994.7993845548	59.5495719909668	1343681.184218591	51.163334608078	1342046.1054793436	41.082624673843384	1343198.0446998393	40.682955503463745	1343073.3472300426	39.83726930618286	1340813.8258172267	
34.77785515785217	1342445.5015526863	57.202202796936035	1342338.1059344534	57.482383012771606	1343775.1755302427	35.02472138404846	1334693.228594002	41.01687502861023	1343991.6077279304	59.58021831512451	1343687.889182031	51.209174394607544	1341975.3281662029	41.12322235107422	1343208.194043772	40.71047496795654	1343072.153236637	39.851282835006714	1340814.0617504516	
34.801647663116455	1342373.7136455583	57.234967947006226	1342338.5578137524	57.50871205329895	1343773.554926999	35.04175305366516	1334953.9541833247	41.039855003356934	1343978.1485968034	59.61202597618103	1343705.1283159691	51.24821090698242	1341982.892485669	41.1779260635376	1343207.7637178693	40.734809160232544	1343067.6177319994	39.864296436309814	1340815.5339342386	
34.82886528968811	1342378.845041858	57.26098871231079	1342307.024344117	57.532734632492065	1343772.4292822492	35.0562686920166	1335117.4141825386	41.06397533416748	1343965.4287572685	59.640856981277466	1343709.3226217004	51.28515553474426	1342006.2918463058	41.22403883934021	1343199.3657094294	40.75957131385803	1343066.7854260355	39.879308223724365	1341185.6136504954	
34.85244154930115	1342365.054620686	57.28575921058655	1342301.3547411975	57.5572988986969	1343780.0161855568	35.07049012184143	1335170.573313519	41.09113335609436	1343973.207233941	59.67189335823059	1343717.7887597703	51.31515073776245	1342109.4940939578	41.25755548477173	1343201.5910320266	40.782089948654175	1343069.4660973442	39.89384460449219	1341157.3457592505	
34.87416696548462	1342346.7535950758	57.31329607963562	1342244.0243439167	57.58232116699219	1343684.5538806978	35.08499717712402	1335145.744653752	41.11775588989258	1343561.7874914927	59.70436239242554	1343731.0316813537	51.33721661567688	1342120.6388647903	41.305214166641235	1343168.3380206092	40.806607484817505	1343069.2634299342	39.907559871673584	1341220.7448618056	
34.897310733795166	1342350.2570470485	57.342010259628296	1342260.8825169562	57.61048913002014	1343686.0140403232	35.09950613975525	1335155.8954659263	41.14290380477905	1343565.1118409852	59.732879877090454	1343541.7959682564	51.367756843566895	1342078.867771223	41.3422908782959	1343177.6542528372	40.831156969070435	1343074.6361765114	39.920576333999634	1341231.202005463	
34.92004728317261	1342347.4815981577	57.36299729347229	1342277.0506745763	57.63661432266235	1343653.1649685039	35.114018201828	1335378.320775597	41.16893768310547	1343559.757395488	59.76239800453186	1343548.5354791633	51.390952587127686	1342079.8683778124	41.38222146034241	1343180.2106337268	40.85738468170166	1343069.2644484276	39.93508505821228	1341239.4432042027	
34.95095109939575	1342353.5835906372	57.387022495269775	1342291.8149069706	57.66876244544983	1343694.563264173	35.13087296485901	1335367.8264038297	41.19317936897278	1343532.3749413432	59.79080581665039	1343550.6825429108	51.41915965080261	1341920.2372871833	41.42156219482422	1343174.5901566069	40.882959842681885	1342955.067199989	39.94858980178833	1341242.8511757324	
34.97352862358093	1342362.2877669423	57.41739368438721	1342292.4274517556	57.69493865966797	1343720.7856012902	35.14891028404236	1335293.9883432828	41.21603775024414	1343545.7641952503	59.826069355010986	1343541.960880599	51.44267773628235	1341902.78985216	41.45458722114563	1343177.2541096376	40.910476207733154	1342962.5070973733	39.96261715888977	1341272.1361948163	
34.998247146606445	1342362.941712511	57.442434549331665	1342293.3873027193	57.71948742866516	1343719.8892638022	35.165939807891846	1335142.5620731271	41.240036725997925	1343549.9369180584	59.861576080322266	1343574.343723858	51.46757507324219	1341916.3304322357	41.49260711669922	1343190.0606974424	40.93501400947571	1342926.5116761476	39.97697854042053	1341287.158394923	
35.018975019454956	1342317.837831488	57.465460777282715	1342208.4173591433	57.743332386016846	1343432.3456713147	35.180952072143555	1335179.8392396956	41.26305794715881	1343555.3612851738	59.886889934539795	1343562.1923395754	51.489707708358765	1341905.842017319	41.54376244544983	1343200.3404154568	40.9612455368042	1342911.8114733975	39.990992307662964	1341302.2448490988	
35.03953146934509	1342357.9723620054	57.49481272697449	1342206.6717675556	57.76885724067688	1343495.2302990316	35.195473432540894	1334802.0406199077	41.28760552406311	1343552.104675009	59.91540312767029	1343577.3322349961	51.51347064971924	1341907.4239092905	41.58605980873108	1343198.1909168416	40.98570275306702	1342883.6251767566	40.005502462387085	1341275.6520311194	
35.06395506858826	1342674.5129961798	57.52485370635986	1342180.8913628873	57.793848752975464	1343500.8688563465	35.21148371696472	1334804.8038069613	41.3137104511261	1343551.9673275654	59.947932720184326	1343579.3042877428	51.54256772994995	1341889.8484166965	41.62748980522156	1343184.613243295	41.01329326629639	1342889.7707800937	40.019511222839355	1341259.9310921808	
35.09856104850769	1342566.3265009252	57.55208969116211	1342161.7294171173	57.820582151412964	1343508.1316929155	35.226500511169434	1334664.1706472642	41.34070444107056	1343583.1700000372	59.975584983825684	1343589.3326079983	51.567997455596924	1341904.5976094592	41.66977882385254	1343183.0574174132	41.03857088088989	1342991.8263654571	40.03402328491211	1341264.1780682432	
35.11889958381653	1342568.3201853835	57.57662034034729	1342135.2377936395	57.843406200408936	1343513.2935272683	35.24051642417908	1334667.2331750547	41.3663866519928	1343543.216802781	60.00960969924927	1343582.9965429192	51.599382638931274	1341874.4376502384	41.71525573730469	1343148.349907869	41.062474489212036	1343434.427171518	40.04753017425537	1341173.798450357	
35.14287829399109	1342475.3056902601	57.60313844680786	1342158.244532401	57.86984467506409	1343619.670745969	35.25703144073486	1334669.165694044	41.39295268058777	1343555.0395461256	60.04050016403198	1343591.7751723279	51.62621712684631	1341876.38366484	41.754230260849	1343151.3734372046	41.08619713783264	1343441.2075842055	40.062050104141235	1341172.7258032858	
35.176329612731934	1342482.0304968609	57.632750272750854	1342164.39138709	57.89502024650574	1342754.0632259408	35.27220106124878	1334694.5173417896	41.413984537124634	1343566.0930904124	60.06801962852478	1343595.035584565	51.65454053878784	1341876.6557968429	41.796608686447144	1343141.8210686946	41.1147141456604	1342914.299970015	40.0755569934845	1341177.4186840737	
35.19886350631714	1342583.2182899697	57.65583038330078	1342182.0852817516	57.9195339679718	1342754.4679998755	35.286705493927	1334812.6990835175	41.43850636482239	1343563.0447899676	60.09812307357788	1343578.5542861056	51.687216997146606	1341870.7153015453	41.8355770111084	1343143.904324782	41.13848543167114	1343354.5649074449	40.08806490898132	1341179.8997201012	
35.225547313690186	1342568.3193460244	57.68221640586853	1342184.1717036443	57.94860863685608	1342744.3070364415	35.30171847343445	1334796.1774010642	41.46652913093567	1343586.4282395241	60.1296648979187	1343582.945190356	51.713459968566895	1342464.6743368055	41.87984895706177	1343129.0792210225	41.16459274291992	1343371.6702607097	40.105584383010864	1341174.8937292984	
35.24577450752258	1342573.0217076456	57.70873260498047	1342133.6321300135	57.974618911743164	1342714.5988891902	35.315728425979614	1334766.1980655016	41.49182891845703	1343596.8404453094	60.16319298744202	1343602.2372459695	51.73878216743469	1342477.3910389172	41.92558264732361	1342901.819264525	41.19298458099365	1343832.6612020428	40.120259284973145	1341182.2222824027	
35.269490003585815	1342386.8737776747	57.73003101348877	1342134.7784007383	57.99735236167908	1342579.0501329633	35.32974886894226	1334756.144438745	41.51886200904846	1343606.4949218472	60.188570499420166	1343593.1515447889	51.764559268951416	1342424.279031181	41.96242618560791	1343453.4310301528	41.21844744682312	1343394.2266313587	40.13576531410217	1341209.503176867	
35.29366135597229	1342342.3006122925	57.75705003738403	1342144.441518257	58.024736642837524	1342602.379528734	35.34327006340027	1334715.0725845688	41.54509615898132	1343642.8172933462	60.21574068069458	1343703.1092393147	51.792479038238525	1342431.4891291151	41.99494552612305	1343762.443141003	41.26321315765381	1343420.0429155559	40.14977765083313	1341207.524583411	
35.31110715866089	1342320.731844644	57.78738808631897	1342070.9346732995	58.04827308654785	1342602.3743634224	35.358773708343506	1334607.710315567	41.56862282752991	1343646.0242384525	60.24605369567871	1343718.2632758725	51.82362771034241	1342447.7477576255	42.029361963272095	1343781.445737535	41.30238747596741	1343409.370651556	40.1651086807251	1341157.8349821204	
35.331409215927124	1342328.1564192825	57.81291317939758	1342057.0665741288	58.07379698753357	1342622.6636732533	35.375784158706665	1334969.634519935	41.59489464759827	1343697.1322768573	60.275429010391235	1343691.595241321	51.85115385055542	1342457.1371252283	42.0670051574707	1343788.3815313824	41.342413663864136	1343411.8751915635	40.18012189865112	1341170.6645198741	
35.35345244407654	1342317.6824584743	57.83842468261719	1342049.9655932125	58.104283809661865	1342642.1687261777	35.39042139053345	1334831.5841320213	41.61943578720093	1343629.7700335844	60.30929493904114	1343685.8696576457	51.8846640586853	1342280.8531346414	42.09338712692261	1343787.8325603497	41.38065147399902	1343421.4786887525	40.194631814956665	1341138.6483507855	
35.37736439704895	1342360.616784734	57.864646196365356	1342051.3750959635	58.12781286239624	1342871.7647871065	35.40369391441345	1334841.6363676023	41.64345645904541	1343646.9207510706	60.338374376297	1343654.6420827794	51.91237425804138	1342283.1920344771	42.11722373962402	1343788.1527278596	41.41567778587341	1343417.5109185495	40.208176374435425	1341146.32020575	
35.402294635772705	1342358.3209783698	57.89183735847473	1342087.3388865439	58.15283513069153	1342869.717676504	35.41770911216736	1334835.8368282274	41.66647171974182	1343633.9318408098	60.364084243774414	1343656.5163297087	51.94005084037781	1342095.8829396677	42.14188528060913	1343230.670626377	41.45070028305054	1343414.883563367	40.222193002700806	1341177.1828159725	
35.42314004898071	1342367.1574469795	57.91512370109558	1342115.5246473397	58.17285633087158	1342875.4982211015	35.43172287940979	1334872.4582660915	41.69152617454529	1343554.35738697	60.38489747047424	1343680.2009359123	51.96855139732361	1342109.4721155267	42.17440342903137	1343221.9766886092	41.484736919403076	1343423.5372598162	40.23669981956482	1341182.25111139	
35.442888498306274	1342367.6679602899	57.939783334732056	1342110.6602030871	58.19862389564514	1342862.4944976368	35.4472291469574	1334895.6100465658	41.714425802230835	1343567.8388771282	60.40786814689636	1343688.8330627435	52.00091743469238	1342072.422707803	42.199047327041626	1343225.4316057647	41.52910614013672	1343418.4181003626	40.249714612960815	1341191.166066612	
35.46812963485718	1342357.715098763	57.966957330703735	1342134.3969085	58.22344446182251	1342857.712747125	35.461246490478516	1334889.0332010845	41.74017000198364	1343572.2061476428	60.43210411071777	1343693.2794396668	52.032957315444946	1342059.4800638042	42.22775602340698	1343230.3816682165	41.56002640724182	1343412.7090222253	40.265366077423096	1341220.3192970636	
35.490325927734375	1342363.5414604468	57.99349021911621	1342140.31907166	58.25738000869751	1342842.5317762867	35.475518226623535	1334889.0199762979	41.76218891143799	1343568.7070574865	60.455591440200806	1343696.6680074993	52.0629768371582	1342059.9946537903	42.25227069854736	1342952.4670649506	41.59612321853638	1343422.6118314504	40.27916479110718	1341230.1055358883	
35.51101803779602	1342378.01281834	58.01983690261841	1342131.4827731552	58.29918074607849	1342840.2385614982	35.490527391433716	1334897.4356481333	41.78871726989746	1343565.0856326995	60.48114562034607	1343694.7494421026	52.097492933273315	1342222.2548545355	42.27607727050781	1342957.368587981	41.63537359237671	1343425.4638850805	40.29468584060669	1341244.8065439265	
35.53233861923218	1342363.6752066547	58.042871713638306	1342146.4838747557	58.336503744125366	1342517.8462401936	35.50704216957092	1334910.7258489833	41.81607508659363	1343600.459206734	60.50603199005127	1343726.2989637745	52.13685321807861	1342224.1755802075	42.301875591278076	1342954.6758477348	41.67994570732117	1343415.799931041	40.30967164039612	1341251.6632666606	
35.55201244354248	1342353.0569432706	58.072896242141724	1341836.4394692353	58.383785247802734	1342533.0950159326	35.520575284957886	1334931.544719408	41.84260869026184	1343607.4952250503	60.5310640335083	1343729.1146677416	52.16764569282532	1342190.9299715194	42.325700998306274	1343251.0616323936	41.72047686576843	1343430.6260369427	40.32351613044739	1341250.441148289	
35.567991733551025	1342369.5585506118	58.094661235809326	1341835.2425459246	58.419795989990234	1342538.6710252543	35.5379536151886	1334925.905852366	41.87513732910156	1343609.850908249	60.553977489471436	1343743.287732882	52.194863080978394	1342191.8456258618	42.35189938545227	1343252.3152585004	41.75819110870361	1343429.2306606525	40.34053015708923	1341253.982256123	
35.58199954032898	1342407.4021171755	58.11930966377258	1341698.0064951784	58.45043206214905	1342560.1129635884	35.553964138031006	1334754.5929776924	41.90169882774353	1343589.0484493624	60.5753653049469	1343918.5861583573	52.233887910842896	1342175.3397741544	42.37907147407532	1343219.1882075928	41.79463267326355	1343403.1079821493	40.35353922843933	1341238.1066939586	
35.59576153755188	1342398.1434774182	58.145840644836426	1341706.37023664	58.486425161361694	1342556.705773145	35.56846761703491	1334798.0579858595	41.930415630340576	1343571.1555754906	60.601452589035034	1343900.9906511111	52.26040744781494	1342175.5608899342	42.40197420120239	1343237.5177825796	41.826170444488525	1343409.9997073368	40.367226123809814	1341237.756722333	
35.60890579223633	1342409.083795874	58.17031741142273	1341717.871467012	58.523648738861084	1342551.102652846	35.58649039268494	1334802.4140295486	41.95701265335083	1343567.677666073	60.62613821029663	1343884.6743467993	52.29343056678772	1342180.488077029	42.426602602005005	1343238.3587555313	41.87072277069092	1343440.8679529675	40.38223958015442	1341232.1215784221	
35.62224721908569	1342405.0895493294	58.193843126297	1341716.0340511268	58.55803036689758	1343356.530177275	35.600728273391724	1334767.8093877814	41.98297834396362	1343577.1411456228	60.64915227890015	1343874.8308878753	52.32140851020813	1342169.966694804	42.45312571525574	1342960.8988071042	41.92047953605652	1343440.8103551513	40.39674687385559	1341237.6310447913	
35.63678240776062	1342418.4604030894	58.22186255455017	1341719.1645683914	58.61111927032471	1343371.651980302	35.61473870277405	1334812.8249915787	42.01028776168823	1343599.49322888	60.67455744743347	1343761.4729708212	52.35138535499573	1342136.6504978498	42.47113537788391	1343020.1023335466	41.965315103530884	1343455.1379340398	40.41076040267944	1341241.73664177	
35.651811599731445	1342364.5045049782	58.24652457237244	1341729.5102869824	58.650832176208496	1343351.6678190269	35.6297492980957	1334797.8229587534	42.0343120098114	1343606.9899486464	60.698790311813354	1343505.4863056834	52.38082480430603	1342145.4940998552	42.48863959312439	1343323.0611416718	42.004775285720825	1343329.283726363	40.425267696380615	1341180.6372932843	
35.665823221206665	1342369.9860310887	58.27403926849365	1341727.2187365761	58.6933217048645	1343236.583842833	35.64376425743103	1334784.2131246526	42.06097221374512	1343618.0735274795	60.72531485557556	1343447.8487142997	52.40761399269104	1342152.8748735166	42.50264835357666	1342918.134616573	42.04083752632141	1342819.6808799468	40.4412841796875	1341174.6318563565	
35.6803777217865	1342401.9352489128	58.30102729797363	1341717.9470630123	58.72651672363281	1343240.145867236	35.659268617630005	1334780.0195567142	42.08699154853821	1343613.1721768745	60.748332023620605	1343452.1782393728	52.438146352767944	1342174.6785062056	42.51431894302368	1342924.5162956605	42.08308243751526	1342845.5036411765	40.45729660987854	1341189.4505470535	
35.69515109062195	1342384.3214327686	58.324721336364746	1341716.9937393	58.77237844467163	1343249.3409274854	35.674612045288086	1334750.0418944436	42.111021280288696	1343617.248083029	60.772860288619995	1343444.088974427	52.46618437767029	1342177.7534719326	42.52985382080078	1342928.9305266424	42.112600564956665	1342423.1186800047	40.74722170829773	1341196.5545484412	
35.7091178894043	1342393.2694491127	58.349621295928955	1341739.1157002042	58.81183218955994	1343242.605950009	35.68711471557617	1334772.1243841972	42.13537287712097	1343626.3081932587	60.79610538482666	1343434.966805873	52.49471306800842	1342161.220962502	42.54635238647461	1342935.055446956	42.1356246471405	1342424.4187516798	40.77393984794617	1341197.237046358	
35.72514772415161	1342451.139220351	58.37360763549805	1342039.7824308518	58.849292039871216	1343246.94119746	35.70212912559509	1334849.2983707748	42.15990209579468	1343612.682914671	60.821786880493164	1343434.5754397616	52.52977132797241	1342196.501462837	42.559359550476074	1342998.0171684413	42.16086983680725	1342423.637863575	40.79794931411743	1341179.7230597564	
35.73894381523132	1342453.2725209235	58.39674210548401	1342049.8110552263	58.89643716812134	1343242.7551027695	35.716639041900635	1334841.1435489878	42.18692755699158	1343613.4361517425	60.849130153656006	1343489.0586591056	52.55657172203064	1342197.752670079	42.5748655796051	1342990.6090408335	42.18463706970215	1342428.32948975	40.82146453857422	1341180.860146343	
35.754353523254395	1342428.397628407	58.42176413536072	1342050.1140392562	58.93382263183594	1343242.6933425448	35.72915863990784	1334943.634159162	42.21269702911377	1343625.8150924032	60.87416172027588	1343436.2446490277	52.582939863204956	1342204.1346236675	42.590092182159424	1342994.9639682877	42.2126567363739	1342408.7710621345	40.84800624847412	1341141.8293841272	
35.7687029838562	1342396.5410380138	58.44637989997864	1342047.2508305851	58.971853256225586	1343239.15976406	35.74296593666077	1334955.3629433645	42.23975419998169	1343676.1675270277	60.89612793922424	1343462.209389225	52.6147997379303	1342197.042782164	42.602657079696655	1342969.2271812316	42.23969125747681	1342413.8893992233	40.87402391433716	1341655.4130008915	
35.78297281265259	1342584.9787205213	58.472647190093994	1342028.721051761	59.01490259170532	1343239.3613992713	35.75847125053406	1334934.5574906205	42.2667076587677	1343680.8565118026	60.92063903808594	1343411.0298206015	52.64237856864929	1342162.9712434653	42.61790704727173	1342907.4407810962	42.26976490020752	1342415.6229686253	40.900540828704834	1341659.6475363292	
35.798014640808105	1342611.0397104567	58.502933740615845	1342031.691867909	59.05017590522766	1343230.7313958588	35.772481203079224	1334926.0781125529	42.295079708099365	1343557.8182768354	60.94617581367493	1343391.7647134832	52.66874361038208	1342165.7292664147	42.631426095962524	1343274.236819705	42.29818534851074	1342641.7802401427	40.92621564865112	1341674.3389809811	
35.81152558326721	1342811.644596359	58.52396845817566	1342060.4307847773	59.093021631240845	1343236.3508185588	35.78598880767822	1334933.670026553	42.327850341796875	1343562.426118422	60.97018766403198	1343379.5754777181	52.69619631767273	1342164.5731814022	42.64593195915222	1343164.4475675859	42.32770013809204	1342642.5638265114	40.951730251312256	1341675.4794163345	
35.82638502120972	1342806.4752142616	58.54940748214722	1342057.3095721737	59.1335723400116	1342744.931942854	35.79849553108215	1335049.7371499406	42.35660195350647	1343560.6887634208	60.99728083610535	1343367.0304372136	52.72106337547302	1342169.505041388	42.661941051483154	1343153.7881963204	42.35330271720886	1342645.59027835	40.977924823760986	1341749.9297164725	
35.84139823913574	1342810.5991338294	58.574514865875244	1342151.4326059942	59.17871379852295	1342742.6439929164	35.81160283088684	1334856.9167120822	42.38713240623474	1343550.4430923497	61.01984786987305	1343353.005562165	52.746578216552734	1342180.5568555782	42.67604899406433	1343166.2119344769	42.379127740859985	1342642.860104622	41.00830268859863	1341763.4948562854	
35.85609173774719	1342807.8818184359	58.61106252670288	1342043.1231160348	59.21266579627991	1342748.5562375225	35.82561421394348	1334790.8848249193	42.41334319114685	1343608.2756486651	61.041868686676025	1343355.8629572159	52.775604009628296	1342192.412253002	42.69063186645508	1343167.3827885282	42.41049146652222	1342587.897067781	41.03604030609131	1341758.3030331233	
35.870604515075684	1342563.904583928	58.643988609313965	1342032.4939390884	59.24464416503906	1342756.9830561117	35.84062314033508	1334793.586041168	42.43969416618347	1343598.3457692924	61.06409025192261	1343355.812832915	52.802181243896484	1342200.5058146203	42.70513606071472	1343161.4008838197	42.43450903892517	1342587.9641305592	41.064411640167236	1341741.9823558705	
35.88671898841858	1342559.8758562908	58.667999505996704	1342065.1601897532	59.27990221977234	1342765.459746317	35.854129791259766	1334801.8226177543	42.463845014572144	1343603.4191201355	61.09042239189148	1343252.6691257928	52.825881242752075	1342193.808306409	42.71896433830261	1343270.5047432187	42.46372199058533	1342594.7575883407	41.08942747116089	1341742.6185970637	
35.90048170089722	1342559.743332606	58.6952805519104	1342049.7916008478	59.31963014602661	1342796.7332671937	35.86714005470276	1334826.4361299495	42.49009323120117	1343609.6288825313	61.11409592628479	1343248.1178475178	52.85390067100525	1342207.8072904856	42.73147511482239	1343269.1150583206	42.48874115943909	1342370.4121611414	41.11670923233032	1341752.083984204	
35.91399383544922	1342565.7990520063	58.72000193595886	1342021.8837612846	59.35954260826111	1342796.7849875037	35.88287043571472	1334833.1254704904	42.512733697891235	1343611.013678544	61.13962149620056	1343358.201659046	52.878917932510376	1342208.7061037687	42.7469801902771	1343258.633003037	42.513750314712524	1342379.7888665043	41.14322590827942	1341755.28788755	
35.92819905281067	1342574.0401981932	58.7492413520813	1342044.6916548128	59.39441466331482	1342782.1238988023	35.90393590927124	1334636.9243536713	42.536585569381714	1343602.5592999177	61.166157484054565	1343361.351754673	52.903000354766846	1342215.026566961	42.760493993759155	1343271.0242846413	42.54075050354004	1342373.6764549133	41.16968846321106	1341747.4399027308	
35.941997051239014	1342573.2130581138	58.774510622024536	1342069.029084589	59.43489456176758	1342793.6701031404	35.92556548118591	1334715.9193936856	42.56038570404053	1343600.2352758138	61.19069480895996	1343367.6344638823	52.93748140335083	1342232.6172056799	42.77677273750305	1343253.6921123848	42.56750416755676	1342376.819134981	41.19669818878174	1341679.2646349662	
35.956425189971924	1342567.1978536046	58.79753494262695	1342033.6837174625	59.47155499458313	1342919.1609090848	35.94158387184143	1334723.5003680817	42.58519792556763	1343643.2317881256	61.213361978530884	1343361.929963184	52.96100449562073	1342209.5913977562	42.792940855026245	1343268.8026427096	42.59102416038513	1342364.0192201158	41.22286510467529	1341669.3098167647	
35.96819519996643	1342584.9964628012	58.8200626373291	1342298.7531223942	59.51106023788452	1342893.809601445	35.966593503952026	1334678.124441891	42.611223220825195	1343654.1603634136	61.23670434951782	1343394.323842185	52.982516288757324	1342206.5118525145	42.80764675140381	1343264.79076625	42.61453366279602	1342468.0144155168	41.25261354446411	1341669.4254422344	
35.983903884887695	1342567.8733285095	58.845587730407715	1342298.196079197	59.539326190948486	1342889.0030644555	35.98660612106323	1334675.2113756628	42.65059304237366	1343655.0884169359	61.27626609802246	1343634.7323790495	53.011310338974	1342267.3024783959	42.82356810569763	1343240.6967249406	42.63907837867737	1342486.8231398726	41.279662132263184	1341630.014896061	
35.99838161468506	1342542.9527090178	58.869220495224	1342294.5837127652	59.56495141983032	1342867.6793321306	36.00562620162964	1334686.4315809354	42.68725943565369	1343655.8932997063	61.31072402000427	1343675.7364558643	53.03882622718811	1342272.5621774476	42.8381028175354	1343250.7906046086	42.666868448257446	1342429.8285581507	41.30767560005188	1341659.2706477535	
36.01284384727478	1342563.3644758991	58.896957874298096	1342298.5530339458	59.59433627128601	1342869.630828037	36.02615761756897	1334706.4205146981	42.732075691223145	1343052.318677563	61.33256268501282	1343680.7989658192	53.06134629249573	1342261.7432454366	42.855111598968506	1343249.3242289065	42.691319704055786	1342440.7497115876	41.33491611480713	1341661.9579499573	
36.02708339691162	1342575.6323563943	58.92278480529785	1342277.2484545077	59.621137619018555	1343004.8749595291	36.05068492889404	1334714.2634836405	42.767038106918335	1343100.4449540065	61.359941482543945	1343707.7607113179	53.082459449768066	1342242.6170234305	42.867228507995605	1343260.6157390235	42.71583819389343	1342442.3935191312	41.36316180229187	1341649.53203339	
36.040942430496216	1342531.733557176	58.94883394241333	1342290.0246695348	59.65006375312805	1343111.0513892372	36.06970191001892	1335006.6670159157	42.80058002471924	1343102.451082121	61.38395309448242	1343722.2395900832	53.10898733139038	1342229.6191747512	42.88223648071289	1343162.965395376	42.74097037315369	1342451.9641504763	41.39228129386902	1341648.3918166088	
36.055556297302246	1342526.7300200495	58.976656675338745	1342335.7015724771	59.67932891845703	1342975.686879014	36.0864143371582	1335017.0012965512	42.83702373504639	1343057.5802167442	61.40699076652527	1343743.8958972862	53.13664531707764	1342206.3073549597	42.89674115180969	1342773.8628535008	42.76333808898926	1342457.91203754	41.420654296875	1341649.4850318963	
36.069817543029785	1342613.8198750447	59.001681327819824	1342333.9310343468	59.708544969558716	1342981.921300282	36.10243105888367	1335000.5911036239	42.872066259384155	1343442.166011762	61.43038725852966	1343775.6628840708	53.161139249801636	1342250.5817641448	42.911253213882446	1342786.220314605	42.78903913497925	1342364.7066147404	41.446441650390625	1341618.6960882775	
36.08381485939026	1342614.0345498198	59.0260591506958	1342435.857577471	59.73482394218445	1342956.1789267738	36.1184458732605	1334987.9974782574	42.91324973106384	1343402.854704018	61.45492887496948	1343784.8213799528	53.18416476249695	1342247.2248091134	42.92707705497742	1342785.8325640261	42.81455063819885	1342373.3928516516	41.47097063064575	1341647.9852456204	
36.09929895401001	1342635.1392187858	59.05275368690491	1342429.1076309993	59.761168241500854	1342954.3431351164	36.13410234451294	1335014.0343662144	42.94959211349487	1343424.131095025	61.477914571762085	1343749.3434705304	53.20711588859558	1342252.6048761602	42.944084882736206	1342782.3062665802	42.845860958099365	1342384.2474848724	41.4965615272522	1341674.4316999307	
36.11272716522217	1342654.879414275	59.07751512527466	1342434.6616658247	59.784828662872314	1343080.5707695012	36.14761304855347	1335038.538108903	42.99084281921387	1343379.6877465285	61.50428867340088	1343713.9907581238	53.23546314239502	1342214.8705828628	42.956589460372925	1342790.420836232	42.870052337646484	1342345.1894623563	41.52183556556702	1341676.0808758738	
36.126386404037476	1342641.6040752828	59.10183024406433	1342429.0045969721	59.81252145767212	1343050.8214254326	36.162575244903564	1335051.0911073417	43.026811838150024	1343384.9886570433	61.53630757331848	1343681.092419171	53.277992486953735	1342214.5839847915	42.97259759902954	1342782.787291638	42.8951051235199	1342355.8091851114	41.55035448074341	1341674.8064265791	
36.13914155960083	1342633.1686305332	59.12502980232239	1342431.7602131919	59.83469486236572	1343025.058338954	36.17761039733887	1335054.6344239942	43.07195496559143	1343493.2692149605	61.558316230773926	1343678.4127993116	53.32017517089844	1342234.7639049797	42.986613273620605	1342784.052347632	42.91699504852295	1342307.9061143626	41.575557708740234	1341666.6444205614	
36.153993368148804	1342628.1494420902	59.15085196495056	1342439.388184996	59.86071419715881	1343066.1345194739	36.19263219833374	1335044.3114846149	43.10448408126831	1343491.6591750293	61.585265159606934	1343681.5916626959	53.35119676589966	1342272.8044803168	43.00041174888611	1342791.9573362847	42.94271636009216	1342318.9526833305	41.60673546791077	1341714.030474626	
36.16847038269043	1342661.7725053928	59.176172971725464	1342442.1760160178	59.8866286277771	1343063.3466194414	36.207138538360596	1335198.3290630882	43.14446830749512	1343488.2154030425	61.6124107837677	1343560.8344147026	53.380709648132324	1342257.0921880417	43.016576290130615	1342786.3561265962	42.96717119216919	1342325.5478902464	41.630908250808716	1341729.7626459773	
36.181755781173706	1342633.5968604288	59.20018792152405	1342432.8183306858	59.91315984725952	1343077.7766868758	36.22308397293091	1335207.952747064	43.18537640571594	1343480.5645025352	61.6370952129364	1343544.771294695	53.40860390663147	1342263.0353698295	43.031089782714844	1342797.0170588049	42.991517543792725	1342325.3572414701	41.65591859817505	1341830.778885056	
36.19570875167847	1342653.5009248073	59.224705934524536	1342433.6783752965	59.94068169593811	1342993.9371876086	36.2387330532074	1335216.010636686	43.225632667541504	1343478.853191944	61.665934324264526	1343530.3750561406	53.43912887573242	1342252.5502831242	43.04464530944824	1342807.6892986102	43.01654100418091	1342325.3847576496	41.68893051147461	1341831.5094270995	
36.21096849441528	1342655.7828136047	59.246230363845825	1342378.6216311962	59.97357988357544	1343023.781637192	36.25343585014343	1335216.7085088147	43.27018475532532	1343483.03528404	61.68803119659424	1343510.6029948196	53.4746618270874	1342255.9299326944	43.05965542793274	1342809.4557433932	43.04020380973816	1342341.8800537759	41.72618246078491	1341849.4162401422	
36.2255756855011	1342624.822760158	59.27424335479736	1342352.6828304606	59.997435092926025	1342896.176063453	36.26945948600769	1335208.848846861	43.311219453811646	1343470.2541301283	61.71232080459595	1343528.3915101404	53.50668907165527	1342252.3679982617	43.07516050338745	1342811.862835685	43.064958572387695	1342334.292185121	41.761223793029785	1341830.9169495385	
36.23985552787781	1342614.9238339537	59.29703235626221	1342706.7781249587	60.0194034576416	1342900.8053406316	36.284059047698975	1335210.3012128887	43.35027313232422	1343471.301705435	61.735846281051636	1343519.693769735	53.54454565048218	1342225.4111796338	43.092753171920776	1342788.9927287118	43.08759546279907	1342345.4422938316	41.80300855636597	1341248.293600891	
36.25448727607727	1342461.3595930655	59.32554602622986	1342716.7086784532	60.04133176803589	1342901.3490672272	36.2980797290802	1335192.6653550984	43.3928747177124	1343475.6006012857	61.76085901260376	1343561.2181954724	53.57960748672485	1342234.6979609083	43.107091188430786	1342771.2051493882	43.11275386810303	1342360.924161133	41.85524249076843	1341252.0284822194	
36.267868757247925	1342467.8074665992	59.35057020187378	1342666.9165724763	60.06535243988037	1342893.727018055	36.31309533119202	1335203.4808522735	43.43116760253906	1343486.4828654875	61.78247284889221	1343579.083237184	53.61664915084839	1342203.0298518464	43.12246823310852	1342781.1292361782	43.1392560005188	1342361.5394704528	41.89576530456543	1341249.698029542	
36.282405853271484	1342467.9195314418	59.37465858459473	1342413.9115839133	60.09091639518738	1342991.733337226	36.32728886604309	1335205.2293976399	43.47285079956055	1343481.8375231563	61.8080096244812	1343588.8460597163	53.655179262161255	1342231.700542645	43.13705897331238	1342807.6818670859	43.163371086120605	1342356.5873049991	41.949087142944336	1341241.1621087114	
36.29841637611389	1342481.345970568	59.397698163986206	1342400.7228611228	60.11970353126526	1343004.411964609	36.341307401657104	1335178.7804757864	43.51764512062073	1343474.7000775286	61.83723568916321	1343589.283710951	53.68969655036926	1342226.2419500756	43.15207052230835	1342817.7625926593	43.185654401779175	1342358.028994491	41.992260694503784	1341232.8159894752	
36.31227684020996	1342486.7863260687	59.42321443557739	1342485.720038394	60.14271354675293	1343006.8336209788	36.35532331466675	1335179.4233881792	43.54535102844238	1343511.4657948767	61.86784553527832	1343578.7541534351	53.720773220062256	1342235.8202010754	43.16732740402222	1342837.6961039556	43.20935678482056	1342352.6701696673	42.023780822753906	1341233.745945968	
36.325860023498535	1342490.812359404	59.44972848892212	1342599.704503464	60.178804874420166	1343022.9111907135	36.36983346939087	1335204.9451831183	43.57888317108154	1343507.3740972267	61.89177870750427	1343606.4996310773	53.75392007827759	1342241.4262970448	43.18303871154785	1342972.28593289	43.23363447189331	1342345.0174347898	42.057666540145874	1341263.6181230356	
36.33973503112793	1342550.205551494	59.47474646568298	1342683.837250245	60.202876329422	1342949.8082937747	36.386802196502686	1335147.6895748272	43.605087995529175	1343495.1040918522	61.91823196411133	1343590.3045131695	53.78694415092468	1342248.1726014968	43.19885301589966	1342965.221943937	43.259676933288574	1342338.09442657	42.10369610786438	1341273.4641558346	
36.35404300689697	1342549.8695406776	59.49475908279419	1342671.728757633	60.22710585594177	1342962.419207633	36.39931035041809	1335036.8235588672	43.631136417388916	1343782.5319702353	61.94606637954712	1343581.0646826806	53.819825649261475	1342264.568515344	43.214619636535645	1342815.0295887624	43.28528046607971	1342363.4833067635	42.138020038604736	1341273.17975975	
36.36811184883118	1342492.5672530415	59.517768144607544	1342688.7972201419	60.24864864349365	1342962.3652311899	36.4153196811676	1334755.3916610877	43.65874934196472	1343590.4833741654	61.969078540802	1343872.3223367115	53.85456418991089	1342218.8500762149	43.229130268096924	1342815.8608368903	43.308969259262085	1342362.8065640556	42.176284313201904	1341253.9339015705	
36.383562088012695	1342502.8662512386	59.540281534194946	1342697.288352252	60.271204471588135	1342965.540182796	36.42933487892151	1334752.1263270369	43.68307375907898	1343587.0233445659	61.9936420917511	1343873.820786951	53.880573987960815	1342225.3405100699	43.24463677406311	1342805.6509031565	43.3327100276947	1342396.4149781712	42.213274240493774	1341213.6871396925	
36.39725875854492	1342502.9338106515	59.56497526168823	1342690.115254474	60.29754853248596	1342920.4547057447	36.44435262680054	1335050.2495098645	43.70914578437805	1343577.6415311445	62.01799416542053	1343872.1723219997	53.90562033653259	1342222.8716814974	43.25914216041565	1342806.2125994407	43.35793590545654	1342749.961001446	42.25451683998108	1341205.8149862976	
36.410396337509155	1342793.7097142744	59.591487884521484	1342690.0905651336	60.322561502456665	1342891.4480880839	36.460864543914795	1335071.7462618474	43.737210512161255	1343595.2224597696	62.042025089263916	1343905.1597438026	53.93416690826416	1342225.453154507	43.274150371551514	1342937.5351302917	43.38163638114929	1342769.1964878493	42.29004263877869	1341150.0055506553	
36.42498326301575	1342766.4571401922	59.61749982833862	1342629.4568228722	60.34940981864929	1342877.859903317	36.47710299491882	1335070.179340585	43.76549172401428	1343576.299138804	62.065563440322876	1343911.8076381737	53.95817494392395	1342233.5617799005	43.29016065597534	1343302.61066004	43.4065887928009	1342353.3878592264	42.32733082771301	1341150.7674774209	
36.43832969665527	1342767.8017139903	59.64151477813721	1342634.490892998	60.37305760383606	1342879.950356744	36.49212455749512	1335083.8129718776	43.7945339679718	1343582.0530228126	62.09241843223572	1343912.212384076	53.98428654670715	1342254.2228085585	43.30466437339783	1342835.6093868343	43.432326316833496	1342271.6156840653	42.36890888214111	1341158.2829342321	
36.45417070388794	1342523.2790620695	59.665528774261475	1342630.1300350716	60.40435171127319	1342899.5000349847	36.50763654708862	1335086.0847051428	43.82105851173401	1343588.675541046	62.11548376083374	1343907.469146788	54.0080988407135	1342251.0041393638	43.319822549819946	1342826.0501215165	43.456255197525024	1342281.8217150106	42.402428150177	1341160.961914918	
36.46965980529785	1342521.7486332736	59.695406675338745	1342663.9276220032	60.432822465896606	1342915.6942097684	36.52444314956665	1335108.2903831252	43.84507513046265	1343584.8422315903	62.14227509498596	1343642.1167709834	54.03111386299133	1342254.4685922693	43.33416271209717	1342860.833470457	43.48284387588501	1342289.6174318658	42.43694233894348	1341161.7587930057	
36.48459815979004	1342524.9521691913	59.721261739730835	1342656.7742837367	60.45743799209595	1342925.417562477	36.538949489593506	1334934.3926895636	43.870603799819946	1343575.2147382523	62.16676354408264	1343640.2363836563	54.05614233016968	1342238.2350659624	43.34752893447876	1342851.0079592075	43.50876235961914	1342278.426809021	42.46195960044861	1341164.3495147675	
36.49881982803345	1342539.1679557152	59.74379205703735	1342580.8047620216	60.483155250549316	1342947.1582278716	36.55497598648071	1334931.7554909613	43.89762544631958	1343582.5936405698	62.19143843650818	1343659.2559199622	54.07978677749634	1342248.5457068828	43.36279487609863	1342195.7209811185	43.53290677070618	1342267.051695743	42.48496890068054	1341177.0551960792	
36.511842489242554	1342549.9202906166	59.765973806381226	1342569.3559917598	60.50990915298462	1342934.1684574082	36.56948518753052	1335139.6972773555	43.92136216163635	1343575.5500906243	62.214457511901855	1343633.128367727	54.11025333404541	1342268.940429736	43.37701916694641	1342232.545147852	43.55626368522644	1342274.1412462294	42.50960874557495	1341175.452196082	
36.525856733322144	1342548.9687746188	59.78998589515686	1342572.8892239595	60.5369508266449	1342956.5292352806	36.58651089668274	1335252.0682372162	43.94781041145325	1343594.6155618513	62.23836088180542	1343639.278996104	54.133288860321045	1342267.3929391503	43.393893003463745	1342249.5356540666	43.5805139541626	1342294.7269071322	42.53625559806824	1341174.8091849918	
36.54343008995056	1342536.2346669463	59.81650733947754	1342592.6399154034	60.55896282196045	1342955.572238423	36.60253119468689	1335251.333596038	43.97200560569763	1343607.1675718213	62.26267337799072	1343653.1219651452	54.159448862075806	1342267.925775543	43.40542650222778	1342255.344558527	43.60426902770996	1342282.2131048553	42.75096416473389	1341180.8396332082	
36.557979106903076	1342553.1616561692	59.84002661705017	1342593.2006508107	60.58164954185486	1342964.8872719463	36.618104696273804	1335253.3939339293	43.996532917022705	1343666.9636004858	62.28587293624878	1343653.3340643097	54.18747663497925	1342268.0453516678	43.418673515319824	1342230.4205927537	43.629552125930786	1342282.8891232999	42.77411389350891	1341186.0698226695	
36.57475137710571	1342530.315148847	59.86654710769653	1342601.8887616107	60.60416841506958	1342965.4475921856	36.6331250667572	1335482.3707702123	44.02124643325806	1343643.2964678782	62.311978340148926	1343638.0336978526	54.21694540977478	1342276.0535223244	43.4337694644928	1342227.749303597	43.65560245513916	1342378.6084699216	42.809141635894775	1341180.8637250229	
36.5889151096344	1342586.0247731518	59.89089059829712	1342584.735271913	60.632259130477905	1342956.890601649	36.64764046669006	1335485.4180261903	44.04626798629761	1343609.6564192858	62.332995653152466	1343606.72123259	54.246466875076294	1342277.758183013	43.44877529144287	1342265.2527839565	43.683536767959595	1342390.666277714	42.835155963897705	1341184.6294959444	
36.60456967353821	1342574.0324853533	59.91641855239868	1342579.3778590795	60.65646529197693	1342954.7355235366	36.666259765625	1335474.0704906944	44.073880672454834	1343610.4230523084	62.3555223941803	1343587.3825961149	54.27449154853821	1342278.5602044645	43.462281942367554	1342315.0945450545	43.7087824344635	1342397.0801638425	42.86117911338806	1341183.074904765	
36.622278451919556	1342399.1919159002	59.94245910644531	1342581.222007632	60.67925977706909	1342957.5105601626	36.6808078289032	1335475.975397123	44.09858179092407	1343627.11548807	62.379562854766846	1343587.8795197112	54.30104398727417	1342263.094337031	43.47578740119934	1342307.5223477571	43.73667240142822	1342385.7172488798	42.890697717666626	1341173.6886981293	
36.6366171836853	1342411.2448320137	59.96763730049133	1342574.9708811692	60.704426527023315	1342968.5680362936	36.69667053222656	1335487.112792822	44.124181032180786	1343582.2813474368	62.404579162597656	1343593.3082095098	54.33730626106262	1342261.981509831	43.48987865447998	1342320.7119407617	43.757837533950806	1342402.075324402	42.915934562683105	1341171.9575776642	
36.65227198600769	1342424.9543261302	59.99216938018799	1342583.4501214747	60.728832483291626	1342985.8379659944	36.710678577423096	1335613.934486959	44.146735191345215	1343587.1410312878	62.427372455596924	1343628.1231097851	54.3623366355896	1342204.8886025352	43.504000663757324	1342622.3922395692	43.78130102157593	1342406.5354921224	42.94439649581909	1341173.3093137003	
36.66593074798584	1342426.3759571076	60.01577711105347	1342589.184159747	60.75251293182373	1342986.4845879811	36.72600841522217	1335443.5560645731	44.17169237136841	1343566.545660206	62.454338788986206	1343623.4183826477	54.3906512260437	1342183.2809638372	43.518999338150024	1342554.5285262042	43.80685615539551	1342222.3356097415	42.971728563308716	1341125.4467562302	
36.68233132362366	1342417.9064981688	60.03930616378784	1342303.1950930539	60.77549695968628	1342993.5631690435	36.742026567459106	1335443.038609787	44.193713426589966	1343592.0846774548	62.481088399887085	1343544.7608104623	54.42091941833496	1342196.6007800228	43.53362250328064	1342544.4066437848	43.83574724197388	1342227.88649731	42.99544048309326	1341137.3578725175	
36.696194648742676	1342401.23541258	60.059329986572266	1342304.9388677333	60.798338174819946	1342989.6830083935	36.75730919837952	1335280.7183712472	44.21956253051758	1343606.3196482994	62.50644588470459	1343589.4824741508	54.46123790740967	1342208.6425270846	43.54862999916077	1342547.0381159526	43.86486077308655	1342271.1613939747	43.02449870109558	1341123.9326266984	
36.71058464050293	1342407.0315721566	60.08236074447632	1342316.2076282436	60.82485389709473	1342458.4584952998	36.773322105407715	1335279.1774468876	44.24345803260803	1343606.8115781154	62.532466173172	1343504.4449283732	54.48875045776367	1342263.223394009	43.56374645233154	1342577.965836554	43.89162278175354	1342261.7158889477	43.05265164375305	1341179.8028719665	
36.725298166275024	1342518.1650598357	60.10606861114502	1342277.6844009159	60.85086679458618	1342735.9171615832	36.7888298034668	1335307.9248979415	44.26547169685364	1343599.7583777206	62.55799674987793	1343509.1077134043	54.51514482498169	1342246.6564277124	43.57872128486633	1342318.759220773	43.916827917099	1342256.3614256452	43.07608652114868	1341180.4409873572	
36.73909854888916	1342475.9400077153	60.13061237335205	1342285.8149731953	60.87639856338501	1342710.9906648286	36.80335831642151	1335315.038199467	44.293010234832764	1343590.8067582655	62.582008361816406	1343530.6730060838	54.54115438461304	1342255.602256167	43.59190487861633	1342304.1991825742	43.94189381599426	1342278.287542365	43.101600885391235	1341180.3173686103	
36.756701707839966	1342635.9687829833	60.15297865867615	1341920.868231694	60.9009644985199	1342422.3253099578	36.81887984275818	1335252.633170366	44.32012701034546	1343571.7543243065	62.619006395339966	1343508.121140692	54.56819677352905	1342263.9854513323	43.6056125164032	1342317.9625071269	43.966416120529175	1342278.0082824468	43.12569236755371	1341229.14259921	
36.771252393722534	1342637.3145602087	60.17808413505554	1341928.9853700544	60.926488637924194	1342452.1465689598	36.842077016830444	1335279.860052389	44.346362352371216	1343588.168110942	62.64418888092041	1343509.2897505357	54.595083713531494	1342270.2682151878	43.620622634887695	1342300.5016501325	43.99246072769165	1342411.8594947006	43.15220499038696	1341194.170681127	
36.784956216812134	1342636.2979685867	60.2021005153656	1341948.3452798727	60.95252585411072	1342869.564677601	36.866090536117554	1335253.1019351294	44.372517108917236	1343590.7210623622	62.66820216178894	1343549.6614701673	54.620471239089966	1342276.5058011	43.63621973991394	1342319.817458598	44.019073724746704	1342442.760836174	43.17611742019653	1341170.3258779333	
36.80108666419983	1342649.1208811111	60.22812366485596	1341901.542918426	60.97882413864136	1342911.6681379213	36.889267921447754	1335299.0907361514	44.3973114490509	1343599.2329668545	62.69157576560974	1343582.65298583	54.658008337020874	1342235.155925311	43.65097427368164	1342328.321716088	44.04541492462158	1342427.4288704523	43.19964861869812	1341216.7466081833	
36.81551480293274	1342676.2901748933	60.25213646888733	1341894.3876454702	61.00766658782959	1342943.4763682042	36.914026498794556	1335268.4530839224	44.425899028778076	1343596.5673799086	62.71633434295654	1343583.6103482265	54.69653034210205	1342224.638671083	43.66432809829712	1342937.3844968972	44.06916284561157	1342429.1807200448	43.226680755615234	1341200.5841083315	
36.83169221878052	1342677.4368143731	60.2761652469635	1342381.2553722963	61.036656856536865	1342965.1503366735	36.936716079711914	1335281.1753198	44.4564893245697	1343553.3735749454	62.741355657577515	1343582.1014375517	54.71978425979614	1342225.115806691	43.68033981323242	1342939.124146429	44.09288215637207	1342790.9133908767	43.25324821472168	1341274.37127936	
36.84625792503357	1342680.6935836638	60.301750898361206	1342361.3886632521	61.064674854278564	1342970.0479822147	36.95973563194275	1335268.5912934777	44.48071622848511	1343553.4232331805	62.765440702438354	1343573.9279407081	54.74844026565552	1342220.208457093	43.696850299835205	1342973.8987183336	44.11788272857666	1342754.6073212929	43.28029465675354	1341268.8604512648	
36.859641790390015	1342675.881008344	60.32477164268494	1342355.8006109213	61.08873176574707	1342974.396648588	36.97775626182556	1335260.0497100735	44.510743856430054	1343582.2962276563	62.786957025527954	1343575.55504557	54.78154516220093	1342219.3181354539	43.710861921310425	1342981.6747075254	44.144211530685425	1342805.2014095648	43.306846380233765	1341246.5391096782	
36.87382793426514	1342676.0680886172	60.34929442405701	1342395.8574899272	61.111724853515625	1342969.4356894677	36.992775440216064	1335257.0257782454	44.5392541885376	1343537.9114892075	62.809646129608154	1343571.3359808286	54.81035900115967	1342224.4387232908	43.72607421875	1343023.0613001625	44.17258095741272	1342818.4897083307	43.33523964881897	1341281.3415458133	
36.88671612739563	1342685.4940017723	60.37401366233826	1342397.7765242986	61.13473868370056	1342973.823021111	37.00928211212158	1335231.8952330928	44.56362533569336	1343561.8216660307	62.832653284072876	1343560.0144696385	54.83703827857971	1342226.7396274167	43.740087270736694	1343016.245889216	44.2006630897522	1343047.2364412441	43.359323263168335	1341286.3544190098	
36.90075182914734	1342686.285971696	60.401041746139526	1342393.7258890844	61.16017985343933	1342973.158369812	37.02580952644348	1335242.418614217	44.59082365036011	1343712.4710869163	62.859214067459106	1343565.577192579	54.87107300758362	1342249.0251343765	43.75559329986572	1343020.654479704	44.223124504089355	1343050.6526686046	43.38525462150574	1341301.5866187024	
36.91557741165161	1342703.669861455	60.42702627182007	1342392.945177834	61.184828996658325	1342989.2416350082	37.041322231292725	1335243.367891672	44.614073514938354	1343714.9034179847	62.884339570999146	1343538.0039320753	54.90059208869934	1342246.8853213598	43.77021098136902	1343015.6867151035	44.24656915664673	1343059.2191350954	43.40977382659912	1341294.5567477045	
36.92958950996399	1342659.1923384639	60.44754457473755	1342387.4719507208	61.208879470825195	1342974.027642409	37.05883431434631	1335535.972658272	44.63996934890747	1343702.0650285354	62.90812349319458	1343537.7568130943	54.92598867416382	1342257.2755358587	43.78522038459778	1342995.3018376369	44.27057218551636	1343070.1921841768	43.43278408050537	1341286.480620834	
36.94495415687561	1342667.5646347222	60.47480297088623	1342693.966111447	61.235158920288086	1342973.7528125704	37.07535243034363	1335506.8961949504	44.666008949279785	1343707.2695257603	62.93013620376587	1343517.054852418	54.95600485801697	1342257.7793715086	43.80001473426819	1343049.8295115381	44.29501962661743	1343074.948951294	43.45479941368103	1341329.228972311	
36.95920252799988	1342581.5098890094	60.49903607368469	1342708.9672850086	61.2607319355011	1342983.8070048653	37.094074964523315	1335182.767242471	44.69253063201904	1343762.1599239411	62.956276416778564	1343501.8909611013	54.98353028297424	1342276.6496372705	43.81502413749695	1342535.4896132182	44.319504261016846	1343034.912751934	43.4808189868927	1341362.6497197675	
36.97413396835327	1342593.98591765	60.52356266975403	1342714.1166708027	61.2856330871582	1342978.338266252	37.1120924949646	1335191.6073589667	44.72306942939758	1343792.0497970998	62.98030996322632	1343472.2300679148	55.012861251831055	1342274.0969703014	43.82903265953064	1342535.713156072	44.34627890586853	1343022.6302336336	43.50533413887024	1341363.2708544321	
36.99603247642517	1342594.0598959208	60.54808759689331	1342790.2366205628	61.30957007408142	1342981.8550889927	37.13080024719238	1335231.049099714	44.75083112716675	1342868.5937677012	63.00433158874512	1343494.5310382203	55.042402029037476	1342346.3631546693	43.8456449508667	1342516.3119311596	44.373339891433716	1343007.6539864573	43.53244423866272	1341366.3964785736	
37.00969386100769	1342586.2228600618	60.57613229751587	1342795.5679085392	61.332977056503296	1342981.7097231979	37.14831495285034	1335097.1941847997	44.77585220336914	1342875.20928726	63.030137062072754	1343578.3878227102	55.06902742385864	1342324.5460375065	43.86077618598938	1342528.3238209416	44.40021729469299	1343006.875401306	43.55745792388916	1341287.3980598964	
37.023186683654785	1342633.052354208	60.61418533325195	1342793.7148820236	61.36134743690491	1343071.2025641114	37.16733646392822	1335094.8497704393	44.797372579574585	1342856.459475823	63.053162813186646	1343638.2560398008	55.09854531288147	1342314.6895456845	43.87428164482117	1342504.9134040324	44.423810958862305	1343042.9149321825	43.581273794174194	1341285.242080196	
37.034265756607056	1342627.7623561828	60.63971447944641	1342833.7796451135	61.3854398727417	1343085.0685495422	37.1843695640564	1335098.3931804271	44.82877731323242	1342864.4731747147	63.08281230926514	1343649.9677300318	55.12632632255554	1342391.2873510295	43.88928937911987	1342820.512058702	44.4496431350708	1343049.2427526605	43.60830736160278	1341311.2006163246	
37.04902100563049	1342607.297358774	60.6632444858551	1342835.837448336	61.41191625595093	1343084.0720600435	37.201377868652344	1335109.0016264857	44.852187633514404	1342858.1150564854	63.10753583908081	1343661.5910536116	55.15337133407593	1342397.9399098528	43.9047954082489	1342844.940886136	44.47240614891052	1343034.0255811499	43.636823654174805	1341309.5487804972	
37.06155586242676	1342620.4836733758	60.68875288963318	1342761.1373268408	61.435118198394775	1343084.5739668247	37.21588349342346	1335091.6404529016	44.87595772743225	1342860.3341897842	63.13052463531494	1343669.9982857315	55.18138408660889	1342366.810423023	43.92084002494812	1342843.550235796	44.49773168563843	1343006.9549529296	43.66084957122803	1341307.5953340153	
37.07514953613281	1342629.3390743942	60.7151083946228	1342753.458748783	61.46229815483093	1343065.11162008	37.23239874839783	1335096.9655492923	44.89697265625	1342861.4486198311	63.15695810317993	1343682.1148058232	55.20892405509949	1342337.1313804141	43.93536877632141	1342848.4329218986	44.52506709098816	1342984.8135909706	43.68936204910278	1341398.3600170258	
37.08901262283325	1342633.8586554658	60.740623235702515	1342993.0008035714	61.486671686172485	1343076.9020141177	37.249908685684204	1335080.2389886787	44.92198824882507	1342861.5797965927	63.18267226219177	1343690.8995390653	55.23754096031189	1342338.184862319	43.95192003250122	1342800.0984030445	44.54936742782593	1342983.784689025	43.71489858627319	1341173.8104940157	
37.10233736038208	1342638.8061717516	60.76464867591858	1343039.229811929	61.51080942153931	1343072.439900969	37.265918493270874	1335065.359728973	44.9450101852417	1342852.4735635049	63.20959448814392	1343673.7217827037	55.26411557197571	1342314.6490277105	43.96888017654419	1342808.5497129287	44.57501530647278	1342988.313754403	43.74394750595093	1341244.5873029316	
37.117247104644775	1342639.8643616228	60.790658712387085	1343084.4127809685	61.53482007980347	1343066.8735611967	37.28217315673828	1335065.362866503	44.97279596328735	1342847.5386885817	63.232369899749756	1343673.4718636635	55.29214549064636	1342346.371581646	43.984888792037964	1342522.654984868	44.59971499443054	1342978.2754546343	43.76982092857361	1341238.690003023	
37.13172388076782	1342617.3119737187	60.81351590156555	1343089.0375990132	61.56011772155762	1343051.3362384941	37.29768443107605	1335068.385571183	44.99731087684631	1342832.5413855354	63.260865688323975	1343744.9129867791	55.32289147377014	1342335.8040850877	43.99814176559448	1342526.048836553	44.626020193099976	1342968.4547402754	43.79383087158203	1341239.2347947482	
37.14454913139343	1342595.5842587405	60.84256434440613	1343089.5115499818	61.58382272720337	1342995.3759357552	37.31720042228699	1335072.4341292696	45.021817684173584	1342864.884227085	63.286391258239746	1343696.195705632	55.358628034591675	1342314.5326492952	44.01394271850586	1342417.384350372	44.653534173965454	1342931.756855869	43.81584286689758	1341239.4345476285	
37.16055870056152	1342608.5301371457	60.86758065223694	1343083.0136025937	61.61240029335022	1342999.6038236048	37.33442401885986	1335058.4815850283	45.04433798789978	1342879.680233489	63.310508489608765	1343735.9995469942	55.38615608215332	1342306.7083064914	44.02934193611145	1342417.628485765	44.67816781997681	1342942.2172384628	43.84221601486206	1341205.5501454186	
37.173630714416504	1342619.8117448932	60.89259743690491	1343087.3531959816	61.64252710342407	1342992.4345457419	37.350932598114014	1335270.6732433026	45.068867921829224	1342869.571776965	63.34202480316162	1343697.5348797909	55.41319990158081	1342306.8620480965	44.045862436294556	1342454.4410759022	44.702356815338135	1342936.6111575195	43.86473250389099	1341214.1501919993	
37.18775129318237	1342628.7004689001	60.91962909698486	1343081.453364969	61.665539264678955	1343000.7147588509	37.36603569984436	1335015.2331516412	45.09235119819641	1342872.9665569956	63.36955404281616	1343698.0872481996	55.44885993003845	1342295.0995513664	44.06187129020691	1342460.9871155885	44.7266731262207	1342589.0198868327	43.89424729347229	1341216.373926839	
37.20243740081787	1342632.557067385	60.94468808174133	1342814.3966807541	61.69149327278137	1343023.6379054561	37.384013414382935	1335020.4671335332	45.11689233779907	1342871.2755629432	63.396650075912476	1343711.7664214738	55.47539162635803	1342294.6632416598	44.078879594802856	1342429.4233528313	44.7536506652832	1342626.434316695	43.91939973831177	1341208.419858625	
37.2184362411499	1342619.0261629033	60.97610592842102	1342795.5685094048	61.71902251243591	1343241.9290996948	37.401031494140625	1335013.1828459343	45.14889073371887	1342887.0749610495	63.41930270195007	1343663.957296742	55.50815725326538	1342321.5495378696	44.09238886833191	1342440.5404731538	44.78288912773132	1342659.193597608	43.94312286376953	1341277.1255900068	
37.23516845703125	1342642.3998965411	61.00464415550232	1342795.2688944372	61.74650573730469	1343250.4013078695	37.415546894073486	1334804.185985948	45.17366576194763	1342878.1705197596	63.44580006599426	1343649.6573138898	55.53639554977417	1342348.0482086777	44.108896255493164	1342424.7087690306	44.812713861465454	1342756.0110703115	43.96963882446289	1341277.2792650242	
37.249385833740234	1342422.8702852102	61.02915954589844	1342835.8320542735	61.77155780792236	1343265.3829156589	37.435590744018555	1334775.8383341744	45.19879150390625	1342888.705091477	63.47281765937805	1343661.7445770847	55.57272028923035	1342342.8666460596	44.125587701797485	1342427.4745374904	44.837849378585815	1342682.7900677426	43.99115252494812	1341272.1842548153	
37.264397382736206	1342424.613636395	61.0521719455719	1342824.742120868	61.79652214050293	1343268.4923142693	37.45265460014343	1334753.4068781184	45.22307515144348	1342896.5570725785	63.49998927116394	1343648.924980527	55.60124063491821	1342387.451201802	44.142741203308105	1342409.969586549	44.86546087265015	1342687.4456467673	44.017513036727905	1341272.8943779513	
37.279407024383545	1342430.147396814	61.076685428619385	1342791.1141308344	61.8255250453949	1343038.9569091354	37.468663454055786	1334757.210231552	45.24609160423279	1342896.7107015538	63.52301001548767	1343670.4760196474	55.630600929260254	1342384.4812028136	44.15717172622681	1342449.1649884682	44.890568017959595	1342696.3635124115	44.04702687263489	1341306.6311662486	
37.29904294013977	1342397.9888196904	61.103431701660156	1342809.5067748663	61.84914588928223	1343034.3430788873	37.48468470573425	1334768.2523618909	45.27362561225891	1342933.7119285434	63.54853582382202	1343649.2609834182	55.66062140464783	1342381.7469067643	44.17195534706116	1342469.8576047523	44.91459250450134	1342707.8354572782	44.07504677772522	1341311.2132524368	
37.324095249176025	1342381.7812546983	61.133460521698	1342809.220434383	61.87867522239685	1343104.152544867	37.500693559646606	1334805.1549913138	45.304306745529175	1342938.200359889	63.57155466079712	1343665.807774768	55.69545221328735	1342386.7471080106	44.18753004074097	1342568.1389612195	44.93785762786865	1342713.9272248945	44.10600304603577	1341294.7613122922	
37.34168601036072	1342379.1643298138	61.158222675323486	1342813.378107305	61.91033101081848	1342426.0450918823	37.519497871398926	1334806.2731800831	45.32883954048157	1342938.6039065004	63.60061717033386	1343608.4070250215	55.72323417663574	1342378.6280084753	44.20221018791199	1342500.3629930387	44.96034598350525	1342772.705569792	44.131264209747314	1341326.0601654788	
37.3617000579834	1342403.0770667777	61.1812469959259	1342821.4908037349	61.936349391937256	1342426.5948723452	37.53772568702698	1334815.0063172942	45.35381770133972	1343104.4430691267	63.62625694274902	1343635.172278932	55.74810433387756	1342357.898100441	44.21725654602051	1342473.5091159763	44.988383769989014	1342736.8227792797	44.15706133842468	1341333.1588051543	
37.38244080543518	1342407.4031577678	61.204774618148804	1342816.0116321335	61.95954251289368	1342500.9153253967	37.55374050140381	1334815.148693364	45.37659668922424	1343041.7140324397	63.65764856338501	1343587.212646469	55.77712297439575	1342393.7736719155	44.23546886444092	1342476.1121133047	45.01393985748291	1342679.3580171028	44.182557821273804	1341303.4868635132	
37.40404415130615	1342427.0735586274	61.23382639884949	1342501.5501281235	61.98749780654907	1342601.429665512	37.5692298412323	1334826.3489877034	45.40023899078369	1343042.161909032	63.67909264564514	1343525.032030272	55.80517530441284	1342392.351276409	44.25047850608826	1342581.5091739346	45.04104733467102	1342651.7588519878	44.20813870429993	1341276.1346062382	
37.42955541610718	1342442.1435467366	61.260857343673706	1342877.1262205665	62.013166666030884	1342598.310735247	37.58624768257141	1334817.3295211392	45.425941705703735	1343043.3536570931	63.70326614379883	1343523.0185138434	55.83242917060852	1342391.8005706582	44.26498556137085	1343201.6851738316	45.06913781166077	1342656.1438407027	44.23465180397034	1341311.1423559578	
37.44826698303223	1342391.3849433244	61.28561305999756	1342884.9072935216	62.03849935531616	1342821.321666082	37.603270530700684	1334643.761673795	45.451467752456665	1343024.1031458469	63.731563568115234	1343524.1477533262	55.8595507144928	1342389.4119997113	44.27899217605591	1343243.0390032213	45.0941526889801	1342695.3022384504	44.26360368728638	1341311.7320707196	
37.47032380104065	1342418.0702235233	61.314148902893066	1342862.6648160727	62.065208435058594	1342816.2541012098	37.619285345077515	1334641.0935558244	45.476484537124634	1343050.6587083424	63.758636236190796	1343536.4344539433	55.88906812667847	1342318.9480550583	44.29550075531006	1343250.022784931	45.12014818191528	1342700.7710552658	44.288615703582764	1341659.272432896	
37.4952187538147	1342419.175105825	61.34067749977112	1342863.446545847	62.090498208999634	1342813.844684202	37.63630294799805	1334819.608835461	45.50868225097656	1343049.2198562908	63.789679288864136	1343536.9638481846	55.91896605491638	1342313.7774275958	44.311508893966675	1343161.2103892018	45.14618968963623	1342464.198487302	44.314637899398804	1341653.6571970908	
37.51274132728577	1342457.8795000326	61.366055727005005	1342816.0385093787	62.116241216659546	1342829.3569525378	37.6523232460022	1334815.2760693394	45.535218715667725	1343054.415725762	63.81469178199768	1343524.5251670263	55.94772505760193	1342308.1588497504	44.32751774787903	1343159.2128588925	45.171120405197144	1342482.264217743	44.34088921546936	1341657.791474336	
37.53475022315979	1342455.984004582	61.39208149909973	1342826.1876440258	62.14130973815918	1342755.110977908	37.66933584213257	1334833.4337148084	45.55896854400635	1343065.0649587482	63.8378119468689	1343524.7425764352	55.97788119316101	1342336.348033515	44.34420943260193	1343160.7618898256	45.194467544555664	1342443.2818832418	44.37114644050598	1341648.2202800992	
37.55376863479614	1342460.9305678115	61.41761112213135	1342826.2627992015	62.16982913017273	1342749.4169286063	37.6839816570282	1334850.261983498	45.5864999294281	1343074.1367365664	63.87332892417908	1343549.101663172	56.00790071487427	1342279.9594985854	44.35965633392334	1343120.7097121277	45.22337460517883	1342459.2273518548	44.40034055709839	1342813.0302710242	
37.57237935066223	1342462.4361436034	61.442148208618164	1342828.4301751414	62.195356369018555	1342740.7960543984	37.70099115371704	1334734.5753980312	45.61181163787842	1343064.1804037674	63.89838647842407	1343558.224258971	56.0379376411438	1342291.2522976196	44.37568187713623	1343704.4336334355	45.250871658325195	1342457.9665445255	44.42985415458679	1342793.074160196	
37.59889268875122	1342433.7836234088	61.46668815612793	1342814.6159697706	62.22356128692627	1342745.6662621282	37.71649789810181	1334709.7000398326	45.63484072685242	1343083.7087847046	63.92531681060791	1343498.3803517101	56.06898260116577	1342295.871034591	44.392194986343384	1343715.3942090478	45.27345514297485	1342617.9465138542	44.4605016708374	1342807.2077393164	
37.61540484428406	1342414.1512721912	61.49546146392822	1342835.7076860657	62.25234055519104	1342718.5791931218	37.73174452781677	1334711.3319046258	45.65799689292908	1343078.579362525	63.951905727386475	1343519.88838077	56.095521688461304	1342297.2086473906	44.40886569023132	1343872.0599905155	45.296719551086426	1342615.0044981379	44.48451781272888	1341773.5373023525	
37.63692378997803	1342419.6968914834	61.520485639572144	1342864.436759702	62.27867364883423	1342717.6772264587	37.74797463417053	1334703.3745141379	45.6820707321167	1343082.2652302904	63.97792100906372	1343527.8662165215	56.1285514831543	1342308.0207381619	44.42400026321411	1343861.5360258347	45.32279086112976	1342621.205765653	44.51409721374512	1341778.22604838	
37.65590572357178	1342431.5692658026	61.54452967643738	1342845.3152661968	62.30657720565796	1342725.3252185434	37.76399087905884	1334632.5803515958	45.7070894241333	1343077.2592691656	64.00293135643005	1343576.358944528	56.1555757522583	1342235.8078188382	44.43900728225708	1343856.8898601183	45.34592008590698	1342614.0942007448	44.54275918006897	1341730.8302181687	
37.67547130584717	1342435.0508578324	61.57080292701721	1342844.177681966	62.33466625213623	1342854.3650127435	37.78100109100342	1334634.183012018	45.732428550720215	1343077.4241294202	64.0246593952179	1343592.377732616	56.185100078582764	1342252.3810149643	44.45551371574402	1343852.5309398258	45.36986327171326	1342605.185134308	44.57201409339905	1341741.073022315	
37.69798398017883	1342421.0954632554	61.59732532501221	1342835.2663517399	62.36261606216431	1342860.1858247428	37.79651188850403	1334637.075331194	45.7635931968689	1343086.0798402145	64.04668521881104	1343573.7424077294	56.21678614616394	1342290.8808670754	44.46952438354492	1343825.9050672487	45.39613962173462	1342639.3053792513	44.59702229499817	1341746.03729103	
37.71249032020569	1342426.0775784682	61.62485218048096	1342851.3062417198	62.394195795059204	1342877.3998023332	37.81204104423523	1334636.1186937715	45.78732872009277	1343075.1698700332	64.07585048675537	1343559.8818817069	56.24730658531189	1342335.7705465194	44.482030391693115	1343824.9507219815	45.42186999320984	1342587.0828905778	44.6245391368866	1341753.295475173	
37.72599482536316	1342425.2828810068	61.64837098121643	1342028.4363603634	62.42062449455261	1342877.8529336506	37.82796859741211	1334626.3667409804	45.812374114990234	1343033.2101496076	64.09917426109314	1343540.9248132643	56.280330657958984	1342622.2164424828	44.496535778045654	1343281.724674717	45.4461350440979	1342577.4000487728	44.65269446372986	1341729.594241475	
37.74108934402466	1342413.3416849803	61.67139220237732	1342031.409252268	62.446534633636475	1342876.8181062362	37.84198522567749	1334627.099364029	45.841696977615356	1342895.4971151866	64.1253342628479	1343541.771850022	56.31086611747742	1342911.2856197248	44.51054787635803	1343291.0909755297	45.470693826675415	1342577.427980587	44.68145775794983	1341712.401798002	
37.754597425460815	1342412.5551537282	61.69804501533508	1342021.1157761088	62.47260618209839	1342885.2368140907	37.85749101638794	1334638.7600653754	45.86907458305359	1342904.5429017902	64.14962315559387	1343557.8743863613	56.34537220001221	1342687.2482135775	44.525700092315674	1343184.879977419	45.49589014053345	1342583.9477852895	44.70797061920166	1341711.7845768332	
37.769110679626465	1342393.577781902	61.722554206848145	1342015.5056356362	62.49854826927185	1342877.3107185054	37.87500834465027	1334644.4213160079	45.89270353317261	1342904.0081117582	64.1751480102539	1343550.0263291036	56.3759503364563	1342416.061318454	44.53820490837097	1343192.69374704	45.5202956199646	1342581.1453355663	44.735490560531616	1341709.5044660298	
37.783315896987915	1342341.379802908	61.74608111381531	1342035.8401374046	62.524524211883545	1342880.5565115623	37.89057230949402	1334627.617447573	45.914726972579956	1342965.846137666	64.2016396522522	1343553.265154735	56.406766176223755	1342421.570977381	44.55321431159973	1343197.9282582782	45.54522466659546	1342569.742462024	44.76914834976196	1341717.90240171	
37.7981321811676	1342357.8286410593	61.769832611083984	1342037.4221269463	62.55040788650513	1342855.4452213647	37.90708827972412	1334633.1936252506	45.93925356864929	1343011.5153458503	64.22830486297607	1343551.3588605877	56.43629026412964	1342484.6484644527	44.56881809234619	1343181.7659550046	45.56895422935486	1342546.9273976514	44.79788517951965	1341732.53499935	
37.81264114379883	1342357.9003076009	61.796350717544556	1342016.8399813285	62.57657289505005	1342847.1553002978	37.92361378669739	1334624.285066957	45.96593904495239	1342985.3736564089	64.25332474708557	1343565.2986291095	56.46233296394348	1342477.9435981999	44.5833261013031	1343242.7416082586	45.595346212387085	1342494.3603880685	44.83491373062134	1341733.8567464491	
37.826146841049194	1342313.8604026425	61.81921935081482	1342300.3151057246	62.60433912277222	1342903.4031778255	37.94080996513367	1334636.912388546	45.99209976196289	1342976.4186186467	64.27650547027588	1343588.8745654807	56.49168086051941	1342352.37169645	44.59733533859253	1343250.3401869824	45.61949563026428	1342524.604228392	44.86694526672363	1341742.2231609824	
37.83966135978699	1342329.8993613916	61.84629464149475	1342240.721735183	62.63636112213135	1342925.3361491696	37.95632195472717	1334663.0502785644	46.017457723617554	1342992.4260472623	64.30253481864929	1343559.2689490586	56.52068257331848	1342199.4426727493	44.61399841308594	1343263.6127888046	45.64451336860657	1342517.7499216956	44.89546036720276	1341741.6392926855	
37.85436797142029	1342330.1292743972	61.86731004714966	1342243.8687881285	62.66208815574646	1342948.7785967214	37.9733407497406	1334799.9747622153	46.04303193092346	1342995.9079060121	64.32813167572021	1343525.91791373	56.54817008972168	1342241.060688355	44.626668214797974	1343264.7214054654	45.66970634460449	1342278.111882822	44.93051719665527	1341724.1795995594	
37.868247270584106	1342322.367265558	61.89385104179382	1342207.648598808	62.68655872344971	1342953.6997089754	37.98884463310242	1334786.07952679	46.073267221450806	1342997.358232546	64.35276651382446	1343521.6622649594	56.58172082901001	1342254.7849374341	44.64167642593384	1343251.8145050774	45.69575595855713	1342338.679998282	44.96104097366333	1341718.5621994473	
37.88175344467163	1342360.1912841038	61.91585969924927	1342189.3064574888	62.71687078475952	1342902.5472630267	38.00485825538635	1334791.5375013577	46.09548878669739	1342980.695582782	64.375079870224	1342749.649538655	56.611116886138916	1342266.4129554934	44.658180952072144	1343200.8905893336	45.718833923339844	1342347.7761376952	44.99219298362732	1341652.8667856054	
37.8967661857605	1342355.5995698243	61.947224378585815	1342170.051716615	62.744779109954834	1342921.61692915	38.0198700428009	1334771.3995061147	46.12616562843323	1342907.275132672	64.39859414100647	1342797.2014057275	56.64111948013306	1342267.6074056507	44.67318892478943	1342835.901675459	45.743322134017944	1342355.6544197039	45.02225399017334	1341654.4309607819	
37.91239953041077	1342359.81866667	61.97134232521057	1342222.843969546	62.769667863845825	1342406.5594489144	38.035879373550415	1334750.6052967256	46.15226221084595	1342903.8906275388	64.42266917228699	1342816.7863936755	56.67109179496765	1342261.8142825419	44.68669295310974	1342541.0774121324	45.76895475387573	1342359.8759487753	45.0542414188385	1341658.2828875328	
37.925493478775024	1342364.1249948721	61.99789762496948	1342228.2955304661	62.79559350013733	1342438.8894200153	38.05240321159363	1334730.877730571	46.17728042602539	1342893.8369668669	64.44713282585144	1342812.3197077601	56.69960618019104	1342266.1512634156	44.702736139297485	1342546.3253255666	45.79603600502014	1342373.6770150673	45.08779954910278	1341722.626327036	
37.93950533866882	1342353.7566501952	62.02341294288635	1342233.8194624076	62.81974172592163	1342473.7582146192	38.0679075717926	1334739.6635199115	46.20021605491638	1342901.4481109006	64.47013545036316	1342831.124957247	56.734395027160645	1342259.0527013824	44.717244386672974	1342540.9220689142	45.82400703430176	1342400.3996064952	45.117069482803345	1341724.5028977846	
37.95401215553284	1342382.823752907	62.04895782470703	1342232.673105679	62.84350252151489	1342476.3225213892	38.085028409957886	1335097.0342438805	46.22501993179321	1342833.667010435	64.49568700790405	1342702.8445524569	56.78122091293335	1342231.7727926036	44.733266830444336	1342636.3605634042	45.84940958023071	1342459.7837985128	45.14358735084534	1341759.6227555033	
37.96708869934082	1342373.2456539953	62.070966958999634	1342255.1383627038	62.87363147735596	1343083.010215727	38.09953546524048	1335162.646508045	46.24703645706177	1342863.4450440824	64.5207130908966	1342747.953113647	56.82010889053345	1342232.824998237	44.74877309799194	1342626.6114832654	45.87471532821655	1342464.4348900549	45.17314600944519	1341771.2204875604	
37.98110055923462	1342340.4387922545	62.10125231742859	1342231.3493588434	62.89802050590515	1343074.9787145555	38.11654782295227	1334655.726967709	46.27311062812805	1342871.5914824486	64.54467582702637	1342727.4529818776	56.862672328948975	1342192.0521736715	44.762786626815796	1342873.0945469155	45.89999437332153	1342433.4746551828	45.203431606292725	1341717.674452144	
37.99734926223755	1342354.5736630799	62.132774114608765	1342218.7227346736	62.923038482666016	1343071.954680746	38.13126564025879	1334786.3017394056	46.29726552963257	1342527.909402356	64.56958889961243	1342705.7352625204	56.91097331047058	1342180.6570307408	44.77629089355469	1342921.2582004503	45.923927783966064	1342432.9170294763	45.23595309257507	1341723.0540775124	
38.01336622238159	1342339.1139658003	62.1562933921814	1342277.3042737083	62.95159149169922	1343067.579358112	38.14677596092224	1334788.9021636199	46.320369482040405	1342512.297992526	64.59630107879639	1342676.220049673	56.94126605987549	1342099.7435584618	44.79063057899475	1342932.4774742816	45.95100426673889	1342405.8331925997	45.27053713798523	1341721.4596676412	
38.02587127685547	1342364.623934281	62.188236236572266	1342279.7040444242	62.98182559013367	1343033.440363817	38.16479134559631	1334775.5855292713	46.342522382736206	1342514.6904795114	64.62061905860901	1342680.3853023506	56.9786810874939	1342099.2285153177	44.80564022064209	1343007.7120690218	45.97362184524536	1342413.6913116632	45.31222176551819	1341706.2343310462	
38.041160345077515	1342375.7154357207	62.21376132965088	1342202.0782814934	63.00766897201538	1343037.8914090577	38.18180227279663	1334776.0702447616	46.370827436447144	1342518.8475063446	64.64494132995605	1342684.3401005068	57.01348400115967	1342096.1649190597	44.82047629356384	1342993.000551026	45.996208906173706	1342403.0611749787	45.34163236618042	1341717.025136868	
38.0582640171051	1342498.0074475217	62.24028015136719	1342167.2543170366	63.03519868850708	1343046.3387201019	38.20081686973572	1334776.6421367368	46.392860889434814	1342534.319939442	64.66721391677856	1342675.4953533001	57.058027505874634	1342098.6901397887	44.83648419380188	1342924.897753811	46.01975727081299	1342420.4700592181	45.370848178863525	1341677.5830338353	
38.07139444351196	1342490.7553619863	62.26480054855347	1342169.2383585793	63.06412482261658	1343025.4044651408	38.21532440185547	1334791.314404348	46.41936945915222	1342531.6384337787	64.69075155258179	1342684.4338794355	57.09705972671509	1342092.2186778663	44.850353479385376	1342876.118434463	46.043556690216064	1342413.9618336975	45.40150237083435	1341678.533143358	
38.084901571273804	1342479.3412641787	62.28831458091736	1342139.7692324806	63.08881759643555	1343017.0477832058	38.23083829879761	1334781.9759350328	46.44339323043823	1342527.7250113827	64.71763563156128	1343185.5910600591	57.13746619224548	1342791.2141178711	44.86586856842041	1342797.5249769215	46.067500829696655	1342409.327700636	45.4356005191803	1341732.131524411	
38.09991908073425	1342483.815176383	62.31353735923767	1342173.262110532	63.12249135971069	1343013.8799193392	38.24935293197632	1334746.0817184502	46.47048544883728	1343025.7794050951	64.74065613746643	1343192.8040007295	57.175997734069824	1342743.3909509017	44.8804566860199	1342782.7798589705	46.091044902801514	1342394.8936508677	45.47063374519348	1342042.4269307267	
38.114949464797974	1342508.429787284	62.339078187942505	1342207.853870512	63.15165567398071	1343206.0684916857	38.26680254936218	1334744.261520962	46.496582984924316	1343005.5089443035	64.76779508590698	1343186.7533591944	57.215710163116455	1342746.6549661069	44.89396119117737	1342785.6966616525	46.11319541931152	1342392.0676148909	45.50014805793762	1342043.0539747693	
38.130085468292236	1342509.7921000386	62.36410355567932	1342200.3515711098	63.18113446235657	1343206.3254942144	38.28262639045715	1334747.397385055	46.52489876747131	1343105.2006683776	64.79330897331238	1343120.626416381	57.25034284591675	1342746.6629359936	44.9074649810791	1342871.8921112067	46.13780641555786	1342362.1173257155	45.527714252471924	1341646.380174772	
38.1435923576355	1342503.6375453654	62.38912630081177	1342201.9054879956	63.20876359939575	1343213.4550705124	38.298197507858276	1334744.7685843827	46.55081248283386	1343185.0752500885	64.81931734085083	1343125.067272101	57.287182331085205	1342752.8612931154	44.9219765663147	1342875.1428990168	46.16279935836792	1342361.233009694	45.56175637245178	1341656.994366645	
38.15960884094238	1342501.7009518736	62.412657022476196	1342677.45689103	63.23635244369507	1343211.6997410497	38.314016580581665	1334804.9986621572	46.5737669467926	1342570.0648256047	64.84302258491516	1343110.7289037735	57.321757316589355	1342747.48263615	44.93577527999878	1342643.519645613	46.18554091453552	1342683.3861570936	45.59469246864319	1341656.9510061245	
38.17490553855896	1342488.4345200437	62.4351806640625	1342590.6009914577	63.26444673538208	1343271.016163166	38.32854199409485	1334838.2541794574	46.595786571502686	1342553.113552149	64.86555862426758	1342658.6580367887	57.365700244903564	1342750.7407663797	44.951783418655396	1342639.5207493005	46.209824562072754	1342669.767796348	45.627206802368164	1341652.0060531213	
38.18993377685547	1342497.138937268	62.460198163986206	1342645.9794621076	63.29107928276062	1343298.231353967	38.34325194358826	1334851.576775106	46.62109112739563	1342553.4495487153	64.89026165008545	1342665.1181642776	57.404032707214355	1342768.336147304	44.96728754043579	1343454.3535296891	46.233532667160034	1342644.356266858	45.65572428703308	1341648.4430437197	
38.211904525756836	1342484.0765044957	62.4846875667572	1342666.5352861003	63.319839000701904	1343333.5068346187	38.35776162147522	1334858.0575166827	46.64561128616333	1342570.87891452	64.91315197944641	1342652.4415984459	57.44312381744385	1342654.1944451411	44.981295108795166	1343447.7388052032	46.25794863700867	1342671.1100871493	45.68974590301514	1341645.293078597	
38.22541117668152	1342497.3734451393	62.5112099647522	1342653.76555522	63.34622859954834	1343554.8061219659	38.37077498435974	1334873.1948776802	46.66847372055054	1342556.8104511478	64.93825268745422	1342628.8991760428	57.481157541275024	1342655.255783672	44.995304346084595	1343457.010529307	46.280428647994995	1342606.4901609332	45.7177574634552	1341639.4281172387	
38.2419593334198	1342476.791946924	62.533233642578125	1342659.253229311	63.375266313552856	1343541.3419816778	38.38628578186035	1334858.9663681712	46.69319820404053	1342965.9166481555	64.96833920478821	1342628.2293883353	57.522515296936035	1342653.222777713	45.00981879234314	1343547.9245551103	46.3029510974884	1342616.0074341914	45.75042939186096	1341636.7137714105	
38.2571017742157	1342315.8913297995	62.558263063430786	1342665.77202709	63.40298247337341	1343562.596943703	38.40130257606506	1334833.511763496	46.716235637664795	1343151.4520442467	64.99335289001465	1342657.4545999505	57.55956196784973	1342641.6235819764	45.02482748031616	1343549.3321789186	46.326072216033936	1342636.4268102788	45.782469511032104	1341681.5390356274	
38.271161794662476	1342324.602169346	62.58279991149902	1342717.7504486782	63.432517528533936	1343539.8404879877	38.41481256484985	1334831.859232263	46.737791538238525	1343152.7990378398	65.01826596260071	1342666.7784180273	57.60646080970764	1342638.0564122444	45.03883337974548	1343553.0097303255	46.35096764564514	1342634.6873062227	45.814141273498535	1341695.6973512543	
38.28666830062866	1342327.7429134739	62.60780954360962	1342720.9540421613	63.461268186569214	1343219.1768343102	38.4298255443573	1335009.8480076184	46.75454783439636	1342748.666836584	65.04645824432373	1342672.347977214	57.643030881881714	1342609.529770909	45.05333948135376	1343553.7909664633	46.3750274181366	1342622.2259534607	45.84104824066162	1341704.5304580599	
38.301252603530884	1342340.1037507341	62.63784885406494	1342697.5671508065	63.49043917655945	1343215.4846633088	38.44384527206421	1335030.5808854136	46.77150511741638	1342876.6699416114	65.07299590110779	1342641.0022690978	57.6855628490448	1342577.6357419137	45.068845987319946	1342721.666025556	46.402060747146606	1342644.9521809337	45.866873264312744	1341709.1262491758	
38.31575679779053	1342323.6227432278	62.660860776901245	1342774.9080218747	63.51818013191223	1343138.078100694	38.4593460559845	1335030.5899829743	46.786011934280396	1343714.8833955363	65.09758687019348	1342655.2123766695	57.725905656814575	1342462.933427174	45.082234144210815	1342748.729840352	46.42615485191345	1342692.2402172394	45.89600419998169	1341706.8522440062	
38.329769134521484	1342303.401931251	62.68916916847229	1342777.4750087901	63.54334759712219	1343143.5072239274	38.475361824035645	1335821.8029749244	46.80319356918335	1343695.4953628217	65.12510228157043	1342688.16555418	57.75488257408142	1342471.8997185158	45.097238063812256	1342773.3230472235	46.449052572250366	1342690.8603146656	45.92486119270325	1341699.472282048	
38.34427738189697	1342326.5510085057	62.715768814086914	1342772.6155152847	63.566702365875244	1343162.7249718478	38.490920543670654	1335807.413861828	46.81630301475525	1343688.7303664286	65.15111565589905	1342700.9591523889	57.787424087524414	1342466.780575737	45.11125588417053	1342774.886668768	46.47453022003174	1342691.9555314844	45.95138120651245	1341692.9815049667	
38.35779094696045	1342351.325930161	62.73901891708374	1342786.5214327495	63.5912389755249	1343160.4807929208	38.50543141365051	1335810.2634303325	46.832009077072144	1343696.0528219135	65.1779055595398	1342701.6217062543	57.83084321022034	1342006.487662088	45.12576985359192	1342725.0199536132	46.50214624404907	1342690.6928708015	45.97960114479065	1341594.6134661708	
38.3728141784668	1342317.650976486	62.76689386367798	1341915.6730330416	63.61525750160217	1343166.6224374443	38.52395415306091	1335471.6174895756	46.846518993377686	1343725.2650846296	65.20044565200806	1342699.415565215	57.870871782302856	1342019.1510963065	45.14044451713562	1342739.2549465355	46.52902674674988	1342678.6478139693	46.01570439338684	1341613.788384226	
38.38778209686279	1342308.8230877197	62.788920402526855	1342194.424226346	63.64458227157593	1343148.1871571962	38.5412335395813	1335461.7909214296	46.862603425979614	1343724.027024278	65.226482629776	1343128.511613618	57.91149353981018	1342057.2230321136	45.15494966506958	1342674.9787338786	46.55611038208008	1342754.7927146582	46.04522204399109	1341615.2816970912	
38.402209997177124	1342252.1427222758	62.81443762779236	1342306.8426996304	63.669886112213135	1343134.7539196133	38.55674433708191	1335458.8042577812	46.8796911239624	1343704.332371738	65.2512617111206	1343237.9327652508	57.962443351745605	1342048.9149236472	45.16912484169006	1342704.4037638349	46.5816388130188	1342735.5332727006	46.073394775390625	1341618.8944689294	
38.41533899307251	1342263.2223946864	62.83996939659119	1342068.956636905	63.69458603858948	1343133.4439294853	38.57177758216858	1335414.82423267	46.893985986709595	1343702.1811641857	65.2732846736908	1343302.104560192	58.0093047618866	1342048.555882093	45.181925535202026	1342703.313876236	46.60422086715698	1342728.9687344497	46.10607671737671	1341606.5402230744	
38.42998170852661	1342268.226833606	62.86699843406677	1342074.711084947	63.71801710128784	1343150.0699026072	38.58928465843201	1335416.2350435087	46.90972137451172	1343663.8517296657	65.29662990570068	1343270.831744888	58.05538249015808	1342055.9587188133	45.19589161872864	1342663.820142748	46.631887912750244	1342722.5202350256	46.13650035858154	1341596.03410274	
38.44373059272766	1342278.845933665	62.89046287536621	1342119.547558888	63.74205708503723	1343144.0037864347	38.60330271720886	1335346.7701908404	46.92542290687561	1343677.2094079314	65.32064390182495	1343299.6594221105	58.09540247917175	1342059.7393026005	45.21004676818848	1342815.2265840808	46.65612554550171	1342695.5462694364	46.15957999229431	1341601.7157915384	
38.45623755455017	1342258.569972829	62.916991233825684	1342115.4463213608	63.77061581611633	1343158.0804217826	38.61781144142151	1335383.3934002062	46.94043731689453	1343680.762892293	65.34664964675903	1343294.879878943	58.134624004364014	1342045.7032353224	45.22255039215088	1342793.9806237535	46.67902946472168	1343143.0123447417	46.183465003967285	1341605.9623687617	
38.47049331665039	1342266.3561794637	62.943028688430786	1342117.2387917717	63.79484510421753	1343170.6709039328	38.63133430480957	1335398.2897766945	46.95314836502075	1343729.9996508074	65.37066650390625	1343213.4590897206	58.17769932746887	1342107.5871284294	45.23655986785889	1342765.0021724475	46.70463824272156	1343168.7096985	46.20788097381592	1341603.2588686838	
38.48400139808655	1342265.5421743183	62.97226905822754	1342136.9763956398	63.82237005233765	1343170.6596864522	38.645843744277954	1335398.292858282	46.9666543006897	1343811.8919107195	65.39319777488708	1343218.0002584348	58.214468002319336	1342122.0014565731	45.250568151474	1342771.8458280696	46.73072934150696	1343143.8086943123	46.234394550323486	1341602.7076671633	
38.50150752067566	1342102.276897058	62.99479007720947	1342176.60566431	63.84809136390686	1343169.5395491072	38.66285991668701	1335383.2297465212	46.982672929763794	1343813.9520279632	65.41653728485107	1343224.2277855559	58.252596378326416	1342121.4656775703	45.26407313346863	1342773.1506698646	46.754812717437744	1343170.428770812	46.26242923736572	1341605.9221872566	
38.517014026641846	1342110.1254178274	63.02331733703613	1342187.3787978988	63.879613399505615	1343179.9229046442	38.67853283882141	1335397.5823572213	47.00039219856262	1343779.0835612973	65.44024181365967	1343231.7129029187	58.30431127548218	1342123.2016088073	45.28008222579956	1342773.9155018704	46.78123712539673	1343111.8770578592	46.28744125366211	1341613.7226633176	
38.530999422073364	1342127.035159094	63.04684662818909	1342206.7501235432	63.90530872344971	1343188.9666521028	38.694562911987305	1335226.5207207706	47.01510834693909	1343720.7809947159	65.46224641799927	1343247.6583187615	58.34377121925354	1342127.7844889965	45.29358625411987	1342738.348374664	46.80615758895874	1343124.7671759883	46.31138753890991	1341617.2585843995	
38.545034408569336	1342100.6430732373	63.073378801345825	1342276.2053872163	63.92883634567261	1343188.8117708156	38.711575508117676	1335248.3936193981	47.03012943267822	1343718.381114938	65.4882709980011	1343266.2226127095	58.38523578643799	1342134.6978652007	45.3070912361145	1342734.7364385754	46.83172297477722	1343143.6279304356	46.33952450752258	1341538.8384991423	
38.56004762649536	1342066.4348165472	63.09771227836609	1342271.7133549168	63.95538353919983	1343188.200691455	38.72612690925598	1335239.8756944183	47.043742418289185	1343865.9248398282	65.51550912857056	1343240.5916542374	58.42001533508301	1343155.4188116651	45.320857763290405	1342743.0159878458	46.85404300689697	1343139.6543967754	46.36481475830078	1341541.633559774	
38.57356929779053	1342078.2407579373	63.124112129211426	1342269.8718287875	63.982831954956055	1343182.8371272916	38.74087333679199	1335234.7614889983	47.05976057052612	1343856.0930784307	65.53751850128174	1343237.8665528514	58.45844650268555	1343163.2684926738	45.345523834228516	1342729.8763560785	46.87962293624878	1343093.0868808697	46.396116971969604	1341544.335380612	
38.58784627914429	1342159.0794263203	63.144638776779175	1342266.335729288	64.00635027885437	1343179.582820442	38.75617814064026	1335249.2546081317	47.07651329040527	1343700.557361409	65.56125116348267	1343223.9249147843	58.49468684196472	1343415.3546392077	45.36025023460388	1342848.1477961664	46.90643119812012	1343090.6135061728	46.42317295074463	1341553.3884023095	
38.600857973098755	1342153.0655998746	63.17015480995178	1342248.5355707202	64.03434014320374	1343194.1851315976	38.77220034599304	1335233.5928266174	47.09215545654297	1343706.9244397227	65.5851776599884	1343230.1293274118	58.5277099609375	1343132.207294661	45.374754190444946	1342596.7950388265	46.93471145629883	1343964.0471355189	46.44918251037598	1341602.7943472755	
38.614362955093384	1342164.0460792086	63.192378997802734	1342249.545560667	64.05997037887573	1343188.3494078259	38.78721475601196	1335237.3386572779	47.10739350318909	1343706.3955921312	65.61018967628479	1343289.2289966547	58.557263135910034	1343113.0733138113	45.38926649093628	1342613.5541553528	46.95980978012085	1343524.9623955628	46.474899768829346	1341599.460936051	
38.6288845539093	1342168.4822542784	63.21639847755432	1342261.5747209778	64.0852210521698	1343190.0869581436	38.80523419380188	1335262.9417943684	47.121668338775635	1343719.9548323455	65.63621687889099	1343328.300166634	58.58278465270996	1343121.357971254	45.403491497039795	1342636.6344962823	46.98805856704712	1343526.195769711	46.50141739845276	1341601.5946128732	
38.64239048957825	1342145.0973556968	63.244415283203125	1342284.2868609636	64.11317086219788	1343198.5018952435	38.82175040245056	1335263.3368728543	47.13674974441528	1343964.330661239	65.66082906723022	1343369.7750273685	58.61727786064148	1343359.6281747906	45.416887521743774	1342637.860198682	47.01469349861145	1343522.4230662032	46.524487018585205	1341597.8510790195	
38.65601563453674	1342147.0168785332	63.26742362976074	1342170.9898911284	64.13642287254333	1343197.2239776042	38.83825469017029	1335136.9265857802	47.153791427612305	1343719.5398102128	65.68234252929688	1343372.173253332	58.650190353393555	1343119.8085106662	45.42889618873596	1342597.4569695734	47.03985929489136	1343544.5428800702	46.55155062675476	1341606.877209814	
38.66799354553223	1342161.0849351478	63.29445290565491	1342174.553008528	64.16418766975403	1343177.2261860238	38.85426568984985	1335141.3893377017	47.167946100234985	1343319.5644294966	65.70811724662781	1343376.1317880293	58.68572211265564	1342956.678590993	45.44290518760681	1342601.1941063514	47.06364107131958	1343560.6753006233	46.578569650650024	1341610.9295986898	
38.681501150131226	1342215.0738848	63.32281160354614	1342179.3328402299	64.18732833862305	1343172.5392623928	38.86980676651001	1335136.5799401018	47.18497848510742	1343301.099024786	65.7346351146698	1343373.1324627413	58.715243101119995	1342965.6585849097	45.45891070365906	1342564.4395896962	47.0885865688324	1343550.017466399	46.606197118759155	1341593.8669266377	
38.69400906562805	1342215.604774094	63.349342584609985	1342184.4288019228	64.20533752441406	1343181.759834679	38.88321328163147	1335112.1310447408	47.19899392127991	1343310.1108281633	65.75765633583069	1343380.4722285615	58.74494218826294	1342958.1426703585	45.47340226173401	1342555.3595852454	47.114585876464844	1343536.244526629	46.63328981399536	1341662.6715141926	
38.70902347564697	1342218.9990402362	63.37295317649841	1342188.0948571227	64.22953844070435	1343186.7812001633	38.89672088623047	1335113.7490269404	47.214059829711914	1343300.2843195547	65.78317713737488	1342861.0382014604	58.774574756622314	1342971.626831258	45.48690700531006	1342561.745416465	47.13766050338745	1343536.788098122	46.659366846084595	1341654.8135149833	
38.723533153533936	1342230.0436639837	63.39668369293213	1342180.880665001	64.25550603866577	1343207.55161078	38.91273069381714	1335121.4895179274	47.230087757110596	1343273.896711462	65.80470395088196	1342860.687871325	58.80541110038757	1342964.4918270332	45.498913526535034	1342628.043316156	47.16225814819336	1343548.4842802554	46.69161009788513	1341640.7938192156	
38.73703861236572	1342222.769177635	63.42219924926758	1341859.2281915436	64.28228712081909	1343271.45588801	38.926738023757935	1335105.2243229232	47.24459624290466	1343277.9808896114	65.83130860328674	1342850.7954958396	58.83323097229004	1342964.435137613	45.51542091369629	1342552.2277514255	47.18854117393494	1343541.0400113335	46.723129749298096	1341636.7572674924	
38.75164031982422	1342237.854617073	63.44525122642517	1341793.399225451	64.30907201766968	1343275.7306021042	38.941985845565796	1335061.7099145583	47.26113414764404	1343210.275880582	65.85460567474365	1342852.5873041037	58.86542010307312	1342961.8767937992	45.53196310997009	1342557.2378740008	47.213019132614136	1343567.8449001766	46.75240111351013	1341575.130293097	
38.76665139198303	1342224.445159349	63.467273473739624	1341783.7501085005	64.3337824344635	1343285.5568895675	38.95849394798279	1335063.885414415	47.27864599227905	1342511.070831608	65.87914395332336	1342875.135566511	58.89579105377197	1343031.6540641375	45.54547095298767	1342614.0805847296	47.24300289154053	1343566.394705444	46.776286363601685	1341603.9981044685	
38.779489040374756	1342220.6890230926	63.495319843292236	1341776.937688483	64.36232781410217	1343283.6396854948	38.974567890167236	1335091.484002351	47.29563117027283	1342524.0728192437	65.90515041351318	1342781.00554411	58.92493295669556	1343033.0941465741	45.55912756919861	1342597.182300089	47.2695848941803	1343561.1001382146	46.79981327056885	1341586.2805346323	
38.79399538040161	1342191.3508693515	63.51909327507019	1341771.9658218683	64.38510227203369	1343285.8760179495	38.98907160758972	1335083.9393254668	47.309077739715576	1342749.2021300122	65.93018293380737	1342936.3963877189	58.95597767829895	1343030.0247641853	45.57571768760681	1342609.4324011735	47.293606996536255	1343575.071895828	46.82284712791443	1341621.63938157	
38.80901336669922	1342227.3923988473	63.5463752746582	1341785.1826423972	64.415123462677	1343395.4681784166	39.00609064102173	1335058.4802595493	47.322590827941895	1342837.9477339599	65.95119190216064	1342939.3592522072	58.99050831794739	1343019.1577506545	45.590561866760254	1342610.2973235887	47.31798696517944	1343585.5409344286	46.849417209625244	1341612.1827487925	
38.825522899627686	1342223.7233153153	63.574028968811035	1341936.9657119075	64.44014716148376	1343415.0082301432	39.019108295440674	1335078.6476569055	47.33709979057312	1343051.5300247557	65.97470784187317	1342929.0094843537	59.028363943099976	1342996.2575498521	45.60641002655029	1342589.6433691895	47.343082427978516	1343649.9715354915	46.87404918670654	1341167.3116190466	
38.83953237533569	1342226.7924817584	63.603543281555176	1341994.1386836548	64.46687269210815	1342907.0277448471	39.03412699699402	1335083.1939247716	47.35134291648865	1343065.4854569882	66.00279641151428	1343647.8270684655	59.06095290184021	1343011.880113524	45.62010049819946	1342601.3762315009	47.36969184875488	1343197.1395242554	46.90658974647522	1341186.3610742183	
38.85454511642456	1342231.1561838633	63.62905502319336	1341797.4139696825	64.49140477180481	1342901.7219589388	39.04863619804382	1335083.2959334683	47.36600637435913	1343071.5130363605	66.02782726287842	1343658.0760707562	59.09412956237793	1343017.4741788418	45.634458780288696	1342631.1045403774	47.39882469177246	1343201.1294035716	46.93726968765259	1341190.6488008532	
38.87004780769348	1342237.1994671521	63.65357065200806	1341819.5445615866	64.51380467414856	1342908.8707591018	39.06564927101135	1335047.6043128737	47.38002371788025	1343099.6574153134	66.05252122879028	1343705.8933540024	59.122645139694214	1343016.03060182	45.647709369659424	1342664.773728262	47.424049377441406	1343208.1026163504	46.96030354499817	1341196.8274067326	
38.88499188423157	1342246.012662804	63.67758011817932	1341822.5087644127	64.5389506816864	1342888.538177001	39.07866859436035	1335052.1263988724	47.39553785324097	1343073.8067480715	66.07605338096619	1343706.7753791464	59.15837502479553	1343036.8501148643	45.66355776786804	1342605.5679380842	47.448283672332764	1343215.090852395	46.98552942276001	1341198.5916366398	
38.89959359169006	1342241.0123579914	63.704235792160034	1341827.6263332106	64.56756353378296	1342885.7912708628	39.09268379211426	1335053.6003164886	47.41129279136658	1343076.9538515906	66.10440492630005	1343651.643461579	59.19340634346008	1343027.0649468144	45.67706251144409	1342603.3469219678	47.473642110824585	1343224.708177429	47.011876583099365	1341185.1032568	
38.914098501205444	1342237.8849258795	63.73074984550476	1341844.3387893627	64.59331846237183	1342890.4994336343	39.1072096824646	1335131.436365098	47.42780423164368	1343101.8306635777	66.12744116783142	1343667.0299190776	59.22572636604309	1343030.2454875936	45.69007182121277	1342886.064917397	47.50165605545044	1343222.5709587145	47.03989934921265	1341186.7430902985	
38.92710256576538	1342241.9209544435	63.756264209747314	1341844.5858795184	64.62859559059143	1343554.6246359306	39.12172317504883	1335114.2240370049	47.44463038444519	1343147.2478113761	66.15644979476929	1343750.8026187245	59.2547652721405	1342999.8316469516	45.70357608795166	1342885.2191129422	47.5268931388855	1343240.7895222413	47.06343197822571	1341180.5346531302	
38.94080853462219	1342239.3582365056	63.78201723098755	1341849.485405014	64.65658140182495	1343563.2905548154	39.136730670928955	1335198.4055091457	47.45965337753296	1343167.1261188302	66.1809070110321	1343760.821493799	59.29127883911133	1343013.7451336528	45.71725845336914	1342884.4265150367	47.5519163608551	1343229.3287888488	47.089946031570435	1341219.7455685674	
38.95431733131409	1342242.170722017	63.80602955818176	1341799.7154128752	64.68173313140869	1343561.8527768862	39.151002168655396	1335221.1889908279	47.476069688797	1343165.5086026709	66.20436120033264	1343761.7290205485	59.324830055236816	1343020.114208537	45.730791091918945	1342702.4501419736	47.57677102088928	1343236.0019112048	47.11404991149902	1341209.227347481	
38.9678258895874	1342234.091001609	63.83456373214722	1341814.983846578	64.70861864089966	1343559.5413335736	39.16701364517212	1335267.3513907227	47.4900803565979	1343176.0238626099	66.22788596153259	1343792.8264789917	59.35261034965515	1343003.7564212864	45.74495530128479	1342682.8280138394	47.60083556175232	1343241.7355526667	47.13773488998413	1341126.2605574923	
38.984060525894165	1342258.148693014	63.86058330535889	1341817.800584627	64.73843002319336	1343003.2964891721	39.181028842926025	1335270.8958719247	47.506099700927734	1343187.9951793982	66.25232768058777	1343762.0475878546	59.38576698303223	1342991.6454723624	45.76018571853638	1342705.1841040002	47.626351833343506	1343334.798251079	47.15944147109985	1341206.5284592204	
39.00007891654968	1342257.4095795008	63.88637948036194	1341807.536960737	64.76585602760315	1342944.64699077	39.195539712905884	1335278.9796503703	47.5226263999939	1343192.8620984077	66.28097677230835	1343774.4457941675	59.41560626029968	1342980.192108988	45.774691581726074	1342693.2003251743	47.64997053146362	1343250.7692734322	47.183154821395874	1341201.0226603285	
39.01458239555359	1342262.5420577673	63.91271185874939	1341828.8701979516	64.79212093353271	1342928.687768254	39.21155548095703	1335268.8470744472	47.53513503074646	1343195.5225385225	66.30276679992676	1343781.027250242	59.44612264633179	1343013.564001845	45.788819313049316	1342706.5375888974	47.68170380592346	1343267.8456327836	47.21421527862549	1341205.9846851188	
39.031595945358276	1342278.5829074422	63.93620276451111	1341820.8628822637	64.81857419013977	1342953.216122651	39.2265739440918	1335268.8165278034	47.55141997337341	1343195.0168324125	66.32934069633484	1343772.8280382275	59.476266622543335	1343012.2613156743	45.805684328079224	1342664.2572362125	47.72093319892883	1343280.0520319631	47.24250555038452	1341179.6776452884	
39.046425580978394	1342264.982584816	63.95922064781189	1341812.720031408	64.8446135520935	1342954.0810905788	39.24359679222107	1335279.0364216224	47.56592893600464	1343353.1556137407	66.3513503074646	1343771.5966374418	59.500279903411865	1343022.6342526295	45.818846702575684	1342639.239387592	47.761412143707275	1343281.705622194	47.27775597572327	1341106.215933945	
39.06035327911377	1342249.715858536	63.98128700256348	1342216.3337193672	64.87314915657043	1342941.7855582815	39.260605335235596	1335256.8009007534	47.581953287124634	1343604.0875464776	66.37838363647461	1343765.6566102921	59.52530908584595	1343006.9604095689	45.83268213272095	1342648.949768674	47.80015301704407	1343282.7922500635	47.30978226661682	1341123.418511231	
39.07536506652832	1342489.333967443	64.00507855415344	1342222.9998609084	64.89737391471863	1343034.6962300572	39.27562379837036	1335110.1701540402	47.59899592399597	1343559.2721490324	66.4029004573822	1343747.1594539285	59.547940254211426	1343026.8136881632	45.84718990325928	1342642.2988663963	47.83466625213623	1343290.0244305127	47.33559775352478	1341151.91158446	
39.0903754234314	1342495.4049836674	64.03059220314026	1342230.8800987154	64.92202115058899	1343010.2089992692	39.28910040855408	1335117.6426930474	47.61485838890076	1343551.5844764889	66.42698168754578	1343747.0990538935	59.56945610046387	1343036.4613111378	45.86120557785034	1342644.509229054	47.87267541885376	1343267.147992321	47.36133074760437	1341091.4077888704	
39.10588622093201	1342423.691764577	64.0541045665741	1342229.161726183	64.95054197311401	1343009.2812425385	39.30211925506592	1335119.6722941492	47.6338849067688	1343075.7623183292	66.45280933380127	1343747.0842326025	59.592965602874756	1343043.2206072672	45.87770915031433	1342694.2705633566	47.913203716278076	1343227.8867719856	47.39293313026428	1341091.4039815725	
39.121906042099	1343067.353782383	64.07912111282349	1342217.0583185183	64.9745523929596	1343579.8104150037	39.31662631034851	1335107.7122449207	47.65304636955261	1343081.8460864986	66.48133492469788	1343763.9889864803	59.62411952018738	1343045.062617459	45.89271831512451	1342707.9024759494	47.95773482322693	1343196.6814204687	47.42446279525757	1341094.2454905196	
39.135191202163696	1343073.720271683	64.10295176506042	1342526.8667850655	64.99934411048889	1343440.488170508	39.33115196228027	1335107.371400364	47.66905975341797	1343093.4964820098	66.50606346130371	1343765.6104807875	59.65128016471863	1343028.0659313835	45.90733551979065	1342037.7752827764	47.99173188209534	1343210.1648938695	47.454583168029785	1341190.223062393	
39.150206089019775	1342457.7942598828	64.12698268890381	1342168.5355778285	65.02887415885925	1343144.337168873	39.346386432647705	1335093.1591606892	47.688586711883545	1343097.845826802	66.5347809791565	1343287.6429817406	59.67779803276062	1343021.0963956404	45.922346115112305	1342765.8811694086	48.037962913513184	1343180.4373046046	47.48460006713867	1341172.692480881	
39.16521596908569	1342727.552144495	64.15001797676086	1342176.405022569	65.05774474143982	1343096.282672423	39.36540865898132	1335098.9206817343	47.70329427719116	1343096.6689197752	66.56291556358337	1342730.5474045654	59.706315994262695	1342927.3672368564	45.938098669052124	1342782.1843635389	48.07469463348389	1343226.290762001	47.51956510543823	1341187.5921090082	
39.17890739440918	1342751.4732786291	64.17623448371887	1342123.2802414035	65.08683514595032	1343100.6521286494	39.38091802597046	1334927.5562986566	47.72031354904175	1343104.8994233522	66.5879557132721	1342741.0181797592	59.73134398460388	1342919.3208849393	45.95310735702515	1342779.9123855014	48.1177134513855	1343269.490908187	47.56730604171753	1341189.0490210901	
39.19441628456116	1342655.7508273863	64.2012550830841	1342131.1601564758	65.11233496665955	1343115.120103989	39.398951053619385	1335743.6461691703	47.73690462112427	1343114.9348730922	66.61248278617859	1342741.3347310664	59.75595235824585	1342888.7667537213	45.966612339019775	1342991.9351886925	48.1587929725647	1343255.1195034927	47.60632562637329	1341144.0834725224	
39.21000289916992	1342666.9430020622	64.2247679233551	1342151.950546539	65.13536238670349	1343132.5966064003	39.41600823402405	1335752.3201927508	47.753647804260254	1343140.0741581677	66.63996744155884	1342748.6191754832	59.7799608707428	1342938.096830133	45.98062038421631	1343102.113626662	48.199846267700195	1343258.2258243945	47.6453423500061	1341125.3391904556	
39.22450828552246	1343297.74312522	64.24929714202881	1342150.811244442	65.16650700569153	1342924.7364575358	39.43555164337158	1335743.2923793728	47.770668745040894	1343117.07206794	66.66462826728821	1342748.8969848964	59.803478479385376	1343255.3211162998	45.995628356933594	1343074.9964693706	48.244868755340576	1343313.87447738	47.69088840484619	1341213.1717491683	
39.24131107330322	1343298.5863252452	64.2728099822998	1342152.7537075856	65.18849086761475	1343011.9190986305	39.45257520675659	1335722.3700418177	47.78608798980713	1343111.4611723854	66.68714380264282	1342755.0256711296	59.82269883155823	1343284.0043651962	46.01012897491455	1343196.6951925175	48.28306174278259	1343404.877748485	47.73219394683838	1341213.080137041	
39.25592923164368	1343302.709488066	64.2970290184021	1342151.5836941376	65.2145721912384	1343012.7188762212	39.46807813644409	1335723.0288550344	47.801613330841064	1343106.7683179753	66.71457839012146	1342752.343386523	59.848363161087036	1343289.6901766188	46.023884296417236	1343199.7360568433	48.31010127067566	1343380.430069434	47.77125024795532	1341235.0085505515	
39.271241188049316	1343302.6188574862	64.32255458831787	1342309.3191198928	65.24186086654663	1342893.1354677358	39.48422360420227	1335969.9256519505	47.818692684173584	1343090.847921654	66.73681974411011	1342760.240056438	59.874380111694336	1343275.8212879687	46.03891563415527	1343167.1503001992	48.33515954017639	1343375.5731930062	47.81596064567566	1341234.5845028635	
39.285744190216064	1343287.2100418762	64.34708786010742	1342307.14012148	65.2698028087616	1342891.7777099803	39.49872970581055	1335492.766611799	47.83320641517639	1343113.2689370424	66.76184034347534	1342758.4759800893	59.89838767051697	1343266.7301851483	46.05242347717285	1343167.8766876333	48.36117935180664	1343365.6846447797	47.855852127075195	1341199.4480708162	
39.299755334854126	1343275.0683017327	64.37060761451721	1342293.8153740857	65.29384016990662	1342897.6033046122	39.51374053955078	1335496.1466829698	47.851014852523804	1343116.5244005648	66.78345155715942	1342769.528177611	59.93041753768921	1343271.700173804	46.06692838668823	1343514.207541221	48.386696577072144	1343365.8664893308	47.895198583602905	1341192.158728907	
39.31526279449463	1343619.1831430513	64.39388966560364	1342323.7509888336	65.31736087799072	1343001.5077393842	39.52975535392761	1335463.5684811652	47.867526054382324	1343119.1607273752	66.812171459198	1342780.8118135112	59.95503234863281	1343283.5534942504	46.082937240600586	1343504.3683099155	48.41328763961792	1343370.9789694368	47.931674003601074	1341224.986700065	
39.33127212524414	1342759.1489579096	64.41690135002136	1342328.438275238	65.34237265586853	1343013.3908339583	39.54537105560303	1335467.4566511603	47.885554790496826	1343127.5752718637	66.83613276481628	1342642.3460787137	59.98004078865051	1342822.2082145754	46.09894299507141	1343496.7499632724	48.43980360031128	1343415.612112341	47.96550917625427	1341230.7993892727	
39.34577918052673	1342742.5190011938	64.44543552398682	1342319.5922745047	65.3698959350586	1343012.5296670329	39.56138610839844	1335487.4047410106	47.902369260787964	1343128.596655938	66.85815024375916	1342642.726838613	60.00606155395508	1342815.4444348714	46.11298894882202	1343385.1497455023	48.46548295021057	1343421.7833646701	48.00331783294678	1341210.1378392687	
39.35979509353638	1342754.9203993343	64.46844506263733	1342318.6955037501	65.39832735061646	1342962.119539743	39.57889437675476	1335256.6885332766	47.921114683151245	1343183.977755323	66.88188695907593	1342652.108030482	60.03061890602112	1342788.2077187004	46.129000186920166	1343448.8741233675	48.49000263214111	1342924.7468897102	48.0348756313324	1341212.1689193293	
39.374290227890015	1342667.752192298	64.48945474624634	1342270.1705133787	65.42290949821472	1342924.2103299953	39.59391450881958	1335240.9879648376	47.937748670578	1343158.1638042098	66.922678232193	1342664.7583952274	60.05864143371582	1342783.7968843745	46.14434742927551	1343485.2389314428	48.51548194885254	1342926.2252049593	48.07385182380676	1341205.0968852588	
39.38900566101074	1342646.9272039575	64.51275944709778	1342275.8862343417	65.45033693313599	1342953.4705043058	39.608418226242065	1335226.348464077	47.95304751396179	1343153.2885176039	66.94355654716492	1342850.973913343	60.08813834190369	1342823.5587264013	46.16036510467529	1343482.9271448953	48.544474363327026	1342931.2595545663	48.11534285545349	1341223.0377117135	
39.40351581573486	1342630.143244365	64.53727698326111	1342131.0111981838	65.47497630119324	1343117.19096667	39.624950885772705	1335202.8611813942	47.97007465362549	1343134.865783467	66.9700756072998	1342854.4530105055	60.11494755744934	1342816.0449275416	46.173868894577026	1343489.0797155355	48.57098722457886	1342928.6052752638	48.15338921546936	1341226.774694319	
39.418524980545044	1342617.259715719	64.56046772003174	1342129.1788170366	65.50154447555542	1343141.514411992	39.64197301864624	1335226.2716747338	47.985649824142456	1343134.2267443317	66.9958028793335	1342878.4776851023	60.139000415802	1342813.6742579134	46.19087314605713	1343490.6892633624	48.59976291656494	1342127.9786110688	48.19249653816223	1341237.0038865018	
39.43303918838501	1342632.5448862172	64.58583402633667	1342128.8854038222	65.52455997467041	1343150.2475784314	39.657480239868164	1335225.1946375489	48.003140926361084	1343131.61447639	67.02238941192627	1343284.2828897326	60.161535024642944	1342814.7087375335	46.206679821014404	1343214.7300718438	48.627946615219116	1342127.7656566654	48.23134231567383	1341181.2051313045	
39.44875454902649	1342640.1688799688	64.61084389686584	1342141.720215238	65.55083870887756	1343277.1128785007	39.67349648475647	1335209.6242350128	48.01942038536072	1343153.300985259	67.05282068252563	1343270.4878060028	60.189048290252686	1342802.271138211	46.22150468826294	1343217.5558305846	48.653459548950195	1342133.49533367	48.26537847518921	1341160.0281770378	
39.46491599082947	1342590.7832205815	64.63387489318848	1342124.733968986	65.57783150672913	1343322.1696245973	39.686837673187256	1335226.5234210014	48.0379364490509	1343270.5818576342	67.07634019851685	1343288.5572737486	60.21156692504883	1342815.217507135	46.236308336257935	1343118.8249239486	48.68532657623291	1342128.0226540742	48.30735492706299	1341145.2022751158	
39.477930307388306	1342596.274561929	64.65888738632202	1342135.0360886336	65.6018455028534	1343322.0481026566	39.70185947418213	1335230.1209667865	48.0529670715332	1343640.0954603944	67.09885859489441	1343286.3629740975	60.23905158042908	1342829.3761606268	46.25090146064758	1343106.282505789	48.709840297698975	1342121.4366798878	48.345237731933594	1341126.5067124427	
39.494040966033936	1342578.661534458	64.68840384483337	1342038.5589682502	65.62636613845825	1343309.9685049222	39.71736526489258	1335230.1226865838	48.067487716674805	1343639.2346587088	67.12167716026306	1343349.2481843552	60.26510143280029	1342827.7885035947	46.26413679122925	1343112.7662425959	48.73635530471802	1342130.575342785	48.38783383369446	1341143.019959642	
39.509053230285645	1342546.972697135	64.71418762207031	1342035.3824523762	65.65182495117188	1343304.5487396906	39.733413219451904	1335150.9179108874	48.08352470397949	1343650.013536338	67.14619445800781	1343350.9954982628	60.288124322891235	1342827.1636430232	46.27948188781738	1343101.4542672983	48.76051926612854	1342137.75253599	48.42816686630249	1341142.6999051203	
39.52341914176941	1342345.1979636308	64.73671913146973	1342009.848825782	65.67357444763184	1343319.431361036	39.747679471969604	1335331.0212791883	48.09953689575195	1343757.6315836394	67.17378258705139	1343520.4485018414	60.319653272628784	1342838.0476419583	46.29321837425232	1343107.3285293588	48.78553771972656	1342151.8499530267	48.466519355773926	1341086.7494429206	
39.54006028175354	1342349.1955685322	64.76341724395752	1342109.9467580186	65.69746613502502	1343306.434774166	39.76669979095459	1335336.9970300188	48.116557359695435	1343556.5413830092	67.20019698143005	1343209.1936812545	60.349181175231934	1342851.5299023946	46.307310819625854	1343110.8315333696	48.808839321136475	1342136.3603503911	48.51504421234131	1341077.138991072	
39.554214000701904	1342361.0160055077	64.79003190994263	1342103.083047474	65.7298309803009	1343242.9056251324	39.78371453285217	1335346.9805910455	48.132580041885376	1343646.3629286631	67.22374749183655	1343220.3979073935	60.373223543167114	1342885.1684096842	46.32331919670105	1343116.7745399023	48.837172985076904	1342736.5718768053	48.55520153045654	1341075.9584998663	
39.568100690841675	1342391.5251279478	64.81584787368774	1342114.1308437404	65.75437664985657	1343242.6028869674	39.79822134971619	1335343.4817711783	48.148701429367065	1343599.9550376565	67.25058174133301	1343223.3532648722	60.396825551986694	1342887.7697137624	46.339157581329346	1343236.1594772274	48.8651282787323	1342755.288221063	48.600647926330566	1341127.464342913	
39.5834903717041	1342307.2336630877	64.84286785125732	1342115.8545693336	65.77882671356201	1343248.28760658	39.81424140930176	1335367.4836848287	48.163984298706055	1343147.147011795	67.27540230751038	1343086.762742882	60.42248487472534	1342869.126014074	46.35393142700195	1343205.835512607	48.88840627670288	1343249.8334756834	48.645317792892456	1341103.767535288	
39.59850215911865	1342317.1880878923	64.86787629127502	1342209.8966556503	65.80284786224365	1343244.9341901569	39.8317654132843	1335378.4088482007	48.177361726760864	1343179.2933238638	67.29857158660889	1343083.5013702665	60.445000648498535	1342845.7915144751	46.368141889572144	1343223.9982761783	48.91274380683899	1343254.0539150662	48.67785143852234	1341095.745368565	
39.612014055252075	1342324.0955268915	64.89890718460083	1342236.5958510083	65.82836556434631	1343227.0247162378	39.84727168083191	1335379.2122104499	48.195374488830566	1343164.9075001115	67.3245964050293	1343098.31895403	60.47504210472107	1342848.5415329626	46.384153604507446	1343227.58948506	48.93527913093567	1342758.9516864386	48.70437574386597	1341105.460999768	
39.626521587371826	1342110.4563702578	64.92520642280579	1342237.0427753653	65.85068964958191	1343226.460475023	39.864293336868286	1335389.291527067	48.21101951599121	1343170.1708121023	67.35067319869995	1343060.0502262053	60.50006461143494	1342864.390076121	46.40066623687744	1343212.524608501	48.956297636032104	1342750.6696657294	48.733246088027954	1341099.3288055877	
39.642831802368164	1342124.4394771408	64.94875693321228	1342240.9357731477	65.87782955169678	1343129.2109120726	39.881819009780884	1335400.8813485417	48.22722268104553	1343177.661495972	67.3711986541748	1343070.2745514351	60.5286979675293	1342887.0236750878	46.415123462677	1343146.5073182224	48.97942924499512	1342747.139246759	48.75926089286804	1341105.1197360847	
39.65743112564087	1342124.452558863	64.97179841995239	1342173.6126282392	65.90657329559326	1343216.1275628626	39.89602780342102	1335391.5598193347	48.243250608444214	1343193.8746011152	67.39657306671143	1343572.595103862	60.55474591255188	1342847.3472017632	46.430917739868164	1342851.2189083314	49.00296926498413	1342743.7382619127	48.78951048851013	1341103.7885369589	
39.67395734786987	1342143.8171335503	64.99855065345764	1342183.8649485637	65.92982935905457	1343199.9291906084	39.91103553771973	1335403.6854622117	48.25675988197327	1343207.408329701	67.42234873771667	1343550.1055355512	60.58076524734497	1343193.6009914393	46.446423292160034	1342860.1691539881	49.02749276161194	1342774.2575063019	48.82245945930481	1341099.6707917037	
39.686463832855225	1342027.93090552	65.02206373214722	1342197.81496703	65.95736956596375	1343199.7938824515	39.92605185508728	1335460.7422734906	48.271783113479614	1343217.8424513193	67.44889163970947	1343277.5977877942	60.6079261302948	1343173.6753562554	46.46097707748413	1342867.5574807313	49.05603289604187	1342752.5187365538	48.85194230079651	1341103.367509952	
39.701480865478516	1342003.4955618782	65.04859447479248	1342115.2485519813	65.980388879776	1343198.5725169533	39.945082902908325	1335371.30480197	48.2893431186676	1343347.3157205123	67.47190809249878	1343286.7530794498	60.63469958305359	1343174.9768751715	46.474480628967285	1342833.514668609	49.08006143569946	1342816.0176357073	48.882203578948975	1341108.2411583364	
39.71598768234253	1342014.09826427	65.07811760902405	1342091.466511617	66.01306176185608	1343203.203064732	39.96109747886658	1335388.222355712	48.30735969543457	1343300.9441954526	67.49695587158203	1343317.6743929598	60.66146755218506	1342788.9412604864	46.48948812484741	1341893.4035405475	49.103517293930054	1342814.5884039162	48.909212827682495	1341107.9681397188	
39.73100423812866	1342281.3762704695	65.10183143615723	1342070.3443669472	66.03834104537964	1343204.0816676554	39.97660827636719	1335381.223396154	48.32037806510925	1343291.363097318	67.52776885032654	1343313.4372004792	60.68798303604126	1342784.8920559387	46.503997802734375	1341893.1202558635	49.13004684448242	1342702.6827466984	48.937753677368164	1341111.0384696114	
39.74532341957092	1341954.8099044885	65.12519884109497	1342078.6800014505	66.06307458877563	1343185.9253552156	39.99162721633911	1335229.266213063	48.33388590812683	1343293.2352626713	67.55279898643494	1343325.7286233087	60.7134964466095	1342799.8070130267	46.5180778503418	1341915.8866734973	49.155556201934814	1342703.0246765374	48.964454889297485	1341083.9917678507	
39.75833344459534	1341965.7322408056	65.15074396133423	1342106.399508136	66.08482694625854	1343192.622690945	40.008136510849	1335201.5619166417	48.347609758377075	1343280.70170127	67.57933521270752	1343334.635746963	60.7417778968811	1342804.1204921594	46.531090259552	1341920.5823143164	49.18181824684143	1342702.1027981616	48.99077391624451	1341081.1474338577	
39.77285027503967	1341955.7860128768	65.17577004432678	1342123.226393997	66.11098217964172	1343216.6962395904	40.02366089820862	1335206.6472642105	48.36396622657776	1343271.877725989	67.60436296463013	1343324.178531847	60.767823934555054	1342804.9927562594	46.5465943813324	1341886.3112521498	49.20983672142029	1342667.5046103501	49.016748905181885	1341087.1930164872	
39.78606176376343	1341958.3437128973	65.1994526386261	1342101.1910771031	66.14133167266846	1343212.8128213058	40.03917050361633	1335212.8161866404	48.37748122215271	1343275.7943202397	67.62919735908508	1343345.8763135998	60.79335069656372	1342789.687626028	46.55910015106201	1341887.011472014	49.24035310745239	1342697.7684803582	49.04182744026184	1341098.8240266305	
39.801328897476196	1341952.2221852008	65.22497701644897	1342109.8921143895	66.16741919517517	1343215.1572454206	40.05718994140625	1335252.60877624	48.394511222839355	1343277.753736486	67.65692639350891	1343345.1559462552	60.82404065132141	1342769.8049592206	46.57302260398865	1341891.5954200374	49.2681827545166	1342690.8573629837	49.067341804504395	1341086.8451287767	
39.81457567214966	1341955.2819719429	65.24950742721558	1342112.124301702	66.19133591651917	1343214.8693764415	40.07571291923523	1335483.1353130408	48.41072988510132	1343218.6977975352	67.68646311759949	1343353.223540049	60.84796690940857	1342748.9488565975	46.58772301673889	1341893.2294719752	49.29520320892334	1342685.643391701	49.089351654052734	1341084.0398182857	
39.82709527015686	1341968.7188304611	65.28003096580505	1342117.5462222854	66.21816635131836	1343187.227434716	40.09187984466553	1335697.9559645653	48.426066160202026	1343213.6783864908	67.71218180656433	1343354.3133334809	60.87901186943054	1342768.628267343	46.603758335113525	1341901.9992825652	49.32221436500549	1342691.2421549987	49.113935232162476	1341091.8984152023	
39.843311071395874	1341963.240470615	65.30877494812012	1342116.7724861572	66.24019360542297	1343157.045595185	40.106383323669434	1335703.1395383722	48.44009208679199	1343202.1423698612	67.73729228973389	1343374.3413561843	60.901031255722046	1342773.8161079832	46.62134861946106	1341913.4352551627	49.34973382949829	1342708.0537527064	49.14093637466431	1341111.035957955	
39.85632085800171	1341969.2168134504	65.33128786087036	1342269.359241341	66.26676988601685	1343157.2247863954	40.12192630767822	1335708.1107674045	48.45561218261719	1343190.6644217125	67.76484537124634	1343382.4387629915	60.93337559700012	1342746.17095264	46.63516092300415	1341912.5606411393	49.37725329399109	1342714.475913844	49.163450717926025	1341132.103022847	
39.87400960922241	1342113.9549972129	65.35880947113037	1342270.6031263412	66.2965476512909	1343187.520519956	40.14109992980957	1335724.051174114	48.47164440155029	1343224.6192649545	67.78950810432434	1343362.3267037012	60.96542286872864	1342611.777320598	46.649174451828	1341906.4034682417	49.40653371810913	1342780.3107029847	49.18798351287842	1341143.7745996313	
39.88651704788208	1342503.2293141217	65.3848283290863	1342213.410154429	66.32100439071655	1343184.43502433	40.15711808204651	1335724.7263384517	48.487157583236694	1343197.9202884946	67.81802129745483	1343301.1235207801	60.988431453704834	1342616.3192159939	46.663246631622314	1341911.4262165865	49.435057401657104	1342752.5048295218	49.210957765579224	1341098.3792780654	
39.90153408050537	1343334.070087553	65.40984010696411	1342210.783869079	66.34626078605652	1343183.4052995322	40.17213296890259	1335727.1113839292	48.50271487236023	1343190.2756049105	67.84686422348022	1343386.4345035623	61.011786460876465	1342613.8838460247	46.67775273323059	1341917.0711580263	49.46530795097351	1342785.7418499033	49.233966588974	1341097.5204030466	
39.9170446395874	1343314.40403747	65.43687224388123	1342228.381710736	66.37299609184265	1343729.046129503	40.185640811920166	1335719.9114032409	48.51622819900513	1343200.5781829937	67.87247347831726	1343346.8797861738	61.03810143470764	1342594.138363626	46.69146966934204	1341924.7841425503	49.48883581161499	1342914.2891169412	49.26198482513428	1341096.8212348304	
39.932058811187744	1343343.6643725806	65.46188950538635	1342237.1786445812	66.39702987670898	1343726.5920801298	40.204657316207886	1335733.0201061561	48.530293226242065	1343200.8695645165	67.89751076698303	1343348.7698924365	61.06512188911438	1342617.761500483	46.70748472213745	1341920.6389824415	49.51902222633362	1342952.884538007	49.2904999256134	1341101.6176759987	
39.94656586647034	1343343.4097425716	65.48741364479065	1342278.7786989994	66.42483019828796	1343647.3517420383	40.21816301345825	1335735.571118	48.54380702972412	1343203.9955199498	67.92672324180603	1343354.9866720296	61.09041690826416	1342616.2675583493	46.724711894989014	1342243.3161427805	49.54417634010315	1342985.4580452896	49.320627212524414	1341101.9736663648	
39.96258473396301	1343299.110602833	65.5110092163086	1342732.2262249405	66.45034694671631	1343639.1995349058	40.23369574546814	1336021.942901631	48.55811429023743	1343194.8605981206	67.95273852348328	1343375.9420968327	61.11494326591492	1342606.5975560602	46.73939371109009	1342236.3125927795	49.566436529159546	1342827.8193757469	49.35080599784851	1341105.9751393301	
39.97860789299011	1343281.3487691868	65.53503823280334	1342731.683033426	66.47671723365784	1343659.108232855	40.25270891189575	1336025.2095692442	48.57307004928589	1343180.8431478362	67.98177576065063	1343387.9395877814	61.139233112335205	1342607.8718490133	46.752877712249756	1342143.846214672	49.59571695327759	1342852.4042777554	49.37662672996521	1341119.074367612	
39.9937961101532	1343076.3186696975	65.5590455532074	1342800.3748617119	66.50155091285706	1343627.8815210627	40.267218351364136	1336030.9193176487	48.5892448425293	1343172.328940173	68.00574851036072	1343391.9906866734	61.167335510253906	1342650.0746721302	46.76723074913025	1342151.7329112818	49.62232518196106	1342868.7087560578	49.40056896209717	1341123.0400235574	
40.00880837440491	1343124.2555021746	65.58480191230774	1342815.1886903576	66.52633905410767	1343582.0976898775	40.284745931625366	1335712.1553896319	48.60414242744446	1343529.9826202856	68.03076815605164	1343401.4212563753	61.198848485946655	1342583.0682817567	46.78316307067871	1341797.0842677834	49.64877700805664	1342837.5198389667	49.42858004570007	1341127.9464185801	
40.02232050895691	1343263.0612921964	65.61732196807861	1342807.3971033515	66.55841064453125	1343600.7369520648	40.29908752441406	1335671.6911719127	48.61879277229309	1343517.6440185695	68.05879211425781	1343412.7269661631	61.21958088874817	1342599.0208023011	46.79705858230591	1341810.4798279705	49.68109631538391	1342829.1589990263	49.46136021614075	1341144.8261238334	
40.03678822517395	1343343.1596278215	65.6408531665802	1342810.1505808095	66.58697605133057	1343602.902780283	40.31510138511658	1335683.353198119	48.6338164806366	1343541.421536003	68.08482551574707	1343413.7662334498	61.24934411048889	1342589.6452389967	46.81195569038391	1342023.5596795639	49.70611763000488	1342835.1176351155	49.48736786842346	1341125.8901824804	
40.05411624908447	1343318.171228842	65.67138385772705	1342766.5208682101	66.61386847496033	1343605.9734501354	40.3306405544281	1335677.4158239507	48.64891982078552	1343539.4299531889	68.11184287071228	1343410.0279913107	61.27610754966736	1342646.4692450007	46.826966524124146	1342018.173799205	49.73313641548157	1342847.1826807132	49.51488399505615	1341144.1607591691	
40.07046675682068	1343173.616200688	65.70061039924622	1342765.7588427758	66.64837574958801	1343601.7205434085	40.34570264816284	1335680.6929142992	48.66393303871155	1343540.3286463476	68.14133334159851	1343406.6150348263	61.30111908912659	1342593.4867461647	46.841914653778076	1342030.3371980572	49.76532053947449	1342863.647076809	49.534621238708496	1341212.9959651956	
40.084972858428955	1343171.1756813042	65.73216795921326	1342816.4943270953	66.6739399433136	1343613.6864819424	40.360307455062866	1335050.8778128223	48.680949211120605	1343541.2671299172	68.16885542869568	1343406.829190394	61.33016777038574	1342589.6044835702	46.85492253303528	1342035.6767418645	49.79036855697632	1342868.848618664	49.55218839645386	1341205.58674183	
40.100990533828735	1343191.4328535395	65.75919270515442	1342838.6949289488	66.6981770992279	1343578.6898241355	40.37537980079651	1335026.3886505181	48.69472885131836	1343518.6073527276	68.19487857818604	1343397.9613925796	61.357186794281006	1342642.9541166027	46.86903238296509	1342019.9434150164	49.823076009750366	1342885.1902626213	49.56720185279846	1341163.0727953478	
40.11649680137634	1343171.6981806597	65.78794288635254	1342816.1276237548	66.72184705734253	1343575.207337294	40.39239835739136	1335026.8715620441	48.70947051048279	1343525.2631891945	68.22089052200317	1343398.9878131365	61.37771677970886	1342621.3032002277	46.883899211883545	1342017.9174229314	49.85539412498474	1342870.7028769113	49.584773778915405	1341181.862536351	
40.13251352310181	1343173.76141735	65.81245422363281	1342792.2727042006	66.75238561630249	1343579.4371377546	40.40641140937805	1334994.922733029	48.72301006317139	1343529.1916999307	68.24758839607239	1343399.2799914118	61.405869245529175	1342635.938082643	46.89740347862244	1342016.29618291	49.884730100631714	1342843.947655602	49.60039830207825	1341200.5074862973	
40.14802575111389	1343174.150642092	65.84551954269409	1342784.1623916854	66.77857112884521	1343543.2186662818	40.422096967697144	1334990.9778199405	48.73790717124939	1343508.3079978088	68.2774510383606	1343407.0182719943	61.43278980255127	1342648.2544112776	46.91012406349182	1341912.3400367291	49.91275715827942	1342843.2256408962	49.61390256881714	1341191.2736737877	
40.16404151916504	1343173.6850079987	65.87052965164185	1342745.8810889265	66.80392646789551	1343511.9968267786	40.435604095458984	1334993.9433460408	48.75280427932739	1343463.104445354	68.30773901939392	1343439.2305770428	61.45879101753235	1342541.5040818222	46.925148248672485	1342219.2278709868	49.94084644317627	1343052.0340188416	49.6274139881134	1341203.1911151381	
40.18307447433472	1343164.088325476	65.89454817771912	1342554.3128479654	66.82644414901733	1343522.7420925791	40.45262312889099	1334973.3253774329	48.76792240142822	1343474.8364549268	68.33494877815247	1343400.5403288768	61.49072217941284	1342538.917324613	46.93760657310486	1342222.1266019223	49.96999406814575	1343050.3413257578	49.642560720443726	1341202.2458837496	
40.1997492313385	1343167.773825567	65.91833901405334	1342559.3553632826	66.85173320770264	1343579.2603389223	40.46813082695007	1334991.429671736	48.784003257751465	1343473.7976643567	68.3629584312439	1343427.3145107736	61.51801609992981	1342391.7048860954	46.95057225227356	1342223.6975405766	49.998600006103516	1343042.4868430262	49.655672788619995	1341192.9355851982	
40.214258670806885	1343169.255298279	65.94337606430054	1342567.853524744	66.87918949127197	1343580.63174109	40.48365521430969	1334932.7884879261	48.797513484954834	1343485.5073060596	68.3922643661499	1343414.697931001	61.54313349723816	1342434.177357686	46.966081380844116	1341928.7669271803	50.028666734695435	1343001.312864571	49.670207023620605	1341199.9639967051	
40.23188638687134	1343192.587166911	65.96891021728516	1342524.7053521625	66.90382671356201	1343598.232179886	40.49916195869446	1334720.9448463796	48.81253480911255	1343491.9897301546	68.4197793006897	1343427.2903788504	61.56866693496704	1342403.810547878	46.98209261894226	1341940.4386127864	50.056154012680054	1343026.3422284627	49.68271279335022	1341213.0092121058	
40.246752977371216	1343195.2739396933	65.99446296691895	1342727.2134157126	66.93198299407959	1343560.1649335937	40.51318120956421	1334726.5606499854	48.82922077178955	1343473.8177496644	68.44443893432617	1343441.7422173673	61.59418535232544	1342411.3725849192	46.995747566223145	1342785.640867751	50.08537793159485	1343065.6352544657	49.69621658325195	1341245.043140454	
40.26264190673828	1343381.3532540228	66.0190658569336	1342714.8771842262	66.95658612251282	1343559.9634271422	40.5291953086853	1334716.3311642841	48.846734046936035	1343480.269281577	68.46945476531982	1343440.5416532247	61.62164378166199	1342393.6112775533	47.01004910469055	1342817.063481874	50.11492323875427	1343075.097072274	49.710713148117065	1341255.2648084767	
40.276172399520874	1343385.4023380259	66.0455949306488	1342742.258738651	66.98382687568665	1343560.1346682	40.54557418823242	1334748.5459977635	48.86475443840027	1343466.6131642917	68.49297308921814	1343439.2249205038	61.65441870689392	1342816.3786430904	47.02389693260193	1342807.8807818494	50.14029908180237	1343039.7948048736	49.723961353302	1341259.479706918	
40.292712688446045	1343395.49777773	66.07006764411926	1342766.5573624806	67.00685143470764	1343530.0180613864	40.56159424781799	1334708.7567174507	48.884504318237305	1343470.0159496178	68.51767659187317	1343446.149009911	61.689218521118164	1342823.0288707633	47.03941583633423	1342781.9926318114	50.16536021232605	1343013.55732241	49.73846936225891	1341208.2719148186	
40.30672216415405	1343404.0056720858	66.09360122680664	1342780.035790496	67.03101682662964	1343510.8131980984	40.57611656188965	1335003.9333604367	48.90203237533569	1343477.4673838192	68.54434251785278	1343458.253685667	61.71273374557495	1343064.568483357	47.053929805755615	1342796.669435437	50.19210410118103	1343014.3729261765	49.75148057937622	1341208.6115067564	
40.32273197174072	1343434.3418484929	66.12535357475281	1342438.7086047633	67.05304265022278	1343510.58511041	40.59212851524353	1335290.2821470352	48.91454577445984	1343489.6880578848	68.56839847564697	1343461.9880699746	61.73718333244324	1342960.488345157	47.06803035736084	1342797.7573608712	50.22183322906494	1343022.666031004	49.76550269126892	1341197.356009943	
40.33874487876892	1343451.7857709846	66.1533727645874	1342453.9205743305	67.07900977134705	1343508.7992513499	40.607637882232666	1335321.7231859772	48.930394649505615	1343462.9949195585	68.5991940498352	1343432.588989366	61.760711908340454	1342950.0769474807	47.083714962005615	1342794.6194557725	50.2534499168396	1343040.0723799067	49.77833557128906	1341192.703617769	
40.35325503349304	1343459.0299218984	66.18507027626038	1342453.4052142582	67.10241866111755	1343506.3384846195	40.623167753219604	1335326.4850805902	48.944902181625366	1343452.7192651764	68.62220239639282	1343427.871607553	61.785247564315796	1342944.689803139	47.098220109939575	1342798.18424228	50.28478932380676	1343047.4065890259	49.79102635383606	1341186.6734589082	
40.369771242141724	1343595.447840456	66.20807981491089	1342459.8041646928	67.12656569480896	1343502.449212792	40.638670921325684	1335298.5524931343	48.960426330566406	1343431.8548642488	68.64723038673401	1343437.2772307398	61.81177306175232	1342895.4310913635	47.10976696014404	1342796.6666436386	50.315879583358765	1343039.5655184684	49.80453538894653	1341127.5358269117	
40.384785413742065	1343598.0663345978	66.23512625694275	1342448.1042032463	67.15285873413086	1343505.2566370715	40.652692794799805	1335301.1717803597	48.977654218673706	1343441.0495726066	68.67025947570801	1343446.3157503232	61.83742141723633	1342897.6711147435	47.124048471450806	1342731.1808529634	50.344926595687866	1343102.8523928248	49.81804013252258	1341119.3612290963	
40.40050983428955	1343609.4447799178	66.26402235031128	1342460.4133408114	67.17899513244629	1343502.6079076896	40.66720008850098	1335300.4626779787	48.99569034576416	1343451.0836276598	68.69177865982056	1343470.430404954	61.8639771938324	1342920.5318165836	47.14023995399475	1342738.7712734214	50.37748885154724	1343070.3092173988	49.83155655860901	1341138.5744980678	
40.41701698303223	1343591.298885813	66.29004001617432	1342685.294194245	67.20701694488525	1343503.1547369454	40.68351435661316	1335392.1502877662	49.01058506965637	1343585.3966615903	68.71786117553711	1343460.1892004923	61.89296317100525	1342925.271888835	47.15673828125	1342739.7212114988	50.40229606628418	1343420.6996777686	49.846060276031494	1341148.3455021428	
40.43303418159485	1343389.9612174258	66.318772315979	1342695.6092829872	67.23283982276917	1343516.016086753	40.69902443885803	1335989.8928075512	49.02611565589905	1343559.2880244628	68.74191856384277	1343480.8226539409	61.919549226760864	1342947.7308620901	47.16975545883179	1342743.0841337142	50.426124811172485	1343426.3605841773	49.8595826625824	1341149.5909194085	
40.44804358482361	1343389.7310047974	66.34228539466858	1342701.1308341625	67.25538539886475	1343500.4325893498	40.71304130554199	1335998.1495186843	49.04014468193054	1343586.2240802776	68.76743268966675	1343473.2190430553	61.948058128356934	1342946.5557791037	47.182843923568726	1342754.2117219372	50.464820861816406	1343445.7707451093	49.87277579307556	1341154.0973515594	
40.463719844818115	1343380.380870041	66.37580561637878	1342727.516641949	67.2797794342041	1343515.0324492033	40.72915005683899	1335975.0048211692	49.05617356300354	1343590.0916288448	68.7931387424469	1343479.6967797752	61.97664475440979	1342663.967518023	47.196571826934814	1342763.9551564688	50.49319243431091	1343440.1580423396	49.88628149032593	1341159.8906027076	
40.47655439376831	1343429.116719679	66.39752888679504	1342730.2506064312	67.30484580993652	1343479.3278265453	40.745673418045044	1335784.2733950738	49.071574449539185	1343592.8892748929	68.81865310668945	1343443.4471533466	62.00166082382202	1342704.9062874753	47.210108041763306	1342765.1692755835	50.52366018295288	1343440.3614340774	49.900676012039185	1341156.476714628	
40.493571043014526	1343410.2083622825	66.42604327201843	1342738.5133464646	67.3308413028717	1343425.7691223035	40.76169562339783	1333844.9309534847	49.086081743240356	1343608.0318073803	68.8461766242981	1343450.8319152559	62.03450131416321	1342650.872934173	47.22647142410278	1342769.4292827572	50.56090259552002	1343511.302023294	49.91612005233765	1341144.704282243	
40.508580923080444	1343395.1385171402	66.45309400558472	1342741.7563933383	67.356862783432	1343412.3809575858	40.7772102355957	1333852.2862209103	49.100098609924316	1343588.024863462	68.86893105506897	1343418.217824958	62.056819915771484	1342640.0484648577	47.242209672927856	1342780.8125552002	50.591490745544434	1343518.5049484125	49.92974019050598	1341179.3398983164	
40.52408766746521	1343395.5882562841	66.4776201248169	1342740.586193701	67.38110995292664	1343430.7209081517	40.790762186050415	1333656.0543235128	49.114771604537964	1343590.7557548014	68.8945038318634	1343405.7909790287	62.079365968704224	1342642.416414092	47.257678270339966	1342773.897396991	50.62362766265869	1343511.4000326907	49.943246603012085	1341169.551688246	
40.539024114608765	1343397.6563065415	66.5083281993866	1342744.802886742	67.40562963485718	1343496.27929879	40.80527400970459	1335680.783673694	49.12979078292847	1343349.839919984	68.91922688484192	1343378.755349044	62.10788130760193	1342776.0761574015	47.27774167060852	1342782.977472532	50.65226364135742	1343539.3286904471	49.957282066345215	1341151.7768872126	
40.554529428482056	1343387.6477164873	66.53338074684143	1342753.7839179297	67.43183302879333	1343504.7640156357	40.819387435913086	1335685.0592750716	49.14685082435608	1343352.1126162303	68.94476294517517	1343370.775346932	62.13775396347046	1342767.4247178999	47.29675483703613	1342830.967747014	50.681021213531494	1343547.8588497613	49.97183561325073	1341156.6011711468	
40.57004141807556	1343417.3298369884	66.55839467048645	1342749.465890856	67.4574863910675	1343493.7886639286	40.833574056625366	1335683.1478351476	49.162704944610596	1343346.0621930761	68.96877813339233	1343368.820507362	62.16292381286621	1342759.4919154355	47.31442618370056	1342832.9980682328	50.710805892944336	1343555.0226440078	49.98578119277954	1341150.9144201567	
40.58428955078125	1343417.1776865018	66.58652710914612	1342750.672379215	67.47982811927795	1343077.394294292	40.84908390045166	1335681.5722176412	49.177249908447266	1343346.2703968005	68.99836897850037	1343313.9140954867	62.188502073287964	1342773.501798927	47.33222198486328	1342839.3182617868	50.74227213859558	1343545.3590185652	49.99826455116272	1341154.1854685035	
40.600030183792114	1343398.335890524	66.61306381225586	1342522.836669798	67.50724363327026	1343103.0313944302	40.863110065460205	1335646.73216169	49.19156765937805	1343284.4325818308	69.02139043807983	1343315.987629005	62.21152877807617	1342764.6365802782	47.35189175605774	1342841.1303826626	50.76959276199341	1343483.0905378468	50.01398181915283	1341265.2855903818	
40.61453723907471	1343537.4389369194	66.63964128494263	1342535.1598363789	67.52982711791992	1343103.874671555	40.87783217430115	1335683.0637063675	49.20458173751831	1343352.3995820275	69.04567050933838	1343301.5122548433	62.23737382888794	1342745.1493576365	47.36908006668091	1342844.4037116147	50.79782724380493	1343497.573295969	50.02999019622803	1341097.7353317568	
40.627042055130005	1343564.2222451386	66.66619110107422	1342532.6970915983	67.55092334747314	1343095.3849332777	40.890002489089966	1335684.8057390964	49.22032046318054	1343366.5921110355	69.06769299507141	1343302.5883431488	62.264952421188354	1342738.3549358172	47.38568615913391	1342850.5291067783	50.82534670829773	1343101.217423286	50.044156312942505	1341099.6744816015	
40.642056703567505	1343586.9063422603	66.69270515441895	1342524.212669871	67.58186054229736	1343114.6087632698	40.90401339530945	1335660.250617776	49.23584175109863	1343361.2678429976	69.09672260284424	1343305.1420277914	62.29055976867676	1342734.2307293487	47.402984857559204	1342843.2813858602	50.85154867172241	1343107.064682887	50.05822706222534	1341104.0712332856	
40.660372495651245	1343593.4305240694	66.71991348266602	1342524.7038400194	67.60493969917297	1343117.308084679	40.91951894760132	1335758.7108106522	49.25179195404053	1343350.7619499643	69.12146973609924	1343454.666076231	62.31307339668274	1342743.224898785	47.417794942855835	1342845.4848621802	50.88024663925171	1343121.851853775	50.07303071022034	1341128.2508490856	
40.6740984916687	1343613.8185402	66.75008368492126	1342531.248406134	67.63597393035889	1343104.1478169549	40.9335298538208	1335778.4874849666	49.26690888404846	1343338.03545172	69.15074920654297	1343383.285205699	62.33822703361511	1342720.3120785577	47.43230676651001	1342828.2755504947	50.908220052719116	1343131.102756097	50.0865375995636	1341116.7107291538	
40.690112590789795	1343451.5116453324	66.77710056304932	1342529.0506304894	67.66681337356567	1343112.9964469427	40.94732356071472	1335778.5839076259	49.28022909164429	1343339.3478431194	69.1747624874115	1343355.3332222654	62.36485409736633	1342716.4769752016	47.44681239128113	1342827.870057727	50.93327808380127	1343165.5874822915	50.10261082649231	1341128.4974471268	
40.70562219619751	1343724.7188439616	66.80491328239441	1341945.670025154	67.69658732414246	1343113.9159973937	40.9633355140686	1335706.7763808453	49.29292440414429	1343329.306288907	69.20334362983704	1343359.3034179136	62.39338159561157	1342701.7337816884	47.46182298660278	1342814.036795605	50.95529246330261	1343172.3310146148	50.11766695976257	1341086.7841809753	
40.721684217453	1343579.8963596937	66.83129048347473	1341897.700649865	67.72021579742432	1343109.586998867	40.97684288024902	1335707.5116364511	49.30772304534912	1343327.6971093456	69.23485946655273	1343364.062528996	62.41688561439514	1342713.2979160084	47.475841760635376	1342505.4582079733	50.98446321487427	1343166.2756946995	50.132570028305054	1341095.3985832639	
40.73736643791199	1343595.885144745	66.85654282569885	1341933.196256761	67.74523210525513	1343082.9674166292	40.99187111854553	1333741.1159806584	49.32374358177185	1343338.679707498	69.26297354698181	1343382.0283754105	62.443013191223145	1342727.706392726	47.49235463142395	1342493.1350248046	51.01324129104614	1343131.8817979747	50.14768075942993	1341049.1558220212	
40.753379583358765	1343612.9590032783	66.8805603981018	1341943.2598768743	67.767751455307	1343061.8368922225	41.00636649131775	1333735.8456992186	49.33725166320801	1343336.000886289	69.28799295425415	1343360.1103016345	62.46559143066406	1342709.03947783	47.50586175918579	1342495.2701753336	51.040045738220215	1343131.9500465184	50.162253618240356	1341056.7640350375	
40.768890380859375	1343617.4740338584	66.91060590744019	1341941.8966147692	67.79234838485718	1343095.2952037186	41.0219087600708	1333745.1349010614	49.35300946235657	1343344.6820878559	69.31250929832458	1343354.176234666	62.49312782287598	1342741.3096971463	47.51987409591675	1342477.038409486	51.06692337989807	1343110.431616685	50.175766706466675	1341053.3799326732	
40.785614252090454	1343506.9016237517	66.94015049934387	1342089.3819035615	67.81701493263245	1343094.894435044	41.03741526603699	1333762.9203941922	49.3686945438385	1343351.947239745	69.33856129646301	1343360.6827071756	62.521140336990356	1342745.6252202522	47.53407955169678	1342484.9509386425	51.09244155883789	1343095.7877296584	50.18945050239563	1341027.316532189	
40.803627014160156	1343512.1759335853	66.96599984169006	1342089.8304974379	67.84455394744873	1343066.3519047396	41.05143737792969	1333794.0432247135	49.383739948272705	1343348.0793165204	69.37029933929443	1343342.9169102255	62.546863079071045	1342743.9957699168	47.54579710960388	1342491.0988988047	51.1199791431427	1343107.146530806	50.20396018028259	1341000.2634895856	
40.81964325904846	1343476.694315538	66.99279880523682	1342079.6929795868	67.87136244773865	1343059.021491673	41.06594395637512	1333780.4144985555	49.398754358291626	1343348.8727109777	69.39782810211182	1343308.790337704	62.5740864276886	1342770.498111082	47.559807777404785	1342480.6789131882	51.1445586681366	1343097.6708400464	50.217467069625854	1340985.5130359523	
40.8351514339447	1343071.7766161663	67.01689052581787	1342066.7028371212	67.89337205886841	1343052.2834599805	41.079959869384766	1333771.8779889806	49.4138081073761	1343363.9746201073	69.42284035682678	1343329.4573554692	62.600677490234375	1342800.4586042126	47.57431125640869	1342576.0171885274	51.16557335853577	1343090.289975752	50.23162484169006	1340977.8499506777	
40.84966802597046	1343066.2431944825	67.04493808746338	1342060.8556074894	67.91986513137817	1343032.68603782	41.09459686279297	1333785.5384823277	49.42752194404602	1343389.3349835614	69.44746804237366	1343331.0389303435	62.62613582611084	1342810.4770987472	47.59032154083252	1342577.0967888408	51.190932273864746	1343061.1027831915	50.246705532073975	1340976.8450451947	
40.8658401966095	1343040.983906963	67.07245540618896	1342782.2796924787	67.94263648986816	1343040.0374071714	41.108611822128296	1333736.7351565056	49.44344353675842	1343375.967205239	69.47047924995422	1343339.9113255434	62.653162240982056	1342810.616276407	47.60585069656372	1342574.069874058	51.21292161941528	1343065.7606867345	50.26075220108032	1341006.3280373989	
40.87984895706177	1343050.5998982058	67.09946727752686	1342765.0524953888	67.9669201374054	1343114.1875108744	41.123146295547485	1334041.5353048437	49.458956718444824	1343219.3395705349	69.49649548530579	1343318.6259730624	62.67706823348999	1342810.4484075813	47.619771242141724	1342577.45441218	51.23934531211853	1343067.1981074344	50.27525854110718	1340955.855428505	
40.89435839653015	1343050.7895431689	67.12479090690613	1342746.751287704	67.9926176071167	1343168.1319166515	41.138566732406616	1334038.324758162	49.474241971969604	1343219.8802733321	69.51936483383179	1343284.3430989312	62.70208930969238	1342837.7386750092	47.63578128814697	1342601.1646261904	51.26335906982422	1343060.6195563625	50.289326190948486	1340984.3806471692	
40.9098756313324	1343072.0374210493	67.1478054523468	1342053.8057274763	68.01501774787903	1343166.5524998154	41.15336775779724	1334076.3908346016	49.49109220504761	1343221.8679609916	69.54589080810547	1343300.8886468576	62.72559976577759	1342848.3732513762	47.65079212188721	1342594.0834160512	51.28993582725525	1343064.056836278	50.30249810218811	1340991.2064016152	
40.92638540267944	1342877.2968273717	67.1728527545929	1342027.6786049912	68.03961896896362	1343150.7426355113	41.169877767562866	1334380.14584572	49.5074143409729	1343209.7975076973	69.57090353965759	1343296.5883755523	62.747946977615356	1342831.3587299276	47.66489291191101	1342588.7805962148	51.317469120025635	1343079.4223883518	50.31800675392151	1340920.892877394	
40.94257402420044	1342865.4582544344	67.20062899589539	1342065.0677606396	68.06561231613159	1343134.431016325	41.183895111083984	1334564.1174345408	49.52213144302368	1343219.3203161831	69.60543727874756	1343274.2934611535	62.77306079864502	1342847.160355665	47.678900957107544	1342589.7262370298	51.34247422218323	1342995.304655061	50.33263444900513	1340958.3405379076	
40.958192110061646	1342871.9440204587	67.23220491409302	1342068.901172158	68.0886390209198	1343158.0046107336	41.19640350341797	1334574.3993574867	49.53716588020325	1343224.7237853718	69.63596248626709	1343275.688693683	62.800532817840576	1342800.5440135526	47.693082332611084	1342597.5203530227	51.36899924278259	1342978.1888919992	50.34868264198303	1340959.8232879732	
40.972402572631836	1342878.7977379265	67.25822186470032	1342079.3818159397	68.11289548873901	1343147.5012012674	41.21142077445984	1334552.1173404998	49.55469226837158	1343233.0339171796	69.67341017723083	1343236.7065041095	62.826820373535156	1342835.5003456525	47.70758628845215	1342506.1495140658	51.39553427696228	1342992.8914986707	50.36238384246826	1340975.2132764747	
40.98519563674927	1342826.3836986453	67.28124403953552	1342078.3216759043	68.13465595245361	1343152.7492243217	41.22543668746948	1334570.8082942737	49.567911863327026	1343301.4849276533	69.70244026184082	1343267.1442995104	62.85004258155823	1342816.7975589926	47.72268724441528	1342401.86245752	51.41802525520325	1342986.924267167	50.3772177696228	1340972.1503036343	
41.000213861465454	1342821.0246969124	67.3087830543518	1342662.39727799	68.16318130493164	1343159.0718428234	41.2409508228302	1334575.7560464027	49.581645488739014	1343301.4957500189	69.72709560394287	1343283.1224233345	62.874781131744385	1342780.183533223	47.737712383270264	1342406.053981495	51.44157075881958	1343031.5923279342	50.39682960510254	1340973.1820980664	
41.01471996307373	1342814.9191623104	67.33315134048462	1342674.1084743876	68.18583035469055	1343183.0733144088	41.25596642494202	1334322.830481556	49.59689402580261	1343297.7896132362	69.75210475921631	1343292.9025355221	62.903315782547	1342786.290753326	47.753891706466675	1342452.7649497413	51.4714777469635	1343027.1447131676	50.411842823028564	1340993.714983148	
41.03050470352173	1342752.0327280422	67.35416674613953	1342684.3510202048	68.2153787612915	1343176.484002456	41.26947236061096	1334315.5894659725	49.6151008605957	1343290.4695137208	69.77461647987366	1343279.333440321	62.92895483970642	1342804.6243295367	47.76775360107422	1342424.511701752	51.493481397628784	1343033.4826288368	50.424742221832275	1340993.4863195461	
41.04651975631714	1342750.7497267528	67.3809597492218	1342684.1295964587	68.24256348609924	1343180.197537193	41.28499460220337	1334365.0967396966	49.62952423095703	1343287.7069543186	69.79713368415833	1343553.3488672602	62.95277428627014	1342787.680592765	47.781044244766235	1342448.2331074676	51.517656564712524	1343022.8818410865	50.43824315071106	1340996.5832009444	
41.06162142753601	1342909.4961123145	67.40748405456543	1342694.1365484959	68.26738977432251	1343070.492600212	41.298181772232056	1334543.8318700271	49.643041133880615	1343295.158841741	69.81814312934875	1343605.031228899	62.978299379348755	1342779.9694431345	47.79716086387634	1342595.5920303736	51.539841651916504	1343031.4068238733	50.45291709899902	1340927.0968854213	
41.07663083076477	1342892.3509203033	67.43101906776428	1342695.4779160912	68.29491472244263	1343145.5588759936	41.31520175933838	1334620.6683001635	49.656360149383545	1343281.3190397022	69.840172290802	1343616.1553506148	63.00482487678528	1342797.6858032574	47.812960624694824	1342583.316800413	51.56285786628723	1343021.724587004	50.46743178367615	1340941.0402990535	
41.092647075653076	1342944.4028756667	67.46054100990295	1342699.227778568	68.3209547996521	1343265.7660874324	41.32874083518982	1334629.762622769	49.6709520816803	1343274.3612895499	69.86536049842834	1343672.8188480015	63.02919602394104	1342794.330225167	47.82731223106384	1342587.66965951	51.587072134017944	1343012.262397718	50.480438232421875	1340934.5627809945	
41.11066436767578	1342938.5737680935	67.492595911026	1342647.0096648182	68.3480179309845	1343548.7506540841	41.341774225234985	1334649.9515316642	49.68597054481506	1343256.157419341	69.88888692855835	1343695.2375672495	63.0544331073761	1342772.3811452324	47.841960191726685	1342590.5553185975	51.610633850097656	1343059.4681353662	50.491758823394775	1341127.3198986927	
41.12515163421631	1342945.213194777	67.5323235988617	1342654.5190148237	68.38210678100586	1343581.6221333724	41.3548903465271	1334655.7851298093	49.69971036911011	1343459.3654891017	69.9147698879242	1343703.5938976884	63.07844376564026	1342774.7573226395	47.85531687736511	1342592.7706258625	51.63264465332031	1343067.394507234	50.5057258605957	1341126.344631707	
41.13916850090027	1342945.352436025	67.57137036323547	1342680.4161089496	68.40483689308167	1343579.0047493328	41.36939597129822	1334562.5320250543	49.71284580230713	1343452.2023727288	69.93878412246704	1343695.6301433397	63.105963706970215	1342905.2641878233	47.86941337585449	1342583.479178838	51.66016459465027	1343116.1964420483	50.51973223686218	1341121.0613966282	
41.15567708015442	1342914.0574160046	67.6064293384552	1342712.6324828346	68.43114471435547	1343272.7169962605	41.384408950805664	1334574.7953460356	49.72735548019409	1343452.2380280078	69.96733045578003	1343689.1473431	63.137500286102295	1342853.5590444957	47.883920192718506	1342561.1782481647	51.68943190574646	1342887.2474931302	50.53393244743347	1341140.9041901573	
41.17219662666321	1342928.783282818	67.64699411392212	1342091.7936664084	68.46350193023682	1343256.8506408946	41.399916648864746	1334573.9969811137	49.742377042770386	1343424.8340817285	69.99085974693298	1343632.1215219009	63.167547941207886	1342854.5078508544	47.89842200279236	1342525.8747779338	51.715962648391724	1342892.2912287188	50.54843711853027	1341125.093560074	
41.18590688705444	1342926.388620661	67.68996381759644	1342046.177262707	68.4870216846466	1343254.6793535086	41.41792631149292	1334597.2499859629	49.756396532058716	1343448.0132657439	70.01537680625916	1343634.9171045842	63.185003995895386	1342870.549094084	47.91243577003479	1342546.207094745	51.73898363113403	1342822.5741202587	50.560890197753906	1341126.5771962502	
41.20092582702637	1342941.3089287183	67.72318267822266	1341972.2253581672	68.5140872001648	1343300.1848301755	41.43945121765137	1334604.826929782	49.77104949951172	1343452.834862702	70.04089069366455	1343701.6095818859	63.21453142166138	1342877.4797223317	47.929033517837524	1342562.1229957566	51.764771461486816	1342910.3107357116	50.57340145111084	1341135.33203983	
41.214433431625366	1342960.9717891808	67.75722455978394	1341965.7210466675	68.54018664360046	1343310.0455496518	41.459463119506836	1334672.998688506	49.78608298301697	1343487.1554139464	70.0645854473114	1343740.846832263	63.23853588104248	1342887.4031425312	47.94152474403381	1342541.8482433849	51.788790464401245	1342917.6350149144	50.58853077888489	1341205.281925275	
41.22944092750549	1342950.3782213372	67.79642176628113	1342004.508786755	68.56420516967773	1343285.7032190636	41.47897744178772	1334759.8055503576	49.801095724105835	1343529.4800472208	70.09321141242981	1343742.4465834193	63.264467000961304	1342885.1204647652	47.958030223846436	1342533.6748704438	51.81652331352234	1342920.2308630403	50.602824449539185	1341115.212417798	
41.242947578430176	1342953.8911907712	67.83814096450806	1342032.2457384518	68.59507322311401	1343197.863477901	41.498716831207275	1334785.6097082563	49.813658714294434	1343688.8547251965	70.12476849555969	1343733.8618410297	63.288981914520264	1342887.5660903577	47.97062373161316	1342542.9916331833	51.84138345718384	1342926.2511605097	50.615328788757324	1341119.8677963715	
41.256603956222534	1342953.745559099	67.87209963798523	1341983.8555187853	68.62692046165466	1343212.0862971705	41.51573729515076	1334765.0751516037	49.82743954658508	1343691.509815804	70.14978241920471	1343735.6486698862	63.31445670127869	1342825.7386086443	47.984129190444946	1342552.2119680692	51.868107080459595	1342934.6631238244	50.62883448600769	1341470.6658113874	
41.269795417785645	1343065.582815212	67.91062498092651	1341971.063668762	68.66080045700073	1343212.1647675082	41.538015365600586	1334740.470125317	49.840431690216064	1343696.7512013128	70.17530584335327	1343741.5888978394	63.343732595443726	1342825.7326399637	47.997140645980835	1342555.7497004066	51.89612793922424	1342937.469086834	50.645134687423706	1341267.9309847297	
41.2833034992218	1343063.846740348	67.94877815246582	1342195.0695898777	68.68982863426208	1343205.4279256943	41.55603504180908	1334744.1146835275	49.853951930999756	1343359.485225898	70.19782066345215	1343723.6922023625	63.36903405189514	1342874.5052053486	48.01029348373413	1342625.7250987878	51.91972875595093	1342942.3516725015	50.65914344787598	1341311.5730809518	
41.29831314086914	1343064.9156913434	67.982914686203	1342190.9755463803	68.71766018867493	1343202.5937311482	41.576048851013184	1334703.1284693133	49.86698937416077	1343360.370952947	70.22444558143616	1343757.4708839962	63.397090911865234	1342866.2642636853	48.02602767944336	1342587.1487307304	51.94692826271057	1343495.3843425114	50.672152280807495	1341311.7034860312	
41.31182527542114	1343050.484847869	68.02293729782104	1342121.9342652694	68.7459945678711	1343227.9277058502	41.59581422805786	1334667.807040306	49.88051509857178	1343362.0959476768	70.25020837783813	1343755.5964963557	63.43604826927185	1342864.6293636623	48.04119801521301	1342613.1087813107	51.969664096832275	1343488.2962993314	50.68765687942505	1341306.0205014343	
41.326332330703735	1343032.985800303	68.06147480010986	1342185.9950008937	68.77164626121521	1343216.3342453837	41.614824533462524	1334690.5698560087	49.894023180007935	1343363.8635684177	70.27672910690308	1343669.4851232006	63.45983958244324	1343075.1255556643	48.05570387840271	1342617.9395268569	51.99330997467041	1343471.497783873	50.700666189193726	1341306.703117906	
41.33985137939453	1343007.647390897	68.09794998168945	1342176.7552245788	68.80197620391846	1343172.87786158	41.63435387611389	1334659.8124153882	49.90906596183777	1343421.034754098	70.30024266242981	1343662.4251052008	63.48656725883484	1343076.3757201983	48.06874370574951	1342619.274712598	52.01769423484802	1343471.480480701	50.715171575546265	1341330.3131020572	
41.35436153411865	1343021.731583733	68.13970685005188	1342191.1914972384	68.82855439186096	1343173.826227017	41.65237092971802	1334607.332297596	49.92409539222717	1343404.726641839	70.32477927207947	1343650.242451868	63.516112089157104	1343076.6853864335	48.08275318145752	1342613.8370174172	52.042086124420166	1343486.3013202467	50.72968935966492	1341313.9474238725	
41.37087941169739	1343044.1546189117	68.17373490333557	1342242.0293649463	68.85870790481567	1343040.5150192508	41.67338442802429	1334700.971724422	49.93760633468628	1343181.8632786793	70.35131454467773	1343571.6194591275	63.541863441467285	1343078.6595174512	48.09625720977783	1342626.4372398506	52.06668782234192	1343483.8614976602	50.74288606643677	1341299.3120989667	
41.393532276153564	1343036.039773794	68.20951700210571	1342251.591059146	68.88707137107849	1342995.4024802214	41.6924045085907	1335010.2017470752	49.95263385772705	1343211.4902066144	70.37713479995728	1343639.1110529047	63.564810276031494	1342849.445302238	48.110020875930786	1342604.970413464	52.09178638458252	1343483.6178917089	50.75639009475708	1341488.2540226069	
41.40804314613342	1343032.5800912748	68.24807667732239	1342254.6868069514	68.91812801361084	1343001.9139842184	41.7122118473053	1334937.3014833545	49.96795034408569	1343246.9287011237	70.4009177684784	1343650.4266628283	63.58662796020508	1342858.3771646207	48.123159408569336	1342558.4942630196	52.11831307411194	1343473.87179058	50.76989984512329	1342467.0002021496	
41.42405962944031	1343207.1307875253	68.29313397407532	1342238.6734835813	68.94987297058105	1342997.9715388545	41.73022150993347	1335004.378568861	49.98004412651062	1343244.114149118	70.4344551563263	1343679.3210393328	63.610281229019165	1342839.9273448053	48.13684821128845	1342588.82195211	52.15186142921448	1343472.3002657262	50.784013748168945	1342474.6901052645	
41.438072681427	1343234.169777429	68.32789134979248	1342254.6820985489	68.98138451576233	1343004.9617743413	41.75000071525574	1335993.9796985856	49.99375128746033	1343217.8558894726	70.46723055839539	1343628.3137834992	63.63322925567627	1342850.42367183	48.15057063102722	1342591.789021042	52.17737936973572	1343481.607790292	50.796518325805664	1342472.2580312348	
41.452831983566284	1343275.4982969828	68.36892580986023	1342272.031280953	69.00992846488953	1343007.2473885485	41.769010066986084	1336002.620322683	50.00770950317383	1343219.8131199735	70.49174427986145	1343741.098380648	63.65700387954712	1342839.9972222259	48.16607666015625	1342596.1912464933	52.199397563934326	1343498.768509452	50.81252717971802	1342458.9675748986	
41.46794891357422	1343267.3038848045	68.41047215461731	1342287.5173404152	69.03907179832458	1343002.7905422633	41.78602051734924	1335704.1294496767	50.022239446640015	1343197.5009012353	70.51624774932861	1343726.6693374733	63.68553304672241	1342812.1468577562	48.18008542060852	1342620.6143795764	52.222169160842896	1343501.7232623105	50.82603096961975	1342774.8282456452	
41.48033618927002	1343275.1385199325	68.4460039138794	1342292.9970231622	69.06998801231384	1342996.3299455533	41.80554151535034	1335703.6006000408	50.035762786865234	1343462.0876985453	70.54086828231812	1343721.641870037	63.710554122924805	1342812.147725516	48.19552516937256	1342613.2595424626	52.245481729507446	1343498.6002927027	50.840038537979126	1342454.3525607504	
41.49484324455261	1343282.2694637263	68.49102902412415	1342189.6985778052	69.09700727462769	1342965.3810259837	41.826059341430664	1334497.9347983338	50.047735929489136	1343475.7050638425	70.56842875480652	1343713.9984698952	63.73939871788025	1342832.5690905245	48.207927942276	1342894.0400517597	52.26883578300476	1343501.8939211876	50.8545446395874	1342420.32471826	
41.509416580200195	1343291.4483354222	68.52857184410095	1342122.2071542086	69.12414360046387	1342974.433364259	41.8420729637146	1334497.9950552464	50.06276798248291	1343465.2827890632	70.59524345397949	1343775.2804604468	63.76354217529297	1342850.2240576267	48.22265386581421	1342895.3522428523	52.292699337005615	1343492.356632163	50.869564056396484	1342441.8064025077	
41.524922609329224	1343285.4382092424	68.56611657142639	1342131.6320275206	69.15264964103699	1342973.3552644388	41.85957956314087	1334516.2332465549	50.076271533966064	1343479.5705462084	70.62140130996704	1343661.1902465257	63.784555196762085	1342855.950085742	48.236663818359375	1342901.4121527297	52.31821894645691	1343462.9873764946	50.88222360610962	1342457.0880876468	
41.538928508758545	1343285.603407639	68.60090041160583	1342134.2290766046	69.17782783508301	1342966.1852273257	41.87959861755371	1334508.4197050363	50.09031558036804	1343493.071630433	70.64699530601501	1343658.8984817402	63.810587882995605	1342939.9582254332	48.251299142837524	1342900.893410188	52.34223246574402	1343321.671237638	50.89672803878784	1342455.8055096748	
41.55343270301819	1343272.9322572192	68.64046907424927	1342151.7089651967	69.20649194717407	1342974.7195600749	41.89730739593506	1334515.672240716	50.10401964187622	1343501.9570476469	70.67100358009338	1343797.064639528	63.835728883743286	1342950.7958048487	48.26448202133179	1342897.6985446324	52.36675524711609	1343321.379118011	50.922338008880615	1342464.1286115905	
41.56644344329834	1343304.7967424712	68.67452144622803	1342184.649851959	69.23734283447266	1343032.3424378291	41.9165415763855	1334515.7683131706	50.119040966033936	1343495.4664958739	70.69602656364441	1343805.8396219846	63.860944509506226	1342956.0343507098	48.27987217903137	1342515.1065438509	52.391295433044434	1342855.9345547538	50.93992495536804	1342466.8443842076	
41.58113145828247	1343597.2125226797	68.73317837715149	1342188.237178019	69.26564884185791	1343026.1961282745	41.93406081199646	1334497.5213905335	50.13256216049194	1343748.9177233574	70.72475218772888	1343807.011248229	63.88365602493286	1342960.1360428582	48.29337787628174	1342516.3503396998	52.41733956336975	1343344.315765406	50.96305799484253	1342452.0723449755	
41.594313621520996	1343339.5166414431	68.7700788974762	1342183.318765892	69.29467916488647	1343030.7656656078	41.95039510726929	1334427.7152613173	50.14506983757019	1343748.260951112	70.7475118637085	1343811.8296645489	63.91007709503174	1342963.4563462206	48.30762577056885	1342542.6389836217	52.44036555290222	1343296.9401480886	50.98160910606384	1342441.8132093982	
41.61532783508301	1343328.395601845	68.80925273895264	1342150.0583714822	69.32237267494202	1343031.7554234327	41.96740698814392	1334491.3086718437	50.16097640991211	1343743.6764691423	70.77252388000488	1343801.9050610305	63.945013999938965	1342950.5591721376	48.32163763046265	1342717.9710756734	52.46788954734802	1343299.5870539104	50.994550943374634	1342464.4578844844	
41.64016890525818	1343276.5947357188	68.8487777709961	1342005.6821330693	69.35713028907776	1343028.437743765	41.98441815376282	1334516.111991432	50.17348599433899	1343756.8206562644	70.79882788658142	1343805.4712009009	63.97353649139404	1342955.4368882787	48.33575963973999	1342882.2703828048	52.490800619125366	1343269.484216882	51.00857186317444	1342471.1582526152	
41.66279649734497	1343268.6663460047	68.89080381393433	1342009.6083659877	69.38934206962585	1343046.1440089897	42.002434968948364	1334516.505130285	50.187994956970215	1343557.173410908	70.82574200630188	1343665.8367050814	64.00155210494995	1342958.6510657035	48.3519389629364	1342909.5727571473	52.51577544212341	1343274.5803619076	51.02258110046387	1342844.6072226982	
41.68299102783203	1343274.1130763313	68.9280788898468	1342011.2165673831	69.41650009155273	1343046.438847062	42.02295541763306	1334517.8071254655	50.20174312591553	1343599.1862050015	70.8496470451355	1343683.0174658122	64.02495050430298	1342958.7936565944	48.36807084083557	1342876.0820837237	52.53840708732605	1343286.5315041998	51.03809905052185	1342843.2327832847	
41.70800495147705	1343277.8338677755	68.96261501312256	1342034.314003454	69.44751262664795	1342963.6885709285	42.04097127914429	1334999.69642946	50.21576404571533	1344027.67603235	70.87366127967834	1343705.012126815	64.05983424186707	1342959.933630084	48.384092569351196	1342669.3764836565	52.56241512298584	1343287.2682385712	51.05210852622986	1342843.6308149286	
41.73252630233765	1343277.9011072644	68.99952411651611	1342046.8533574378	69.4748044013977	1342895.4447368314	42.06098222732544	1335027.3418910217	50.22978901863098	1344030.3095373455	70.89768505096436	1343735.4430645397	64.08735418319702	1342868.9351460442	48.398892879486084	1342673.6279062724	52.585941553115845	1343287.156221113	51.06561326980591	1342958.8807228492	
41.75904583930969	1343274.4818811927	69.04005527496338	1342051.4121834466	69.50203132629395	1342896.854888991	42.0815052986145	1335227.8281902368	50.245301485061646	1343714.65436567	70.92635440826416	1343746.1860690732	64.11139559745789	1342867.5693250196	48.416022300720215	1342255.4086428108	52.61324071884155	1343293.7206402167	51.07961988449097	1342972.7091139765	
41.78406810760498	1343294.5618381593	69.07707715034485	1342064.8485181257	69.52961206436157	1342905.1594030403	42.09969234466553	1335225.6070924548	50.257808446884155	1343507.5678221942	70.95587730407715	1343750.9071930007	64.13845252990723	1342864.1928543802	48.43048334121704	1342334.7676746366	52.64277386665344	1343305.085040216	51.09389877319336	1342971.784126643	
41.81491303443909	1343309.3454021774	69.11531209945679	1342073.6617468144	69.55713224411011	1342895.659080195	42.11871075630188	1335225.5558069344	50.2718288898468	1343522.820304326	70.98340678215027	1343744.4854319734	64.16147971153259	1342793.93521391	48.444987058639526	1342267.0778958248	52.67229437828064	1343314.7306634325	51.11044669151306	1342953.9798701366	
41.84243583679199	1343447.200351189	69.15284776687622	1342069.2036199335	69.58639025688171	1343184.2062975515	42.13623833656311	1335213.8471550867	50.286338567733765	1343962.8820403789	71.00743699073792	1343834.6404010297	64.18500900268555	1342832.819248716	48.460644245147705	1342281.2988711258	52.698830127716064	1343306.1040069829	51.1279559135437	1342953.4616510791	
41.86469864845276	1343447.444233629	69.18590641021729	1342066.0314606538	69.62085938453674	1343174.925564688	42.155304193496704	1335184.6753605444	50.301372051239014	1343876.947700861	71.03245663642883	1343837.9073232224	64.20841765403748	1343094.3114180577	48.47314953804016	1342235.1285638628	52.72709631919861	1343273.8879901997	51.14466977119446	1342953.4153896254	
41.88687825202942	1343648.0573549734	69.21747159957886	1342067.6488672057	69.66684913635254	1343154.9201522379	42.1733181476593	1335170.4761403566	50.31742072105408	1343865.484526102	71.06050062179565	1343795.8335201489	64.23634004592896	1343086.157238991	48.48765420913696	1342232.9474646607	52.75511145591736	1343276.904260108	51.167473554611206	1342711.4760859592	
41.90894293785095	1343513.4405640566	69.2580668926239	1342082.9571123263	69.696622133255	1343145.777574504	42.19133162498474	1335409.010569493	50.33103060722351	1343860.8873009551	71.08552289009094	1343772.9372381503	64.25946187973022	1343100.3363323389	48.50267171859741	1342250.834050291	52.784262895584106	1343272.4159574648	51.188058376312256	1342689.6640235914	
41.93195199966431	1343511.7122448154	69.29609441757202	1342086.846738977	69.72243022918701	1343150.719064377	42.209842681884766	1335411.0344124038	50.34453892707825	1343856.130535096	71.11206078529358	1343784.54378901	64.28064155578613	1343089.3138746035	48.514986991882324	1342244.585334902	52.81315088272095	1343295.8644023307	51.21257948875427	1342731.1446977064	
41.963473081588745	1343527.984226185	69.33833956718445	1342083.5700389836	69.75173878669739	1343187.3557637597	42.22835636138916	1335436.6526127507	50.35881233215332	1343727.4453309872	71.1372332572937	1343854.1155688975	64.3073832988739	1343102.21872292	48.529000759124756	1342529.4364814134	52.841087341308594	1343259.4652781042	51.22887372970581	1342559.4518210609	
41.993664264678955	1343538.3853403826	69.38609433174133	1342090.7502439397	69.77882957458496	1343212.5491128126	42.24737739562988	1335369.1068657627	50.37385678291321	1343735.0247704254	71.16195607185364	1343864.843128196	64.3354344367981	1343120.918310999	48.54516673088074	1342520.0709149211	52.872422218322754	1343303.1564568852	51.246882915496826	1342529.458168375	
42.019784927368164	1343247.9692758373	69.42313742637634	1342095.357245942	69.80335450172424	1343201.9214565188	42.26503586769104	1335381.715595901	50.387364625930786	1343765.1109340105	71.19297504425049	1343893.8720338275	64.36063122749329	1343119.9957437841	48.55982708930969	1342542.227552716	52.89714479446411	1343323.9672957503	51.26254463195801	1342542.1277824033	
42.040793657302856	1343238.598896492	69.46015620231628	1342095.487949615	69.82969832420349	1343207.1938204004	42.28500318527222	1335534.830225739	50.4019775390625	1343781.0587062228	71.21550416946411	1343910.7483491087	64.3861448764801	1342813.7961602218	48.573330879211426	1342544.726418902	52.92416000366211	1343332.4734012533	51.27763891220093	1342536.6633392207	
42.06395673751831	1343253.1958065694	69.49919438362122	1342615.3249590348	69.85122776031494	1343207.8713442322	42.304709911346436	1335536.0265098207	50.41505789756775	1343775.6442379663	71.2429850101471	1343863.480530634	64.40715456008911	1342787.846063224	48.58883738517761	1342764.0916541514	52.95420789718628	1343335.0006076312	51.305628538131714	1342208.5443163023	
42.08718013763428	1343259.6057285147	69.5385730266571	1342621.777782916	69.87977385520935	1343199.0049266824	42.326231956481934	1335541.523484827	50.429266691207886	1343686.3713153966	71.26819348335266	1343827.404112504	64.43055438995361	1342790.5609518785	48.60303068161011	1342762.218911498	52.97922134399414	1343348.7321120938	51.332847356796265	1342207.2309337656	
42.11380338668823	1343230.7331736123	69.57961225509644	1342612.4490807434	69.9021806716919	1343216.064213625	42.34431028366089	1335551.2652331772	50.44478130340576	1343697.6085564173	71.29339861869812	1343816.5254889007	64.45714569091797	1342785.637718999	48.61778211593628	1342759.5905747435	53.0082151889801	1343356.7588255906	51.35886311531067	1342058.6680261057	
42.13932824134827	1343234.515263239	69.62466263771057	1342603.0341234612	69.92870378494263	1342846.1391621458	42.364824295043945	1335572.3234947205	50.46180486679077	1343695.8518634536	71.31848692893982	1343813.7937745985	64.48015785217285	1342786.9546300697	48.63185167312622	1342886.9039062073	53.033750772476196	1343361.7147970672	51.382439851760864	1342089.7623267358	
42.16134309768677	1343235.0736314913	69.67019844055176	1342581.0549576601	69.95371460914612	1342861.7864838124	42.382842779159546	1335566.9865378016	50.47731351852417	1343736.08137133	71.34873342514038	1343828.9667731351	64.49557399749756	1342826.9674291685	48.64635634422302	1342922.8465217086	53.05996918678284	1343369.5373569108	51.4058358669281	1342080.9102720642	
42.18816161155701	1343275.584950018	69.70323348045349	1342592.9121708812	69.97572660446167	1342891.0293014261	42.40379524230957	1334843.742060788	50.490331411361694	1343737.6558894198	71.37375807762146	1343884.6014954818	64.50972580909729	1342862.0466770164	48.660367250442505	1343009.671592537	53.08517503738403	1343372.3696639035	51.42784786224365	1342083.1281668863	
42.21587061882019	1343281.06250647	69.7478404045105	1342566.2749489024	70.00177240371704	1342880.9532321743	42.42435073852539	1334853.5682138698	50.505351543426514	1343742.6317363672	71.39945030212402	1343878.3441044108	64.52450847625732	1343329.1794517199	48.675875663757324	1343031.274104985	53.10935640335083	1343342.0653658544	51.45017623901367	1342087.7567161275	
42.24539661407471	1343274.3253684829	69.79211235046387	1342544.6243238312	70.0267961025238	1342772.286272208	42.439757108688354	1334722.1926190462	50.519371032714844	1343746.4957597675	71.42787432670593	1343899.0459396946	64.53810024261475	1342830.139212937	48.68889117240906	1343088.3173856335	53.13325309753418	1343345.2244052638	51.47469353675842	1342101.0296664534	
42.268049478530884	1343266.0520633336	69.82690620422363	1342675.9888730869	70.05384349822998	1342713.1323193517	42.454774141311646	1334683.6119923384	50.53288745880127	1343749.2716389354	71.45304298400879	1343888.3047257364	64.55350303649902	1342861.5448979242	48.70326590538025	1343131.2924698573	53.16578960418701	1342877.3763025338	51.50179624557495	1342063.758499619	
42.29023575782776	1343277.9558237733	69.85894393920898	1342135.8829128465	70.08281588554382	1342724.0947792262	42.469290018081665	1334722.3874234823	50.54739451408386	1343742.578089169	71.47771000862122	1343845.588626158	64.56751585006714	1342875.6287061323	48.719513177871704	1343150.7213746058	53.192322969436646	1342876.5624373704	51.53302884101868	1341935.3737008076	
42.3145432472229	1343252.3671604788	69.89399409294128	1342129.0344833892	70.10737347602844	1342726.281224051	42.486058712005615	1334724.6375143246	50.561638832092285	1343559.940701107	71.50473308563232	1343839.3321313877	64.58102130889893	1342876.119887009	48.73179578781128	1343160.5597414586	53.215696811676025	1342872.9266039145	51.55396771430969	1341956.1059199667	
42.3366265296936	1343456.94226633	69.9265387058258	1342150.343112302	70.1294777393341	1342724.6850039475	42.49957060813904	1334718.929569814	50.57671022415161	1343554.821048422	71.52726149559021	1343815.1143247238	64.59562706947327	1342877.3388112069	48.74630260467529	1343125.8840735208	53.24602222442627	1342892.5605661036	51.58299469947815	1341923.237000356	
42.358152627944946	1343434.8450012251	69.95684766769409	1342124.2764490533	70.1583297252655	1342729.7649678565	42.51658272743225	1334682.0750111016	50.5924870967865	1343545.9669545093	71.55310297012329	1343780.693825831	64.61048078536987	1342886.355859497	48.75990700721741	1343115.0398098775	53.28017067909241	1342921.1089996623	51.61325645446777	1341931.9033383687	
42.3811821937561	1343436.8919218213	69.99109125137329	1342126.9848050026	70.18978691101074	1342971.4120934329	42.53159523010254	1334685.5323329207	50.60550546646118	1343552.6495488347	71.57962727546692	1343803.1122827788	64.62418746948242	1342886.2793954152	48.7754111289978	1343151.357332747	53.305912256240845	1342935.6064888767	51.63626527786255	1342087.1749504397	
42.400665044784546	1343437.8708546946	70.03088140487671	1342146.7747553908	70.21572375297546	1342954.5135133634	42.54671239852905	1334692.530295353	50.620529890060425	1343562.4083561865	71.604651927948	1343588.863126078	64.63986539840698	1342894.6012863803	48.7905809879303	1343143.926363409	53.33745813369751	1342940.6864097386	51.66128849983215	1342090.3164052162	
42.42467451095581	1343435.7276492654	70.06420946121216	1342152.4377254539	70.2402503490448	1342970.4947928733	42.562498807907104	1334665.9508808276	50.635040283203125	1343565.4525544303	71.63066864013672	1343616.608458079	64.65357613563538	1342869.9030429274	48.80456471443176	1343142.0603739677	53.361650705337524	1342936.413663202	51.686296463012695	1342078.6950176393	
42.45534920692444	1343426.838315054	70.1134283542633	1342176.1427341236	70.27200102806091	1343387.432602766	42.57601308822632	1334661.9813977743	50.647552251815796	1343565.5116211597	71.66047382354736	1343612.5974033133	64.66759181022644	1342874.3209818895	48.81883192062378	1343126.9676218922	53.388187646865845	1342958.812356523	51.708128213882446	1342081.147912696	
42.47687745094299	1343449.3452113816	70.1550145149231	1342069.6450920498	70.3017225265503	1343288.5161722181	42.589519023895264	1334682.6578122345	50.66411781311035	1343549.877837507	71.68649077415466	1343338.2909990405	64.68109583854675	1342867.5541440444	48.83528399467468	1343101.567740038	53.416505098342896	1342955.5795873413	51.733816146850586	1342079.2500570377	
42.493895053863525	1343483.408995832	70.19613575935364	1342076.018349056	70.32907056808472	1343286.7412138903	42.60553503036499	1334683.0278543727	50.680137157440186	1343560.2554677147	71.71150183677673	1343336.5729293246	64.6961042881012	1342860.560827822	48.85084843635559	1343052.2665515381	53.44561266899109	1342931.1036913998	51.7635178565979	1342085.4544925403	
42.51027703285217	1343484.9067597878	70.23221325874329	1342067.524549402	70.35481023788452	1343335.2170852777	42.62107229232788	1334722.6275952384	50.692646503448486	1343563.0122594952	71.73914384841919	1343349.6786106362	64.71912097930908	1342858.0952007242	48.869802474975586	1343061.1652568	53.47704482078552	1342940.5552950108	51.78845715522766	1342127.673120277	
42.52928686141968	1343489.3232503277	70.26524639129639	1342053.7143695136	70.38335013389587	1343333.2807181568	42.6356258392334	1334637.6480888464	50.706507444381714	1343536.3340286983	71.76315140724182	1343351.0379664956	64.74312996864319	1342850.0825327265	48.8888144493103	1343062.1895142205	53.50508403778076	1342957.4710425807	51.81212544441223	1342141.447417692	
42.55030155181885	1343496.5068749324	70.30078196525574	1342052.6733111504	70.41137480735779	1343337.165057527	42.65364980697632	1334713.9841172842	50.72208118438721	1343518.3159295982	71.78875970840454	1343374.1799314157	64.76433849334717	1342875.0999824787	48.90632104873657	1343028.541535308	53.529114723205566	1342970.8428500006	51.83518624305725	1342129.405809993	
42.56731367111206	1343523.1545325224	70.33424973487854	1342051.1746450837	70.43597555160522	1343015.8759338192	42.67016267776489	1334706.81103723	50.73628807067871	1343527.8426866515	71.81627583503723	1343372.1124928666	64.78634643554688	1342872.7805940574	48.92433047294617	1343028.340128235	53.55664086341858	1342969.7007660228	51.857768058776855	1342135.3933259663	
42.584611892700195	1343514.8327379874	70.37227129936218	1342031.7338197022	70.46105623245239	1343024.9096145716	42.685744524002075	1334683.4062403352	50.74980449676514	1343540.8279499786	71.84590578079224	1343355.7596178045	64.81135630607605	1342887.162350892	48.947508811950684	1343016.3192942552	53.58166003227234	1342966.5110822644	51.87821292877197	1342141.5493458344	
42.60336661338806	1343501.0698602898	70.40754842758179	1342034.6514152389	70.48817300796509	1343022.4613005295	42.70340061187744	1334623.1427837538	50.76413416862488	1343549.368807213	71.87342500686646	1343397.2312612878	64.83814668655396	1342905.313507641	48.9610550403595	1342999.48234445	53.60880923271179	1342988.8658585702	51.896814823150635	1342144.7387154717	
42.621384382247925	1343508.0595721488	70.4470362663269	1342356.1178888506	70.51808953285217	1343224.3073529394	42.7189085483551	1334639.5862275846	50.77931261062622	1343548.9351821642	71.90212297439575	1343394.8058712366	64.86094784736633	1342910.2968661282	48.97655963897705	1343008.2865628398	53.63666534423828	1343007.2314234427	51.912269115448	1342137.970608293	
42.63789248466492	1343517.4709022427	70.48205900192261	1342364.2684029425	70.54533624649048	1343218.5631708582	42.73345494270325	1334639.7143863942	50.79378366470337	1343542.8805504686	71.92789959907532	1343586.9738951363	64.88658428192139	1342905.5547738047	48.99257206916809	1343014.1477868252	53.66361117362976	1342971.9617288616	51.92625713348389	1342142.171313009	
42.655980825424194	1343541.6650203383	70.52074313163757	1342378.5493888038	70.57086205482483	1343220.4093004426	42.74796938896179	1334613.494578455	50.80680274963379	1343511.1526865105	71.9519100189209	1343596.583164862	64.90560507774353	1342880.649338278	49.0153329372406	1343016.946608786	53.68928337097168	1342987.985403211	51.94071173667908	1342165.3657799757	
42.67268204689026	1343531.5084047765	70.56070065498352	1342474.133994754	70.60303068161011	1343227.2620661638	42.763126850128174	1334626.1778621022	50.82082915306091	1343513.4249016414	71.97743320465088	1343569.2389376007	64.92861366271973	1342893.967370611	49.0426504611969	1343038.7753141136	53.710798025131226	1342968.755648059	51.956276655197144	1342178.2568381322	
42.69169592857361	1343524.4634004007	70.61403369903564	1342486.9773855994	70.63112258911133	1343233.5028903014	42.77963399887085	1334585.0699555285	50.83496379852295	1343515.5869672913	71.99995684623718	1343561.0240154348	64.95686054229736	1342864.3463345042	49.07031464576721	1343055.8450259252	53.73714208602905	1343013.8540354085	51.97479176521301	1342179.9474527468	
42.708202838897705	1343527.0105102495	70.65509176254272	1342095.0850373872	70.66431188583374	1343225.2603293872	42.795655250549316	1334595.0556298818	50.849987506866455	1343521.3627116068	72.02448415756226	1343562.5278319272	64.97928524017334	1342870.3673044033	49.095053911209106	1343082.8826496224	53.773345947265625	1342995.1460747118	51.990774631500244	1342173.7289034852	
42.72722029685974	1343526.1371603338	70.69014692306519	1342134.3233768924	70.68833708763123	1343226.7862435742	42.81118130683899	1334659.2017111557	50.86649775505066	1343761.2901402367	72.05039620399475	1343592.9311475921	65.00129508972168	1342861.857662462	49.12056922912598	1343083.7987269235	53.80053520202637	1342983.0664775237	52.00428581237793	1342178.268834531	
42.745237827301025	1343505.3799596166	70.72411441802979	1342638.3923935427	70.71481132507324	1342905.0346862597	42.82678031921387	1334664.92887173	50.88158559799194	1343766.7650891729	72.07882404327393	1343563.9462420947	65.02704167366028	1342876.6874379634	49.143245220184326	1343066.304975938	53.82980465888977	1342951.5399033676	52.0187931060791	1342134.5997480873	
42.76125502586365	1343564.5627459828	70.75676083564758	1343128.3290726373	70.7385642528534	1342902.2878457652	42.84179711341858	1334624.8490291436	50.89509582519531	1343708.648652621	72.10985064506531	1343381.0014041027	65.04740858078003	1342958.312031029	49.166914224624634	1342868.8148315428	53.86482644081116	1342956.2436898113	52.03237342834473	1342090.3184884184	
42.7787880897522	1343578.6636212652	70.79081273078918	1343132.0864501274	70.76516890525818	1343143.412415408	42.858437061309814	1334646.1379374166	50.90910863876343	1343697.5083824769	72.13467717170715	1343369.2456955847	65.06941986083984	1342932.7471672732	49.18943524360657	1342881.6505032796	53.89247131347656	1342970.5306817659	52.04523038864136	1342119.5366251552	
42.79657530784607	1343377.9198658143	70.81747508049011	1343122.054199548	70.7926914691925	1342954.4402980611	42.874269247055054	1334681.0673310647	50.925132751464844	1343711.1737182038	72.16271615028381	1343592.2656102136	65.09117031097412	1342919.160601267	49.21743059158325	1342844.3936560296	53.91798520088196	1342957.3608009487	52.06125283241272	1342256.6822791682	
42.81559085845947	1343302.1823643302	70.84213948249817	1343136.0592819569	70.81754851341248	1342948.9850387871	42.89093208312988	1334665.7286737466	50.939157485961914	1342925.1638784385	72.19376921653748	1343595.5698054333	65.11268424987793	1342910.380962267	49.24346303939819	1342795.7464563735	53.94549632072449	1342938.3222772412	52.076748847961426	1342289.4772414458	
42.832674980163574	1343310.1190960493	70.86749196052551	1343097.989512086	70.84387493133545	1342958.7442821362	42.90613675117493	1334649.3319949964	50.95321822166443	1342920.9184377128	72.21829175949097	1343755.9664984471	65.1356954574585	1342877.7219022585	49.26747751235962	1342425.4193690137	53.973520278930664	1342936.5478929454	52.08975553512573	1342300.7481049215	
42.851189374923706	1343316.1531135368	70.89150738716125	1342199.98512928	70.86958599090576	1342957.0006049634	42.92115545272827	1334682.6985259908	50.96761631965637	1342920.6228118315	72.2423026561737	1343788.7779966132	65.15820074081421	1342849.9843146156	49.29400444030762	1342442.0901950072	54.00142979621887	1342715.3369574845	52.10290336608887	1342313.3135038482	
42.86786413192749	1343310.7574332436	70.91489624977112	1342137.8782564646	70.89923930168152	1342925.3063424842	42.936410903930664	1334664.5179017	50.9813437461853	1343712.9168178493	72.27302026748657	1343809.6238260146	65.18371391296387	1342847.9883851963	49.319523334503174	1342432.2238674092	54.02797245979309	1342701.4695363697	52.117082834243774	1342324.985348521	
42.88287401199341	1343311.5792819618	70.93718242645264	1342140.4901790547	70.92792654037476	1342902.155806224	42.95364737510681	1334655.1719298009	50.99685311317444	1343688.325958929	72.29705476760864	1343778.4152322586	65.20872735977173	1343103.8688957712	49.34057950973511	1342430.3062059006	54.053284645080566	1342704.058866749	52.13125252723694	1342322.055377407	
42.903390645980835	1343321.5293065293	70.9621958732605	1342208.4954016733	70.95593690872192	1342752.852996416	42.97000980377197	1334740.5509009075	51.01165962219238	1343710.562567743	72.32056856155396	1343779.0151880556	65.23150992393494	1343107.2098310608	49.362886905670166	1342399.6707456291	54.08062553405762	1342684.5551938436	52.143757820129395	1342337.9670256025	
42.920547008514404	1343311.7174804797	70.98756265640259	1342246.0668852585	70.98312067985535	1342738.1707440238	42.98502779006958	1334774.7903520511	51.025169372558594	1343731.3268445483	72.34540033340454	1343804.1181765145	65.25570702552795	1343136.389332532	49.385897636413574	1342337.3131504767	54.107675552368164	1342654.1811189237	52.156874895095825	1342334.101085412	
42.94256544113159	1343300.6071174934	71.00949144363403	1342248.3326484656	71.01085186004639	1342640.1117550335	42.999534606933594	1334778.9271286498	51.040337562561035	1343751.2026154671	72.36876773834229	1343809.015643686	65.27423000335693	1343147.7514376203	49.409114599227905	1342617.7064180651	54.133689165115356	1342719.7061451375	52.17245888710022	1342322.812711252	
42.958070039749146	1343268.4250295418	71.034592628479	1342253.6039390753	71.03990125656128	1342608.9079183575	43.013551235198975	1334773.0563506985	51.05485916137695	1343771.2707778171	72.39453339576721	1343819.104855452	65.29823899269104	1343165.075707255	49.43600130081177	1342544.266918623	54.15673089027405	1342729.2346389075	52.186668395996094	1342328.7831256124	
42.976481437683105	1343306.050955008	71.05812287330627	1342296.4388275754	71.06465888023376	1342610.4470395667	43.027562856674194	1334774.962483543	51.070502519607544	1343737.1282393683	72.41954493522644	1343824.1786526535	65.32024836540222	1342888.8826992288	49.46138906478882	1342563.075391961	54.18525838851929	1342728.7020966038	52.20167851448059	1342352.8204079864	
42.995790243148804	1343349.6675344277	71.08407926559448	1342291.0063793086	71.08915877342224	1342611.4902208252	43.04257607460022	1334788.6438747076	51.08610987663269	1343892.6193785772	72.44673728942871	1343901.7164895812	65.34157204627991	1342900.864991428	49.48639965057373	1342517.2580007978	54.21165108680725	1342696.5695123095	52.216184854507446	1342285.8786895059	
43.01432013511658	1343279.8866737513	71.10709810256958	1342302.5169834048	71.11835169792175	1342630.6302925053	43.057082414627075	1334790.8335941308	51.10036373138428	1343913.5258724976	72.47342133522034	1343906.8429589844	65.36646580696106	1343034.2063251573	49.51512360572815	1342526.7253275223	54.233662843704224	1342700.8098759549	52.22968935966492	1342337.2397640105	
43.03210401535034	1343291.0501662488	71.12936758995056	1342322.2444015504	71.14460253715515	1342638.3986773046	43.07209873199463	1334792.053044953	51.11615443229675	1343720.4163049988	72.50495338439941	1344157.2087525022	65.3833155632019	1343035.132201557	49.543368339538574	1342649.2030124809	54.259140729904175	1342716.5360140062	52.24369835853577	1342348.135311249	
43.04954719543457	1343506.5070338077	71.15431594848633	1342308.2058349755	71.17393589019775	1342641.4152322083	43.087618350982666	1334740.0829183054	51.13378047943115	1343744.443632921	72.52809691429138	1344155.989579405	65.40282249450684	1343017.6861436532	49.56800413131714	1342666.084805588	54.285025119781494	1342736.159732539	52.25772452354431	1342301.6146678254	
43.06878328323364	1343506.9669471136	71.17794013023376	1342301.4807000102	71.20183992385864	1342667.6472049283	43.104294300079346	1334790.9782150346	51.14786148071289	1343823.0433604685	72.55211329460144	1344061.1171342127	65.42337560653687	1343004.2027687214	49.592527627944946	1342654.8321585848	54.31071400642395	1342740.880706021	52.271249294281006	1342299.5516842348	
43.08694386482239	1343506.0724578742	71.20250988006592	1342305.9437107067	71.22555613517761	1342650.8174065494	43.117799520492554	1334795.0868926984	51.16108560562134	1343828.2774995968	72.58215618133545	1343783.2917020298	65.44354796409607	1343003.3422977582	49.619680881500244	1342610.1385413462	54.338233947753906	1342731.3919876027	52.284754276275635	1342304.6872655256	
43.10401678085327	1343491.5359129212	71.23060035705566	1342263.6166856168	71.24966168403625	1342653.6085938418	43.13233280181885	1334802.954832168	51.17414474487305	1343830.6587401247	72.60783863067627	1343951.3752304353	65.46332025527954	1343008.7886416058	49.64110040664673	1342575.642839408	54.363752365112305	1342744.2459081819	52.2979097366333	1342283.1020865762	
43.1196448802948	1343484.2174710103	71.25812554359436	1342288.530899645	71.27306628227234	1342685.1641415872	43.14749097824097	1334885.4479719969	51.18993616104126	1343738.4597772246	72.63185906410217	1343960.8956765686	65.48082661628723	1342981.7705941314	49.66417050361633	1342588.1295375759	54.39097714424133	1342743.6554169445	52.311919927597046	1342300.016409107	
43.13815236091614	1343484.6325376385	71.27966022491455	1342292.5851693533	71.29715418815613	1342670.639987575	43.163503646850586	1334849.6767066934	51.203954458236694	1343699.2568258573	72.65916967391968	1343960.6577408838	65.50034403800964	1342996.9336518222	49.68818211555481	1342581.510739743	54.41510605812073	1342746.0793547835	52.32707118988037	1342327.7807127044	
43.158161878585815	1343456.0017012248	71.30718755722046	1342288.277184113	71.32066583633423	1342675.2676201258	43.17800974845886	1334888.109920981	51.21927738189697	1343563.0347125796	72.68475532531738	1343968.848019912	65.52091193199158	1343003.465776185	49.71270728111267	1342584.1938838891	54.44245529174805	1342736.1723116185	52.34053587913513	1342334.9754417476	
43.17792010307312	1343544.0836360324	71.32915759086609	1342304.924315249	71.34754800796509	1342671.804762531	43.19502806663513	1334877.5784219839	51.23464798927307	1343564.2308979672	72.71089935302734	1344000.565975585	65.53793716430664	1343038.8183151202	49.73768615722656	1342598.1615927068	54.46598267555237	1342713.9276230724	52.354594469070435	1341960.1311238464	
43.19367957115173	1343538.7522378904	71.35219216346741	1342277.2526543615	71.37256050109863	1342682.0451053977	43.208534240722656	1334874.69424783	51.25247836112976	1343137.7172894964	72.73557090759277	1344025.3083016633	65.55320477485657	1343040.4155796655	49.76087689399719	1342574.1995800813	54.49595069885254	1342690.0161485912	52.36849570274353	1342273.253567277	
43.21069598197937	1343574.033955849	71.37357187271118	1342278.707761273	71.4036853313446	1342668.458171658	43.222103118896484	1334875.445750371	51.26640486717224	1343057.610535875	72.75657939910889	1344025.3936173078	65.56855964660645	1343042.320435002	49.78488731384277	1342577.4841846407	54.52098369598389	1342724.451285766	52.38236951828003	1342343.376439791	
43.228702783584595	1343583.492537567	71.40102887153625	1342288.9268283073	71.43283534049988	1342659.8099597576	43.23760938644409	1334901.0106225421	51.28080201148987	1343066.7273960514	72.78359866142273	1344013.939295212	65.58463048934937	1343021.192027851	49.80782437324524	1342580.8687552481	54.55248761177063	1342737.134115849	52.39502191543579	1342348.2115581918	
43.24721670150757	1343492.4723675144	71.42355465888977	1342288.3774222857	71.45555329322815	1342648.874128674	43.251625537872314	1334917.836688164	51.295328855514526	1343051.488984835	72.8081259727478	1344041.0910512558	65.59975624084473	1343029.4529466904	49.8320791721344	1342569.563839678	54.57782745361328	1342741.472431021	52.41045665740967	1342355.8543223238	
43.264612674713135	1343544.538747263	71.45238447189331	1342291.1718167174	71.48011612892151	1342628.0377445251	43.26713562011719	1334930.1198853452	51.30969429016113	1343054.6442590384	72.83314180374146	1344035.0042320853	65.6139543056488	1343042.4300469293	49.858088970184326	1342575.6477437608	54.6111524105072	1342750.2054363303	52.42466974258423	1342351.316041459	
43.282400608062744	1343555.3115876692	71.47640466690063	1342268.1305800197	71.5052170753479	1342642.8399671793	43.28114104270935	1334832.3808017778	51.324291944503784	1343040.6771115712	72.85994100570679	1344019.565418604	65.629554271698	1343038.1599838838	49.88660669326782	1342582.7217041112	54.63986396789551	1343043.0025411714	52.440770387649536	1342413.193114448	
43.30305886268616	1343384.507584515	71.50241255760193	1342236.58334626	71.52968549728394	1342873.8548322245	43.295894384384155	1334836.9462337834	51.338807344436646	1343021.5326407796	72.88675332069397	1344042.1756182518	65.64708924293518	1343051.8403432185	49.91234278678894	1342498.8640362748	54.6724374294281	1342831.4508015586	52.454106092453	1342374.0482113601	
43.321072578430176	1343381.5834886474	71.52561593055725	1342609.3049742286	71.55511093139648	1342873.2562052493	43.31290531158447	1334806.4246296608	51.35231947898865	1343045.8524181738	72.9115219116211	1344029.9869364323	65.66125965118408	1343052.9530116369	49.93512010574341	1342503.0993306022	54.699761390686035	1342903.2945611577	52.46652436256409	1342042.1925025014	
43.338714599609375	1343385.2595393371	71.55200362205505	1342613.7194446444	71.5816330909729	1342859.8207635363	43.32793140411377	1334792.4736445858	51.36583209037781	1343048.309183481	72.93519401550293	1343999.854158919	65.67650103569031	1343064.8658892915	49.95895862579346	1342599.8382043245	54.72829508781433	1342868.870487225	52.479734659194946	1342055.6238090259	
43.357227087020874	1343384.6288665622	71.57573890686035	1342618.302809003	71.60515832901001	1343040.8537047533	43.34394550323486	1334796.011960946	51.37985157966614	1343049.471934574	72.96121001243591	1343940.9216652454	65.69100522994995	1343038.2513433194	49.98915672302246	1342730.8962649202	54.75532245635986	1342879.1691435874	52.49274969100952	1342051.9328484714	
43.37574887275696	1343388.3915560085	71.60327982902527	1342575.337285365	71.635662317276	1343032.2660665186	43.35716795921326	1334712.0235171595	51.39372658729553	1343060.0167674462	72.99124026298523	1344016.046562244	65.70601773262024	1343068.7975477383	50.014543294906616	1342760.5605670118	54.783663511276245	1342829.648614228	52.50758075714111	1342021.5082581972	
43.39598631858826	1343376.0607212286	71.62589716911316	1342574.7711406653	71.66081547737122	1343250.859005812	43.372281312942505	1334673.2041043863	51.40875315666199	1343059.750073535	73.01535272598267	1344007.3066007672	65.7215223312378	1343321.1542390115	50.03931140899658	1342769.3077949542	54.81198191642761	1342844.886459742	52.521591663360596	1342298.6891250953	
43.41203045845032	1343393.3572059986	71.64790678024292	1342572.196230075	71.68381094932556	1343263.7530944843	43.38878536224365	1334661.1545329061	51.42400145530701	1343027.571485386	73.04788947105408	1343195.7409736204	65.73721265792847	1343124.4332586168	50.062124729156494	1342761.7735359005	54.83732318878174	1342860.635955667	52.53590178489685	1342286.4702882718	
43.43104147911072	1343402.5643585029	71.66791868209839	1342556.381254359	71.70583772659302	1343146.751466525	43.4038028717041	1335404.7533351239	51.43751525878906	1343033.8223127776	73.07497572898865	1343225.0691272598	65.75246143341064	1343120.214612224	50.08779716491699	1342762.9798302168	54.86633801460266	1342830.770432334	52.54961109161377	1342286.1288807413	
43.452324628829956	1343434.761650779	71.68993353843689	1342575.1417760008	71.7335057258606	1343147.3389144547	43.4208083152771	1335445.4630594347	51.45153737068176	1343032.4269817763	73.09924745559692	1343229.1114495834	65.76648879051208	1343122.501769642	50.11726784706116	1342761.627592983	54.8928120136261	1342824.2424990113	52.56366562843323	1342284.9250532407	
43.47193717956543	1343460.5723282758	71.71446704864502	1342569.2633731507	71.75552439689636	1343425.9440853174	43.43731498718262	1335412.94369607	51.46505165100098	1343015.9040269929	73.12280750274658	1343229.4122924	65.78248691558838	1343101.9287797322	50.14570212364197	1342761.774707413	54.928250551223755	1342853.7079637041	52.58060646057129	1342288.2829349965	
43.4899537563324	1343474.4860936005	71.74275183677673	1342559.5434039598	71.78205871582031	1343426.2819335563	43.45132541656494	1335285.7979098612	51.48008489608765	1342974.6002483366	73.14804720878601	1343229.603613568	65.79691004753113	1343104.83411107	50.17218780517578	1342760.8376207578	54.95544099807739	1342841.0734777674	52.597426652908325	1342276.773942585	
43.50996136665344	1343464.7463777422	71.76676225662231	1342552.400630484	71.80910730361938	1343495.015663379	43.46583104133606	1334784.6026410449	51.493605852127075	1342974.0891295755	73.1697051525116	1343228.7845995	65.81291103363037	1343128.8839331442	50.19820261001587	1342855.2055360193	54.97947573661804	1342882.6363174727	52.61360502243042	1342277.5730011326	
43.52646994590759	1343464.8171309873	71.79085874557495	1342400.411116114	71.83383417129517	1343494.2458181458	43.48083686828613	1334778.961140911	51.50762152671814	1342955.3596310169	73.19873857498169	1344215.8539755002	65.82761096954346	1343103.6611236518	50.22375512123108	1342871.2485616843	55.00518774986267	1342888.0341576461	52.63042426109314	1342259.714959224	
43.545106410980225	1343452.6867804595	71.81628489494324	1342205.0459766912	71.85836672782898	1343590.0285709975	43.49671912193298	1334779.4239494163	51.521644830703735	1343034.9690281176	73.22825455665588	1344210.9406287475	65.84102940559387	1343102.3118038108	50.25369954109192	1342994.081064858	55.0308141708374	1342861.2801443485	52.64685082435608	1342242.995857809	
43.56212520599365	1343441.6089091124	71.84129452705383	1342112.705187966	71.88667035102844	1343576.2607310999	43.51173663139343	1334629.7005157315	51.53515577316284	1343044.4816341107	73.25759220123291	1344208.7971043685	65.85581159591675	1343081.5409878788	50.27771067619324	1342998.226192455	55.064226388931274	1342861.4266024658	52.66393971443176	1342251.3776680138	
43.5771369934082	1343431.7321501567	71.86746668815613	1342096.1449970645	71.90947389602661	1343567.2102860154	43.525808811187744	1334585.8522535765	51.549168825149536	1343048.9826751405	73.28377747535706	1344210.7924253896	65.86983680725098	1343088.9362552667	50.30374073982239	1344087.9227286007	55.08805060386658	1342856.194344002	52.67911410331726	1342628.263237779	
43.5934362411499	1343396.0899828959	71.89366817474365	1341743.0484953276	71.93575191497803	1343119.816311716	43.539318323135376	1334592.2867015977	51.56344127655029	1343046.4512649619	73.30930066108704	1344210.6501337863	65.88442659378052	1343088.4232075296	50.32924771308899	1343411.5390698402	55.11945629119873	1342842.563137278	52.694629430770874	1342659.9256488418	
43.60946011543274	1343373.128026556	71.91833639144897	1342168.3509582453	71.95926928520203	1343143.2184909503	43.554595947265625	1334659.3731508313	51.57796025276184	1343056.327702428	73.33461093902588	1344211.8755986793	65.89720845222473	1343101.4615188558	50.35293984413147	1343422.4541284954	55.14715504646301	1342855.2660269449	52.712347984313965	1342200.7712852065	
43.62647461891174	1343349.9255622425	71.94103074073792	1342171.2657857046	71.98383092880249	1343161.3754156404	43.56810641288757	1334664.18418688	51.59299063682556	1343141.705338489	73.36617755889893	1344246.471197692	65.90871500968933	1343126.7792629236	50.37704586982727	1343429.9993501743	55.180145263671875	1342862.4314935938	52.72982931137085	1342200.9671390736	
43.64249563217163	1343370.1322106996	71.96472883224487	1342182.2941037163	72.01500248908997	1343144.3242028116	43.58311653137207	1334652.9564399081	51.6065776348114	1343148.9858707217	73.39469528198242	1344240.4872366146	65.9227225780487	1343142.7460426227	50.403196573257446	1343125.0453402626	55.212464570999146	1342852.532523493	52.7447612285614	1342181.7298722847	
43.65881657600403	1343365.770999078	71.9892418384552	1342198.1268890984	72.0423436164856	1343134.8891078595	43.59662055969238	1334671.9982755864	51.61980986595154	1343132.5603369204	73.42181992530823	1344244.6877203095	65.93989968299866	1343143.1120033897	50.42759704589844	1343029.4032470586	55.24423551559448	1342845.9975684842	52.76075029373169	1342226.1395502703	
43.67505979537964	1343369.5671885866	72.01342511177063	1342166.669971774	72.06780076026917	1343143.271805011	43.61018776893616	1334681.9995340123	51.63299512863159	1343136.444027438	73.45158243179321	1344242.949646739	65.95484042167664	1343159.6135178332	50.44911289215088	1342907.152391942	55.271273374557495	1342845.262348392	52.77471327781677	1342242.2645684269	
43.689082622528076	1343370.5411057223	72.03740549087524	1342193.9192885763	72.0968496799469	1343104.468284184	43.62470293045044	1334695.4921019033	51.64906191825867	1343138.8428012377	73.47969651222229	1343968.8339012105	65.96821451187134	1343171.305828995	50.479628562927246	1342975.94618121	55.30936551094055	1342832.7791994486	52.792810678482056	1342226.0889626427	
43.70563793182373	1343298.8020739574	72.0619170665741	1342203.6074721292	72.12377333641052	1343121.338616887	43.638206481933594	1334673.81987449	51.66307973861694	1343137.6568981297	73.50673818588257	1343975.9752881513	65.98331546783447	1343189.8555344988	50.502140522003174	1342981.5976957157	55.33991312980652	1342851.2240081313	52.81003761291504	1342205.2407032512	
43.72125029563904	1343308.2878824421	72.08493137359619	1342278.61548271	72.14885377883911	1343106.238790032	43.6522262096405	1334681.6054531485	51.67711067199707	1343076.0942593305	73.53256893157959	1343952.3206455729	65.99858784675598	1343194.5460725413	50.52731442451477	1342980.3358674867	55.367724657058716	1342890.0896516917	52.82788443565369	1342226.2109967957	
43.73624610900879	1343278.3582525228	72.11333298683167	1342322.976442935	72.17186522483826	1343113.7124838673	43.66873478889465	1334675.4545843708	51.69112825393677	1343071.4351379203	73.56008887290955	1343963.428149436	66.01359820365906	1343183.12213853	50.55699372291565	1342953.8182294527	55.39415907859802	1342908.9969933336	52.845765590667725	1342215.5825776968	
43.75026082992554	1343169.2159567068	72.13866662979126	1342335.1761906636	72.19867491722107	1343120.0730898047	43.685264110565186	1334691.295600241	51.70414185523987	1343075.3622938495	73.5851058959961	1343949.2818938836	66.02931952476501	1343132.022466086	50.589022636413574	1342964.2796526176	55.42788910865784	1342904.4867416967	52.861454248428345	1342234.361455042	
43.76576828956604	1343148.5165870858	72.16318416595459	1342330.2973544726	72.22207617759705	1343125.991518103	43.70094394683838	1334671.9621615107	51.721163272857666	1343056.7667744218	73.61562728881836	1343948.925358431	66.04311776161194	1343105.9422968517	50.629621267318726	1342931.1725566182	55.462403297424316	1342900.7332056924	52.876466512680054	1342223.682566979	
43.78128790855408	1343158.6989409195	72.18774461746216	1342252.9209947998	72.24960207939148	1343128.6304527642	43.71445274353027	1334676.2073902423	51.73567986488342	1343045.8115472393	73.64488124847412	1343959.1923700038	66.05733156204224	1343395.266798603	50.66814351081848	1342614.0887919357	55.48737621307373	1342879.3722765588	52.89354681968689	1342308.0818070944	
43.79702067375183	1343147.8935769715	72.21219515800476	1342244.2711097412	72.27513575553894	1343119.9927066367	43.729960203170776	1334675.3713460476	51.749695777893066	1343049.7964298495	73.67764663696289	1343964.2925019397	66.07183718681335	1343400.390375704	50.70762872695923	1342890.8704836862	55.51472544670105	1342872.0716983466	52.91028141975403	1342290.1314243067	
43.81057620048523	1343174.42339088	72.236168384552	1342237.3870496203	72.29890727996826	1343158.5343210935	43.74750351905823	1334880.042056493	51.764089584350586	1343039.157661233	73.70666718482971	1343963.0232919024	66.08684754371643	1343408.4624779564	50.75846529006958	1342852.9814868472	55.545753479003906	1342861.1125744916	52.92749047279358	1342282.402042898	
43.826080560684204	1343100.8864755153	72.259836435318	1342238.3739750732	72.32425355911255	1343187.144394358	43.764095067977905	1334881.1936710963	51.77913737297058	1343034.6415242797	73.73473072052002	1343977.5719298718	66.10135173797607	1343410.759155857	50.807910680770874	1342871.3799306809	55.57034111022949	1342877.6384856896	52.9424569606781	1342325.33541588	
43.83909249305725	1343087.9380277619	72.28685140609741	1342247.0761388007	72.35078382492065	1343214.6312446524	43.77760195732117	1334887.2074924912	51.79262185096741	1343043.9478053201	73.76973342895508	1343983.9224071598	66.11536192893982	1343420.981119528	50.839184522628784	1342875.607784492	55.593862771987915	1342885.241633479	52.957355976104736	1342320.5766369654	
43.853641986846924	1343090.5848159653	72.31006669998169	1342253.1109542337	72.3748025894165	1343202.371868549	43.79262447357178	1334779.6156753805	51.80629801750183	1343042.2229875422	73.80476403236389	1343927.0657094033	66.13086724281311	1343418.1393910658	50.87374448776245	1342891.2294906871	55.61675572395325	1342885.9563582442	52.9726083278656	1342294.6042727993	
43.867345571517944	1343082.3352121816	72.33588552474976	1342212.8422783017	72.4009439945221	1343177.863383719	43.806132555007935	1334759.3645203656	51.82046341896057	1343073.9636350165	73.8331995010376	1343922.0713629478	66.14669370651245	1343178.1880824512	50.89784336090088	1342767.7771937603	55.64278292655945	1342905.21828938	52.990360498428345	1342348.9971162842	
43.8805570602417	1343089.1936926283	72.36093592643738	1342221.0806283026	72.42711567878723	1343186.4687363445	43.82064604759216	1334759.435217687	51.83497738838196	1343058.8013943788	73.862220287323	1343900.681685301	66.15999293327332	1343183.13426092	50.91998362541199	1343097.999900921	55.67329955101013	1342917.7047954206	53.00642943382263	1342356.0153290736	
43.894062757492065	1343102.454571129	72.38546681404114	1342171.5467855162	72.45723271369934	1343831.1807582742	43.83466076850891	1334760.4068874267	51.85113596916199	1343036.6982166476	73.88987565040588	1343924.493469894	66.17811584472656	1343191.1915193598	50.94265127182007	1343093.8631286586	55.6970477104187	1342935.0408614187	53.02313566207886	1342346.2363776446	
43.90907692909241	1343090.7501901698	72.40769529342651	1342163.2671465997	72.48807263374329	1343837.6321785157	43.84816932678223	1334773.0285878116	51.8651807308197	1343031.626565155	73.92018556594849	1343928.1183761563	66.19162368774414	1343176.9959910421	50.96323204040527	1342761.408851687	55.71982765197754	1342928.79980765	53.0382297039032	1342572.998819029	
43.925150632858276	1343097.6452618877	72.43936777114868	1342169.7247983732	72.51311731338501	1343826.958391718	43.86317777633667	1334771.4805577325	51.87891149520874	1343098.0757278064	73.94921946525574	1343907.3928088867	66.2066388130188	1343187.2131515618	50.9848051071167	1342779.8612809102	55.747353076934814	1342896.6559112922	53.05386209487915	1342585.781296309	
43.93818235397339	1343119.198843184	72.46237802505493	1342170.4798852436	72.5351173877716	1344112.7225446578	43.87618589401245	1334781.6869596194	51.892422676086426	1343061.7282165466	73.97574090957642	1343846.2483081787	66.22271943092346	1343392.2206432759	51.00599932670593	1342935.1366432789	55.77942490577698	1342928.943350886	53.069780588150024	1342623.5118912288	
43.954195499420166	1343120.8005115276	72.48827362060547	1342202.1619466015	72.56125354766846	1344113.4275646396	43.8906352519989	1334761.784491027	51.9059100151062	1343084.9673828701	74.00226831436157	1343880.5117047355	66.23851943016052	1343825.8662376904	51.02724051475525	1342949.89579519	55.80701947212219	1342097.1858602383	53.08683896064758	1342651.2022832735	
43.96834588050842	1343131.0741651577	72.51337623596191	1342205.8318979621	72.58780884742737	1344099.8387926861	43.90388059616089	1334752.6672433652	51.9219331741333	1343104.5350242732	74.03016996383667	1343931.8746589562	66.25125002861023	1343808.2894936318	51.047751903533936	1342959.27525083	55.83011484146118	1342084.957579432	53.102571964263916	1342671.84167392	
43.9843590259552	1343127.4248762652	72.535888671875	1342206.4323247343	72.61533284187317	1344102.0229328088	43.91938924789429	1334697.871921763	51.93544363975525	1342827.6461441305	74.06189274787903	1343887.2266805093	66.2679214477539	1343352.13074824	51.07226610183716	1342984.5290694835	55.85849475860596	1342083.3948233975	53.11797285079956	1342695.8824093984	
43.99967908859253	1343142.2911169399	72.56240558624268	1342290.9540933021	72.64689636230469	1344072.8281011148	43.93439769744873	1334689.4221199648	51.948949337005615	1343071.689638943	74.08892369270325	1343885.4501038168	66.28493165969849	1343682.7145894286	51.09718441963196	1342972.465158646	55.88493466377258	1342110.190212945	53.13486075401306	1342683.6624677144	
44.01318383216858	1343131.916844238	72.59120535850525	1342291.5131296492	72.67275428771973	1344072.089678344	43.94841265678406	1334716.583821312	51.96268081665039	1343058.3131069182	74.11393213272095	1343916.5671497185	66.2974362373352	1343702.1820397635	51.11619520187378	1342966.4207418459	55.910014152526855	1342104.3035023243	53.150262117385864	1342679.7605955275	
44.027997970581055	1343362.7730832654	72.62592840194702	1342283.1510107887	72.69835805892944	1344089.5849577223	43.96409344673157	1334767.697934848	51.97819471359253	1343163.295674855	74.13815307617188	1343889.5025046219	66.31260585784912	1343704.7977827722	51.13170838356018	1342969.889672582	55.93657851219177	1342092.980646145	53.16975140571594	1342605.3454933378	
44.0405056476593	1343356.1211283437	72.65142607688904	1342277.1157938382	72.72404313087463	1344086.6562499849	43.978598833084106	1334754.8857519736	51.991207122802734	1342922.7322379153	74.16466474533081	1343875.6310399345	66.32776927947998	1343735.0874740006	51.145081520080566	1343015.0477521322	55.96258807182312	1342096.7548864179	53.186102867126465	1342625.180988176	
44.05501389503479	1343378.6579030566	72.67657613754272	1342272.2820060288	72.75124716758728	1344089.512960763	43.99261260032654	1334772.3666534007	52.00522327423096	1342951.3756252571	74.18969583511353	1343844.3887742413	66.34269762039185	1343732.3588117417	51.15908765792847	1342975.9288826906	55.98713159561157	1342102.6151237332	53.20258641242981	1342469.96830605	
44.07070755958557	1343385.7825650664	72.70309329032898	1342289.1473399778	72.77526211738586	1344110.8147621634	44.009159326553345	1334776.1813772193	52.0214638710022	1342931.0361114147	74.21370792388916	1343849.5023661396	66.35689115524292	1343687.2781885494	51.1735954284668	1342933.5783967385	56.01019883155823	1342127.0652888466	53.21864867210388	1342476.4351782668	
44.084909439086914	1343385.851479043	72.727872133255	1342306.0652025677	72.8010892868042	1344107.5567551355	44.02323055267334	1334771.2788967206	52.03497791290283	1342951.1790352468	74.24322152137756	1343913.4096952463	66.36939597129822	1343696.4622830306	51.18710279464722	1342963.4310537537	56.035629749298096	1342130.4630721137	53.234140157699585	1342035.480126886	
44.099923849105835	1343539.009166341	72.75237846374512	1342305.098183109	72.82681345939636	1344886.459668076	44.03873133659363	1334765.8282067592	52.048046827316284	1342959.8341129513	74.26496243476868	1343914.8167897488	66.38340711593628	1343659.580401182	51.20010995864868	1342946.0062929715	56.064172983169556	1342111.564559812	53.25022101402283	1341923.6566293251	
44.11395478248596	1343549.1614360616	72.78252577781677	1342307.6326520524	72.85301303863525	1344893.1686295518	44.052743673324585	1334758.698217857	52.062060594558716	1342981.3452404065	74.2904839515686	1343891.071165888	66.3979115486145	1343415.2207926433	51.213958501815796	1342955.2416096411	56.08792996406555	1342160.270588965	53.264599561691284	1341904.159747806	
44.127970457077026	1343343.577008957	72.80861520767212	1342299.2900415636	72.87983059883118	1344860.213259423	44.06525015830994	1334748.4351664742	52.078211545944214	1342929.0057142244	74.31799721717834	1343891.122598596	66.41292119026184	1343417.8589060777	51.229175090789795	1342957.2678469727	56.11106204986572	1342155.4570447512	53.28039741516113	1341907.5286265372	
44.14316439628601	1343390.6046733458	72.83273100852966	1342303.2247234436	72.90649938583374	1344860.779095752	44.07827281951904	1334724.7479926897	52.092618227005005	1342951.975916955	74.34515309333801	1343880.2276068334	66.42796301841736	1343402.1123782997	51.24418497085571	1342815.548335449	56.137585401535034	1342158.3335797566	53.30794286727905	1341887.9796765384	
44.158169984817505	1343331.2327535015	72.86125302314758	1342709.4839381613	72.93119740486145	1344859.9479905171	44.09479308128357	1334718.069162249	52.10515761375427	1342957.0123908182	74.36916327476501	1343890.5715384092	66.44248008728027	1343444.5593054278	51.256691455841064	1342841.631441521	56.16406035423279	1342162.3910673342	53.32471418380737	1342095.0377581017	
44.17318344116211	1343305.3419646674	72.88641810417175	1342711.9587115247	72.95800924301147	1344888.4491218298	44.10996913909912	1334716.719852398	52.120176792144775	1342920.508720629	74.39068984985352	1343903.5444489745	66.45876979827881	1343431.202699695	51.270700454711914	1342801.2346773492	56.190086364746094	1342146.7190833094	53.34028148651123	1342091.5059836518	
44.18697261810303	1343260.972805368	72.91241693496704	1342713.6189784934	72.98077011108398	1344873.6204767313	44.122981548309326	1334731.4240478892	52.13491868972778	1342892.586172087	74.42020583152771	1343840.0028170436	66.47327423095703	1343441.8908247757	51.28251910209656	1342720.4092506135	56.218480825424194	1342164.2880562514	53.35535717010498	1342091.832983861	
44.2009711265564	1343317.5248964238	72.937575340271	1342612.3039987586	73.00881147384644	1344892.7423306156	44.138487577438354	1334943.7343963748	52.14758777618408	1343413.9570894304	74.44472050666809	1343828.233044013	66.48777961730957	1343457.89157418	51.29636311531067	1342700.3876167866	56.25283479690552	1342159.1589436284	53.37208652496338	1342091.684485831	
44.216476917266846	1343314.458962005	72.9653673171997	1342615.0601598793	73.03465986251831	1344910.130595482	44.152764558792114	1334953.0521326223	52.163692474365234	1342891.6903552995	74.47088956832886	1343798.7351110606	66.50098466873169	1343460.6938586847	51.31089949607849	1342696.5548388946	56.27835750579834	1342173.4804805208	53.38755488395691	1342099.201192025	
44.2334885597229	1343344.6096743743	72.98951292037964	1342608.5092663344	73.05810785293579	1344927.4127737137	44.16526961326599	1334956.6064478026	52.17820382118225	1342914.4629647338	74.49317169189453	1343786.7553142144	66.51399993896484	1343407.6820439014	51.32540941238403	1342702.9727569276	56.303631067276	1342191.561750381	53.403961181640625	1342108.9170412594	
44.24799680709839	1343339.9214952034	73.02005648612976	1342167.3355265197	73.08162188529968	1344937.2004868663	44.17877411842346	1335046.4284000816	52.19288682937622	1343201.3798347663	74.51692414283752	1343788.0338321554	66.52951407432556	1343408.9068825066	51.33792161941528	1342703.1008232618	56.32790565490723	1342200.0165679355	53.419458866119385	1342124.1604150531	
44.2637894153595	1343326.3556422582	73.0461151599884	1342242.4834390746	73.10889720916748	1344936.0011427377	44.19378876686096	1334796.6084576214	52.20722150802612	1343219.1459088551	74.54308342933655	1343791.669835952	66.54252290725708	1343434.5792562775	51.351680278778076	1342701.4659846423	56.354249715805054	1342200.797242998	53.43596386909485	1342131.4802582425	
44.27796936035156	1343335.6464044224	73.06701517105103	1342243.8141266345	73.13441157341003	1344970.9968524335	44.2072958946228	1334546.8851269565	52.22290062904358	1343197.7328573214	74.56837797164917	1343795.2054637612	66.55707144737244	1343412.254248308	51.366188764572144	1342708.851807392	56.37699747085571	1342203.1287654664	53.453211545944214	1343378.3864954703	
44.2934775352478	1343354.2220964963	73.09100127220154	1342277.8647848037	73.1594967842102	1344961.49531514	44.22131395339966	1334554.8032676664	52.23774313926697	1343199.5787411863	74.59392261505127	1343812.9258664614	66.57157731056213	1343398.53174195	51.38221287727356	1342689.8822078817	56.401090145111084	1342158.1804202257	53.466946601867676	1343346.1120216218	
44.30798363685608	1343343.1789956284	73.11539578437805	1342279.1189761383	73.18688178062439	1344973.1258040578	44.234819650650024	1334542.476881217	52.251760721206665	1343194.1861495702	74.62194919586182	1343812.968446999	66.58558750152588	1343419.7016522486	51.396692752838135	1342677.3843034753	56.432454347610474	1342205.6261689032	53.48301577568054	1343352.142371338	
44.323991775512695	1343444.8261254693	73.1429054737091	1342416.083709663	73.21195387840271	1344971.8819856376	44.248327016830444	1334542.645379214	52.266072511672974	1343191.7774192994	74.65058088302612	1343809.5647273483	66.60109114646912	1343405.935206564	51.41060829162598	1342675.7797147108	56.45929718017578	1342203.6268026892	53.499369382858276	1343350.8842196271	
44.33988666534424	1343367.2646893377	73.16642689704895	1342433.5950020482	73.23383045196533	1344970.5399009532	44.26334309577942	1334522.2817994216	52.28313994407654	1343174.4901019738	74.67376923561096	1343796.0357822855	66.61610174179077	1343406.2129065439	51.42290163040161	1342516.6298006247	56.48382258415222	1342198.803489428	53.51691460609436	1343353.196691144	
44.35471796989441	1343316.465764827	73.18843579292297	1342416.698305821	73.25754189491272	1344943.5333742762	44.27884888648987	1334536.4448930826	52.29519748687744	1343201.9115059406	74.69700860977173	1343812.0318282887	66.63060712814331	1343408.7590289228	51.43691372871399	1342513.5215519764	56.508665800094604	1342177.243882866	53.53349041938782	1342686.284276666	
44.36939525604248	1343320.6877592453	73.21547079086304	1342600.74316277	73.28072452545166	1344947.0082222389	44.29136776924133	1335081.3152548738	52.30887484550476	1343213.0924642382	74.72302460670471	1343861.6850356844	66.64580392837524	1343437.7824269831	51.451602935791016	1342515.981283095	56.53169012069702	1342173.2932581885	53.54973840713501	1342658.6697907113	
44.38516092300415	1343314.6389796184	73.24048805236816	1342607.0067387898	73.30518078804016	1344954.67220109	44.307523250579834	1335060.3894226064	52.32483172416687	1343232.237674299	74.74919652938843	1343792.2077689392	66.65902662277222	1343443.3911443413	51.465110540390015	1342518.2240684638	56.5562002658844	1342180.7692792758	53.56617999076843	1342663.4138156439	
44.400859355926514	1343285.6177482386	73.26489496231079	1342608.0030846451	73.33332252502441	1344985.4739459336	44.32078719139099	1334801.6753992662	52.33884382247925	1343198.626380637	74.77425265312195	1343789.176351781	66.67305135726929	1343429.4219898377	51.480119466781616	1342498.7523669875	56.581132650375366	1342147.963426414	53.58362793922424	1342672.8330394793	
44.41636633872986	1343312.8017878283	73.28752565383911	1342642.1632323742	73.35784554481506	1344982.1789275436	44.33481049537659	1335007.7792353423	52.35287570953369	1343187.3762953416	74.80104780197144	1343880.2124665107	66.6875569820404	1343428.324603697	51.49362397193909	1342482.262300485	56.60518741607666	1342143.8591791305	53.599759101867676	1342670.761980327	
44.43237900733948	1343367.1457983404	73.31254887580872	1342509.0862821497	73.38187384605408	1345000.8071409287	44.34955143928528	1334697.3023039238	52.36727523803711	1343115.97840052	74.82852697372437	1343870.7788975905	66.702565908432	1343461.172103476	51.507596254348755	1342413.7244396112	56.63137149810791	1342190.4304445058	53.61816596984863	1342673.8817270247	
44.44743013381958	1343341.8253329014	73.33743000030518	1342478.6912075747	73.40891623497009	1345066.5277648575	44.36256766319275	1334765.2834180333	52.381826877593994	1343202.1715526758	74.85324931144714	1343869.330619728	66.71507263183594	1343462.3317793151	51.52116370201111	1342397.0886758878	56.65573811531067	1342192.9004625655	53.63424611091614	1342617.4947219521	
44.46243596076965	1343330.801049813	73.36045050621033	1342479.098778787	73.43283605575562	1345044.8570327081	44.376070499420166	1335171.0361847854	52.39633297920227	1343384.6115608462	74.87733578681946	1343903.5132773628	66.72853231430054	1343478.2653202198	51.535194873809814	1342393.3917539383	56.68081974983215	1342196.834386234	53.65078091621399	1342832.3782002318	
44.47869157791138	1343337.2009986974	73.38497924804688	1342481.5126798719	73.45936703681946	1345042.4643508447	44.38957738876343	1335095.5281432504	52.41086030006409	1343680.8283114003	74.90271282196045	1343912.085581073	66.74254274368286	1343483.0735181796	51.549182176589966	1342421.7376676516	56.70600080490112	1342193.4071429719	53.67061638832092	1342823.564251406	
44.49420428276062	1343331.7860632455	73.40749144554138	1342468.0916336302	73.48317575454712	1344722.0398090582	44.40458965301514	1334693.3824789932	52.42706084251404	1343674.2152576414	74.92925190925598	1343886.9658484801	66.75577926635742	1343459.5903102388	51.56335139274597	1342412.6382962435	56.73351716995239	1342165.9406872848	53.68740487098694	1342836.7176469576	
44.50921368598938	1343336.7897614713	73.4336929321289	1342484.2349813357	73.50571060180664	1344743.2608025223	44.41809797286987	1336040.007356901	52.4420747756958	1343667.5888365153	74.95395398139954	1343898.1147672979	66.76910662651062	1343459.4177687606	51.57647514343262	1342404.239426879	56.75974202156067	1342172.6919976424	53.70189547538757	1342879.9154776412	
44.52435517311096	1343263.369248061	73.46006941795349	1342485.7264901625	73.53160095214844	1344742.2785132707	44.432697057724	1336045.794592058	52.45758295059204	1343942.9550320357	74.98565220832825	1343863.3372708526	66.78261423110962	1343456.050313622	51.59309673309326	1342421.4527016429	56.78376030921936	1342133.0695096098	53.71747016906738	1342875.728263221	
44.539355993270874	1343395.3876997596	73.48361539840698	1342491.4601151717	73.55913424491882	1344737.7725652652	44.44721007347107	1336046.2280978302	52.47262263298035	1344095.9836569105	75.00943517684937	1343878.1420683002	66.79762291908264	1343349.1560429086	51.60840034484863	1342422.102224089	56.80928587913513	1342120.0515371887	53.73532438278198	1342867.3012139376	
44.556861877441406	1343388.7378714718	73.50641179084778	1342491.050638761	73.5848376750946	1344742.907167879	44.46295881271362	1336065.412006464	52.48613166809082	1344117.9787863002	75.03144407272339	1343887.391834709	66.81110620498657	1343351.5680196928	51.62216258049011	1342433.3547328664	56.833674907684326	1342129.333588518	53.751548290252686	1342881.5196891	
44.57239365577698	1343398.160386297	73.52944254875183	1342452.4453322627	73.61193490028381	1344749.4974570833	44.478100538253784	1336064.0817864132	52.499943017959595	1343939.8771767088	75.05582857131958	1343883.441475202	66.82711577415466	1343778.6618513206	51.63718628883362	1342606.3534581347	56.867337465286255	1342130.8304989901	53.769500970840454	1342886.0163235662	
44.58685302734375	1343388.5340088033	73.55524396896362	1342417.3194258378	73.64333438873291	1344747.0935891117	44.49219059944153	1336041.409901703	52.514965534210205	1343935.5773868607	75.07959055900574	1343885.6935439445	66.84082984924316	1343773.0732947474	51.65133094787598	1342606.1268215147	56.89383792877197	1342150.629252241	53.78802990913391	1342885.0394490587	
44.60318040847778	1343380.4856157093	73.58063960075378	1342429.2302751949	73.66784882545471	1344746.7321992633	44.50725245475769	1336035.0172763937	52.529982566833496	1343947.7331557022	75.10110187530518	1343875.9638858514	66.85603547096252	1343775.3639272216	51.66637969017029	1342628.9192974106	56.917901039123535	1342068.0333947167	53.804673194885254	1342903.6253586193	
44.629440784454346	1343384.7672376358	73.61152768135071	1342339.5069013315	73.69233751296997	1344747.0755015803	44.52326989173889	1336010.831142562	52.54448914527893	1343961.6266983107	75.12967777252197	1343714.6753275623	66.86920237541199	1343785.2317447765	51.68055248260498	1342540.601490135	56.941922187805176	1342139.539064627	53.82267904281616	1342916.2826152965	
44.6554491519928	1343308.100233992	73.63504266738892	1342339.026265504	73.71859502792358	1344753.7029003103	44.538779735565186	1336019.1139316403	52.55750584602356	1343975.5555435452	75.1571912765503	1343713.569797731	66.8828513622284	1343785.5678558105	51.692955017089844	1342575.2872326963	56.96644401550293	1342958.725197695	53.838730812072754	1342941.334180779	
44.68362498283386	1343296.300705309	73.6590507030487	1342337.4801926783	73.74802303314209	1344760.452284462	44.55430722236633	1336581.572124739	52.573190689086914	1343974.3216856758	75.17919969558716	1343648.0990675476	66.89835810661316	1343408.1670809588	51.70627760887146	1342500.7186999964	56.99296998977661	1342988.418952499	53.854711294174194	1342958.9523557588	
44.709848403930664	1343280.9110919477	73.68557953834534	1342338.0460451224	73.77070665359497	1344764.4036786363	44.56845569610596	1336554.7997658893	52.58769512176514	1343212.1062963346	75.20271468162537	1343640.0770438483	66.91388773918152	1343378.4774768122	51.72197890281677	1342519.7206002905	57.01492261886597	1342976.04481983	53.87269854545593	1342960.423935416	
44.73486280441284	1343317.40519314	73.70859026908875	1342306.0604488475	73.79551863670349	1344776.6043279772	44.58347797393799	1336549.0401859558	52.602323055267334	1343467.9276761468	75.2282280921936	1343641.337879788	66.92639255523682	1343373.4158990239	51.735503911972046	1342535.8407651626	57.03751611709595	1342903.1198344748	53.887351751327515	1342940.2288850392	
44.76138687133789	1343306.754988775	73.73416328430176	1342343.2262852564	73.82004761695862	1344778.7704939065	44.59698748588562	1336578.6371664882	52.6164288520813	1343484.3674161201	75.25489139556885	1343653.1434517223	66.93989706039429	1343379.7339123802	51.747700452804565	1342542.7403092086	57.06252837181091	1342879.9800934356	53.901843547821045	1342542.9133515875	
44.78439736366272	1343322.6909975447	73.7579288482666	1342565.0085333881	73.84663653373718	1343901.2145905378	44.609495639801025	1336583.1809632906	52.63023114204407	1343553.8193095236	75.27958011627197	1343656.044271479	66.95292258262634	1343379.4111863305	51.76224994659424	1342538.976548536	57.08710289001465	1342910.9651738033	53.917941093444824	1342543.5792193185	
44.8104465007782	1343335.3968517247	73.78245186805725	1342592.6087928314	73.87018394470215	1343881.8756056365	44.62451910972595	1336595.7751742962	52.642738580703735	1343555.7796708294	75.30361366271973	1343600.9975117058	66.96961212158203	1343390.3650382233	51.77675461769104	1342541.3157991082	57.11411809921265	1342901.6593535957	53.934786796569824	1342543.8361365166	
44.835455656051636	1343341.3746810304	73.80457949638367	1342599.7537058268	73.89778804779053	1343882.2712932888	44.6400363445282	1336594.1617350532	52.656753063201904	1343374.7305260901	75.32763004302979	1343602.7797809907	66.98441243171692	1343391.0789592946	51.79176473617554	1342552.076993305	57.13766574859619	1342882.081143257	53.95299530029297	1342575.9206037275	
44.858476638793945	1343338.7332235875	73.82573771476746	1342614.4083982494	73.92304301261902	1343565.6675138152	44.65305733680725	1336608.2550261356	52.670307874679565	1343379.1671566202	75.35020852088928	1343588.8159334261	66.99954795837402	1343345.5437894636	51.80555248260498	1342544.0139422184	57.16367197036743	1342869.0890456187	53.96821308135986	1342558.522312869	
44.88675355911255	1343353.1178605214	73.85084366798401	1342364.5244514353	73.94431447982788	1343604.5160758558	44.671077489852905	1336978.160585544	52.686816930770874	1343146.9798320876	75.37572574615479	1343594.3861796162	67.01355576515198	1343304.8105261505	51.81823253631592	1342559.070148962	57.189127922058105	1342866.5591472865	53.985222816467285	1342552.8531579024	
44.9163293838501	1343378.2639799428	73.87702989578247	1342440.1699492554	73.96883726119995	1343600.3090433057	44.689107179641724	1335869.1391683603	52.70108509063721	1343147.6891950802	75.40223717689514	1343583.5824280696	67.02856349945068	1343293.3129750518	51.83024454116821	1342559.7196201924	57.2149224281311	1342867.0631963226	54.000630378723145	1342583.876668318	
44.94800901412964	1343366.5129709207	73.90260815620422	1342424.9381231065	73.99569153785706	1343596.997773087	44.704806089401245	1335904.020860519	52.716108083724976	1343158.859791449	75.42728734016418	1343601.9975800014	67.04427552223206	1343300.822322292	51.84374809265137	1342463.4837117456	57.23599457740784	1342867.0745891791	54.01629137992859	1342592.0455764588	
44.968520164489746	1343374.2651154723	73.92928647994995	1342428.595751561	74.02178382873535	1343590.2270117828	44.719316244125366	1335886.6529056442	52.7300443649292	1343161.7510936607	75.45481395721436	1343934.5138349812	67.06004333496094	1343319.7556909842	51.85896182060242	1342439.5869509203	57.259077310562134	1342870.390183105	54.03109884262085	1342594.3601011608	
44.993598222732544	1343327.7469245184	73.95443558692932	1342435.2758177146	74.0482268333435	1343606.933109977	44.73333168029785	1335882.7866946266	52.74356436729431	1343163.8217228418	75.47802710533142	1343688.7840895043	67.0740556716919	1343331.421214168	51.8724684715271	1342464.9244846809	57.28333282470703	1342877.6684749988	54.04613447189331	1342591.3466565148	
45.017359256744385	1343287.1652564765	73.97952938079834	1342425.9341794176	74.0710346698761	1343607.4299712058	44.74836206436157	1335889.5010528697	52.759281873703	1343078.7969565194	75.50055289268494	1343688.4575840505	67.08856105804443	1343329.9097567678	51.88697361946106	1342483.8366805525	57.30935335159302	1342879.5867405243	54.05996084213257	1342554.916418457	
45.04102325439453	1343323.8431106878	74.00537490844727	1342129.1551938818	74.09433627128601	1343621.4855861033	44.76312780380249	1335785.2300677407	52.77329969406128	1343077.3134280865	75.53157758712769	1343422.2959882224	67.10256767272949	1343358.1759845074	51.90135097503662	1342291.834542123	57.33319282531738	1342927.9770354142	54.07530856132507	1342556.923198879	
45.06807541847229	1343310.5998991614	74.03252172470093	1342129.3511706397	74.11885595321655	1343613.6645961332	44.77963185310364	1335768.749421673	52.78690528869629	1343088.7135240275	75.55677676200867	1343390.6445952805	67.11607456207275	1343372.410128332	51.915855407714844	1342280.920783854	57.360395431518555	1342895.1386982098	54.092859983444214	1342531.3998479028	
45.091081857681274	1343301.085668379	74.05737161636353	1342129.6009508767	74.14468026161194	1343623.898909817	44.7946503162384	1335769.3032127854	52.79992175102234	1343093.6047205415	75.57879400253296	1343364.2151476268	67.13158082962036	1343381.1321123233	51.930891036987305	1342304.6491991081	57.380409717559814	1342927.0007284335	54.11008334159851	1342545.2408362099	
45.11409664154053	1343309.3231375564	74.07862591743469	1342134.6836598888	74.16569709777832	1343616.1517393813	44.80815649032593	1335652.9553196551	52.8149573802948	1343085.75739206	75.60592269897461	1343333.3096124711	67.14609146118164	1343377.8395902973	51.9439058303833	1342319.4782349209	57.40557670593262	1342930.1026174924	54.124067306518555	1342538.4476923854	
45.13813638687134	1343309.0391149768	74.10264754295349	1342301.1133852187	74.197261095047	1343634.29425456	44.82317090034485	1335655.10754566	52.83117175102234	1343394.2095641007	75.62993550300598	1343352.2941459247	67.16088199615479	1343387.2724344633	51.9581515789032	1342596.4711361101	57.428330183029175	1342911.0705568457	54.14117407798767	1342467.4192733148	
45.16164755821228	1343279.7250026718	74.12524485588074	1342312.925254642	74.2258083820343	1343703.773783491	44.83767819404602	1335004.9643567535	52.845611810684204	1343397.7380152082	75.65495204925537	1343316.2704769082	67.17489552497864	1343388.8955142957	51.97184467315674	1342601.2798334975	57.451661348342896	1342932.7559322151	54.1570508480072	1342478.558065401	
45.18416404724121	1343285.1866995478	74.14605450630188	1342324.4120316342	74.25189161300659	1343710.4486636913	44.85269784927368	1335087.3337300655	52.860838413238525	1343391.4758508822	75.67964506149292	1343325.0609611217	67.1914005279541	1343378.100885582	51.98534917831421	1342557.8245821819	57.47517800331116	1342955.1712768949	54.17385458946228	1342493.5101790659	
45.207974672317505	1343302.7295748019	74.16865730285645	1342336.1738107186	74.27976608276367	1343712.0148405859	44.86720132827759	1334725.6482430552	52.8745481967926	1343380.5901575708	75.70568037033081	1343339.9601686874	67.20540928840637	1343379.0955426965	51.99885368347168	1342496.4269468968	57.50104117393494	1342927.965704964	54.190563917160034	1342538.4903993083	
45.230989933013916	1343308.5113850879	74.20048809051514	1342329.6593266744	74.30522012710571	1343710.9769434608	44.883214473724365	1334696.0470622438	52.889565229415894	1343344.8684156116	75.73219776153564	1343408.5180273962	67.21991300582886	1343388.9558217737	52.01212215423584	1342482.414156318	57.527114391326904	1342951.5823695837	54.20610165596008	1342898.3150523922	
45.250000953674316	1343335.3589239581	74.22442650794983	1342316.5387044728	74.32796311378479	1343710.8374861488	44.89723253250122	1334730.8437474563	52.90585708618164	1343366.9682926978	75.76125264167786	1343413.5421124713	67.23312544822693	1343399.1051948145	52.02632927894592	1342183.3629242524	57.55362510681152	1342957.239012725	54.22105813026428	1342937.4838254363	
45.271833181381226	1343298.9966122159	74.24943327903748	1342364.6116543182	74.35553550720215	1343721.1024040028	44.91183638572693	1334677.5391006419	52.92011070251465	1343369.8921652045	75.7857768535614	1343432.3563421336	67.24798130989075	1343400.761341245	52.04085397720337	1342188.2763997097	57.57974076271057	1342957.2482106758	54.237021923065186	1342903.6783215208	
45.29353904724121	1343293.785477707	74.27396583557129	1342332.7320287703	74.38855838775635	1343736.4411195673	44.928473234176636	1334674.4236885088	52.934505224227905	1343159.1228041705	75.81126236915588	1343424.3869728907	67.26363682746887	1343392.7114467244	52.05435800552368	1342194.1300951312	57.60325574874878	1342978.0969599765	54.2551167011261	1342875.7468263328	
45.325071573257446	1343267.3829990898	74.298987865448	1342367.9051153024	74.41907477378845	1343699.8898083093	44.94702911376953	1334668.1692728729	52.9480881690979	1343184.9185919468	75.83316040039062	1343418.5581428318	67.27694201469421	1343405.2473057974	52.065863609313965	1342205.9505279725	57.62615919113159	1342956.4647235645	54.27146792411804	1342878.0191545067	
45.348084449768066	1343267.8512293152	74.3258113861084	1342354.2126255415	74.44069123268127	1343710.948129302	44.96204161643982	1334442.632922834	52.96294927597046	1343167.1601487761	75.86101818084717	1343574.9090112573	67.29144620895386	1343344.6649030675	52.079872369766235	1342222.573803986	57.6483941078186	1342956.5675103564	54.286813497543335	1342876.9446414951	
45.37241172790527	1343263.7548809063	74.34955906867981	1343198.098122446	74.46571850776672	1343705.375573775	44.97805047035217	1334500.277192963	52.979970932006836	1343169.2948255523	75.88569831848145	1343481.296389873	67.30745792388916	1343341.6936604283	52.092376470565796	1342225.5655836533	57.67140340805054	1342957.653766818	54.30154991149902	1342976.1556556472	
45.394930362701416	1343255.4629928637	74.37229657173157	1343177.2650879233	74.4895715713501	1343736.173281443	44.992576122283936	1334594.7828677045	52.99299907684326	1343179.1721783457	75.91171145439148	1343620.3299393873	67.31996250152588	1343342.9379104674	52.105881452560425	1342240.7778424798	57.699690103530884	1342969.389650934	54.317009925842285	1342967.1508286684	
45.42027282714844	1343258.8872539976	74.3963987827301	1343172.8200183085	74.51959562301636	1343738.1929040216	45.00681734085083	1334529.2540068042	53.006704330444336	1343182.4200487123	75.93773436546326	1343302.1540253959	67.33509278297424	1343350.897200438	52.11888766288757	1342232.0980874104	57.72370433807373	1342989.8862281032	54.33148765563965	1342603.0311004403	
45.441547870635986	1343234.7944305832	74.4224202632904	1343149.6436317991	74.54224920272827	1343733.0417673518	45.020825147628784	1334524.566144436	53.01998448371887	1343196.573280884	75.9682400226593	1343343.2767877732	67.34900951385498	1343359.4201514798	52.1343994140625	1342222.4444994384	57.74977922439575	1342972.5025467272	54.34674310684204	1342442.0504361484	
45.46425127983093	1343238.8964199778	74.448326587677	1343168.081739607	74.56977963447571	1343742.6985261084	45.036344051361084	1334532.6222137802	53.035497426986694	1343157.8215408367	75.99076628684998	1343359.893747153	67.36554670333862	1343339.9970532863	52.14690852165222	1342219.8139362044	57.77605199813843	1342925.92242381	54.36270999908447	1342454.066572494	
45.48399877548218	1343257.2641245427	74.47562289237976	1343169.371061366	74.59481000900269	1343719.804877455	45.051358222961426	1334497.2743186192	53.04900527000427	1343157.7664450293	76.01755785942078	1343357.4294616757	67.37905168533325	1343366.5021625434	52.15905690193176	1342226.3593870646	57.79959154129028	1342945.3407498698	54.377886056900024	1342458.0587298353	
45.50851130485535	1343302.6751729324	74.49963331222534	1343164.8876196686	74.62174534797668	1343716.185274403	45.06787180900574	1334485.2740784409	53.06367802619934	1343162.6928648744	76.04146885871887	1343345.7325199558	67.39305901527405	1343356.8005019794	52.17306566238403	1342243.0004474819	57.82290720939636	1342543.18049448	54.39386487007141	1342460.3797280265	
45.52601718902588	1343318.7936315073	74.52416706085205	1343153.253361643	74.65993547439575	1343716.7157628487	45.082884550094604	1334474.076793038	53.077181816101074	1343181.150465099	76.06889867782593	1343248.9623293483	67.40656518936157	1343402.4631950506	52.18608331680298	1342237.821355537	57.846810817718506	1342545.8910353559	54.408069372177124	1342480.396700916	
45.540034770965576	1343315.795850792	74.5512022972107	1343152.7516727038	74.68972945213318	1343724.6270199877	45.09790515899658	1334628.8139839706	53.09111666679382	1343169.340458857	76.09261727333069	1343098.7458689185	67.42007231712341	1343428.2094597816	52.199865102767944	1342224.8490804522	57.87600755691528	1342561.0763253216	54.42352557182312	1342437.3674168412	
45.55553960800171	1343304.4444054377	74.57543063163757	1343170.9113595763	74.7117555141449	1343738.63763114	45.11462593078613	1334638.1187361716	53.107139110565186	1343155.9650380323	76.11953639984131	1343103.1683208062	67.43318057060242	1343426.413839536	52.213518381118774	1342222.1835198384	57.902496337890625	1342566.812187971	54.43791604042053	1342275.7915258624	
45.56966161727905	1343328.4156422988	74.60119462013245	1343159.8116859908	74.73760890960693	1343715.8456494312	45.13013219833374	1334948.6485787898	53.12218260765076	1343152.6622882392	76.14355754852295	1343080.756567357	67.44599890708923	1343437.2951480092	52.225234270095825	1342226.0381848193	57.9295494556427	1342370.042393234	54.45468544960022	1342167.2510296	
45.58317542076111	1343301.201302905	74.62900590896606	1343166.6746025395	74.76714277267456	1343720.4998372532	45.14764928817749	1334927.225874468	53.13671278953552	1343156.0259281339	76.1710729598999	1343079.0257971443	67.46170902252197	1343436.1703444778	52.238253116607666	1342224.479430649	57.95806550979614	1342475.9668753815	54.46949338912964	1342161.2203157758	
45.599186420440674	1343302.6886819615	74.65550780296326	1343156.4430318624	74.78968119621277	1343735.8291744238	45.16537809371948	1334915.2221645052	53.153282165527344	1343120.3813467077	76.19615077972412	1343135.9029190745	67.47472310066223	1343445.470589927	52.25104284286499	1342513.817912038	57.98558020591736	1342463.4186073195	54.48641014099121	1342168.9069090236	
45.614343881607056	1343280.7040362982	74.68143486976624	1343317.4173975904	74.81470966339111	1343743.221324491	45.18138909339905	1334899.5953875063	53.167232036590576	1343106.3381580738	76.22224712371826	1343328.9515910204	67.49022912979126	1343448.3164726822	52.26518225669861	1342255.313272769	58.0149142742157	1342389.1086295042	54.50370407104492	1342353.6972204358	
45.633105754852295	1343281.7661084128	74.70594763755798	1343331.697941165	74.83782744407654	1343755.4957180358	45.19789934158325	1334949.3425039735	53.18383312225342	1343088.4741972664	76.2489218711853	1343417.33842953	67.50273418426514	1343448.0006775754	52.27918767929077	1342269.9305864058	58.042468547821045	1342409.130992218	54.51877951622009	1342395.5974564976	
45.647136926651	1343283.4043419089	74.73046493530273	1343138.4936666577	74.85983490943909	1343761.8411475793	45.21390891075134	1334929.1598117508	53.199843406677246	1343097.259100703	76.27369689941406	1343232.9804823345	67.51642394065857	1343447.4155019168	52.292694091796875	1342270.7678971305	58.075485944747925	1342404.4914250358	54.531394720077515	1342303.9931677128	
45.660651445388794	1343284.448229178	74.75413966178894	1343144.7241948645	74.88541579246521	1343737.611285003	45.229414224624634	1335269.1823315965	53.21386694908142	1343091.4522160983	76.2992091178894	1343235.175756171	67.53092813491821	1343425.7503380356	52.30820155143738	1342273.7654588788	58.10294842720032	1342410.4674368817	54.54420852661133	1342308.9356671544	
45.67658185958862	1343292.4255720833	74.77815818786621	1343158.5202823912	74.91097903251648	1343741.1463593426	45.24543285369873	1335277.659418802	53.22905397415161	1342592.409740757	76.32044196128845	1343238.6813369924	67.54493737220764	1343436.6295962855	52.32192349433899	1342646.060434053	58.12947750091553	1342444.2354306576	54.55809211730957	1342400.3567667992	
45.69230580329895	1343273.5484024698	74.80236530303955	1343168.305628136	74.93623685836792	1343740.0873491163	45.261449098587036	1335050.068823998	53.243571758270264	1342590.244509617	76.34524440765381	1343523.198222224	67.55994892120361	1343440.593078157	52.336435317993164	1342643.6203958031	58.155604124069214	1342179.5172907417	54.573312520980835	1342421.800191611	
45.7074019908905	1343262.5381864605	74.82833480834961	1343171.7622487412	74.95976734161377	1343738.7951874388	45.278040170669556	1335052.2175091864	53.25764846801758	1342584.7798435444	76.36925482749939	1343550.6383847415	67.5739574432373	1343434.8948332253	52.34912705421448	1342660.0491556828	58.18062376976013	1342115.2746593968	54.587491273880005	1342315.3111986346	
45.72149181365967	1343262.151989357	74.85363125801086	1343258.9148527817	74.984778881073	1343745.16574858	45.29533314704895	1335047.6343152877	53.270636320114136	1342576.596893488	76.39278388023376	1343558.7265044998	67.58846187591553	1343419.2001034818	52.36363339424133	1342606.094620877	58.208646297454834	1342137.1365354834	54.602004051208496	1342324.771094746	
45.737996339797974	1343227.6233578038	74.87717914581299	1343266.7315930275	75.01182579994202	1343728.806386064	45.31088590621948	1334954.4695969136	53.289623737335205	1342622.8767548196	76.41729640960693	1343478.4083607863	67.60347247123718	1343411.664776413	52.378138065338135	1342606.8734522758	58.23389172554016	1342132.9151454514	54.615501165390015	1342317.0469524316	
45.75201392173767	1343239.3540898536	74.90029573440552	1343267.3843075489	75.03735208511353	1343738.5219210633	45.32655477523804	1334865.0277151621	53.30362629890442	1342922.6443637153	76.44330644607544	1343480.5766918338	67.61797666549683	1343436.8038180277	52.39128255844116	1342608.6316559247	58.26139736175537	1342133.0112706742	54.62865400314331	1342336.8605891285	
45.76651978492737	1343243.4067412205	74.9240198135376	1343270.627485305	75.06538939476013	1343698.6418799483	45.34308218955994	1335277.9449551178	53.31933236122131	1342905.4436654828	76.47100305557251	1343708.435373798	67.63465714454651	1343409.5898898912	52.40389132499695	1342594.9903326135	58.28900766372681	1342140.2204003045	54.642791509628296	1342467.6989868318	
45.781039237976074	1343251.3712348624	74.95013737678528	1343046.2891086328	75.09026026725769	1343721.9953683831	45.36112451553345	1335249.4730090979	53.334352016448975	1342938.8704158103	76.49469256401062	1343714.306207262	67.6492178440094	1343412.4319633557	52.41911053657532	1342671.3019323235	58.31352496147156	1342139.5931501547	54.65860605239868	1342471.2925980347	
45.794718742370605	1343252.3777164356	74.97507977485657	1343035.5855755892	75.11578941345215	1343764.2222260442	45.37663125991821	1335179.1840268238	53.34901452064514	1342730.9456152893	76.51877355575562	1343703.5852785117	67.66404342651367	1343417.7422156967	52.432557821273804	1342694.7193924848	58.339048624038696	1342323.0599842975	54.674901247024536	1341828.8977900534	
45.810739278793335	1343263.614047937	74.99771690368652	1343065.1707763642	75.14491844177246	1343773.8349298039	45.39113688468933	1335184.045340515	53.36367702484131	1342750.2255959713	76.54590773582458	1343638.5134117012	67.67843079566956	1343437.8929437422	52.44790601730347	1342698.2072073326	58.36647701263428	1342128.181511105	54.68851613998413	1341821.8331645296	
45.82524657249451	1343266.310552802	75.02072858810425	1343071.6300415252	75.17016553878784	1343839.2595768394	45.408151149749756	1333965.7161685424	53.377182722091675	1342733.0803987775	76.56984186172485	1343634.5661629266	67.69410848617554	1343404.405844473	52.46211385726929	1342705.564702598	58.39360427856445	1342129.0983609103	54.704588413238525	1341769.9533731472	
45.8382613658905	1343250.8003480595	75.04649496078491	1343009.0680923455	75.19569683074951	1343834.1310823353	45.42568230628967	1333907.4878217117	53.392733335494995	1342733.666193474	76.59535360336304	1343649.3787268116	67.70861721038818	1343350.3797437085	52.47778129577637	1342691.7363715796	58.420071601867676	1342127.1410836817	54.71819519996643	1341755.4339655302	
45.85276913642883	1343256.8638007108	75.07151103019714	1343005.2408728718	75.22322297096252	1343854.4684190983	45.44169330596924	1333877.0660882436	53.40729594230652	1343083.988725644	76.61736989021301	1343933.8682187372	67.72562646865845	1343355.8355562727	52.490293979644775	1342818.5570495161	58.44791841506958	1342125.1707861722	54.73337650299072	1341762.067493194	
45.868282079696655	1343256.7712202533	75.09756374359131	1342996.7530953102	75.24930810928345	1343807.5872536441	45.45620083808899	1333901.1688548136	53.423134565353394	1343042.3543104315	76.64338421821594	1343936.6208596763	67.74136662483215	1343365.0901665324	52.503798484802246	1342798.6552449584	58.473506689071655	1342725.0854237238	54.74700140953064	1341940.3075310166	
45.88367676734924	1343242.6548683564	75.1215889453888	1343013.5742240986	75.27820062637329	1343831.9519334275	45.47120904922485	1333564.7232599775	53.44017791748047	1342598.72949404	76.66807579994202	1344073.2601982935	67.75638675689697	1343350.6490261166	52.5198073387146	1342802.653961704	58.50179886817932	1342732.2092646328	54.76421022415161	1341639.8726997469	
45.898686170578	1343251.5935522649	75.14345288276672	1343014.352723351	75.30388808250427	1343826.5125154483	45.4867160320282	1333542.5553734445	53.457685470581055	1342598.0141399843	76.6930844783783	1343565.17592893	67.77339482307434	1343363.3758730984	52.53281378746033	1342825.1969552576	58.526331424713135	1342734.3910120348	54.77678894996643	1341654.2687019273	
45.91219162940979	1343623.418401658	75.17046284675598	1342999.3018843199	75.32710266113281	1343836.0654997246	45.50195097923279	1333547.0513872183	53.47371459007263	1342951.3334759057	76.71960091590881	1343568.6423158825	67.78820705413818	1343362.3135671397	52.54782319068909	1342794.627281126	58.552348136901855	1342732.6037164994	54.79030179977417	1341662.7669829526	
45.928831577301025	1343611.8800909834	75.19247198104858	1342990.1082650684	75.35239124298096	1343833.2433658482	45.51645588874817	1333544.615000752	53.490272521972656	1342970.3458128104	76.74589920043945	1343498.296161948	67.80271244049072	1343527.9198828463	52.56783366203308	1342802.1579274824	58.579885482788086	1342739.0271795243	54.80448627471924	1341656.5651279672	
45.94447159767151	1343644.6594361404	75.21840143203735	1343187.1501112112	75.38489842414856	1343825.492029514	45.5319709777832	1333549.179318266	53.50632119178772	1342970.1091058692	76.77342867851257	1343525.9880303273	67.81652665138245	1343523.1625649293	52.59034562110901	1342809.6468452108	58.60746717453003	1342441.9507624675	54.82011389732361	1341661.3116595775	
45.95797824859619	1343837.0100748888	75.24564099311829	1343212.488270674	75.41593790054321	1343814.7270691094	45.54798603057861	1333789.7035543434	53.52009201049805	1343632.643086383	76.79918432235718	1343165.413003537	67.83083295822144	1343526.2217587281	52.60735750198364	1342798.9668706872	58.63715076446533	1342475.6563618334	54.83477997779846	1341669.4117293293	
45.97312307357788	1343494.811655431	75.27272248268127	1343183.7840443458	75.44052505493164	1343826.6799025836	45.56226420402527	1333791.0864728368	53.53512382507324	1343635.840730184	76.82370948791504	1343122.8284402099	67.84334421157837	1343514.5667534336	52.628052949905396	1342656.0271364853	58.66175889968872	1342549.2765303731	54.850177526474	1341666.7005329186	
45.98713564872742	1343489.730996645	75.29974341392517	1343186.9099243225	75.47003960609436	1343807.1713081542	45.57677388191223	1333786.1627343092	53.551615715026855	1343644.8406118285	76.84622406959534	1343124.9402025696	67.85753798484802	1343531.2041215696	52.64574146270752	1342740.5826143788	58.690282106399536	1342541.8331757567	54.864797592163086	1341667.3462649093	
46.00041365623474	1343503.7643643036	75.32330584526062	1343188.3082316993	75.49677348136902	1343807.2780291026	45.591790437698364	1333848.364693637	53.56574988365173	1343635.1091245061	76.87180471420288	1343113.851400352	67.87351560592651	1343536.2730909206	52.66691470146179	1342741.5625741414	58.7191801071167	1342533.9452726706	54.88010931015015	1341674.3914232445	
46.01643109321594	1343617.1869817965	75.35013151168823	1343199.340426861	75.52090358734131	1343808.497387158	45.607298374176025	1333842.6992298514	53.57926034927368	1343661.0283051413	76.8975601196289	1343219.5239989017	67.88620734214783	1343530.2550102603	52.68498253822327	1342736.048136499	58.74531626701355	1342510.9728388255	54.894007444381714	1341681.1965851716	
46.031128883361816	1343617.751684198	75.37264609336853	1343149.710981775	75.55614352226257	1343810.9931735191	45.622305154800415	1333488.469598283	53.59526085853577	1343616.9674081441	76.92049860954285	1343262.2396176925	67.90087056159973	1343478.518105977	52.70519948005676	1342747.053154217	58.77283716201782	1342501.2976181125	54.90876293182373	1341682.6940055296	
46.04663681983948	1343556.675041471	75.39618754386902	1343140.0453812303	75.58445811271667	1343815.7255233307	45.63637018203735	1333528.9789025947	53.609137773513794	1343617.1044558017	76.95286107063293	1343062.0944574953	67.91488003730774	1343480.6941697907	52.72373056411743	1342735.8809330417	58.801674365997314	1342491.744643688	54.92259407043457	1341688.0102657503	
46.062398195266724	1343578.1882935036	75.41974306106567	1343174.8101886502	75.61398220062256	1343826.9753137769	45.652390241622925	1333701.0576826558	53.62381958961487	1343330.4419087078	76.98039317131042	1343026.5129548926	67.92938494682312	1343515.7647066563	52.73886728286743	1342726.9407650162	58.83496046066284	1342485.1399150153	54.93631458282471	1341686.225994987	
46.07827544212341	1343577.1209793554	75.44326186180115	1343196.3724116106	75.64334011077881	1343825.4149031101	45.66589617729187	1333600.249779086	53.63833570480347	1343365.655944932	77.00140929222107	1343031.7334539853	67.94439387321472	1343536.432405348	52.75196552276611	1342727.9651744924	58.87141728401184	1342485.4326833861	54.950348138809204	1341693.3949447873	
46.09379482269287	1343566.1049392144	75.46764421463013	1343231.0692437552	75.67788791656494	1343825.3576588738	45.680909633636475	1333606.9552710839	53.65319085121155	1343394.038037257	77.02344703674316	1343084.9043824472	67.95809006690979	1343539.1219333224	52.76497960090637	1342731.9838135922	58.8998646736145	1342519.59914331	54.96561861038208	1341689.8573817648	
46.108299255371094	1343566.3478068153	75.49279594421387	1343246.2944563422	75.71118664741516	1343747.8033550004	45.69862771034241	1333609.2163427854	53.66850686073303	1343382.479365638	77.05533146858215	1343100.9160587853	67.9730978012085	1343555.5695987605	52.778987646102905	1342743.4625138578	58.92741250991821	1342517.3637063217	54.97868847846985	1341676.655215257	
46.12330746650696	1343556.9747524818	75.51790809631348	1343264.702497817	75.74627161026001	1343717.0874733631	45.712637424468994	1333752.5131762696	53.681195974349976	1343400.993545928	77.096688747406	1343093.0581840987	67.9876036643982	1343553.1773549865	52.79301381111145	1342737.8871418645	58.95838642120361	1342527.134965311	54.99188494682312	1341679.3980149222	
46.13681745529175	1343545.375678455	75.54519009590149	1343268.522995689	75.77234959602356	1343701.2096765137	45.72869801521301	1333770.2007181223	53.69523644447327	1343421.5792288047	77.13284945487976	1343114.5740563453	68.00082588195801	1343551.1349453824	52.80656313896179	1342707.8030323766	58.98642373085022	1342424.2281476252	55.00579380989075	1341635.2323354157	
46.15182900428772	1343569.1905028387	75.57221603393555	1343322.581291438	75.80338644981384	1343660.4294981794	45.747217655181885	1333740.7621012407	53.71128034591675	1343409.813274867	77.17487359046936	1343110.284692617	68.01483607292175	1343536.4798241318	52.82076072692871	1342714.2679742295	59.014456033706665	1342408.8999291747	55.021366119384766	1341658.7575280955	
46.16633415222168	1343556.3055981926	75.59825253486633	1343351.4719709442	75.83337116241455	1343655.0100090958	45.76191997528076	1334415.7713540022	53.727540254592896	1343419.640495658	77.21190142631531	1343113.1380359887	68.02884411811829	1343538.35837478	52.83439922332764	1342720.1065003858	59.041250705718994	1342447.9057394133	55.03540086746216	1341656.7928571058	
46.1803457736969	1343550.7696684825	75.62250971794128	1343338.5017805835	75.85686564445496	1343660.7208297232	45.777427673339844	1333683.9789146169	53.74346876144409	1343445.6741273638	77.25646257400513	1343102.1171842108	68.04247331619263	1343538.0923121122	52.847904920578	1342669.0144907	59.06776237487793	1342691.6390441332	55.047531604766846	1342623.8478925782	
46.19390392303467	1343511.3404227577	75.64553999900818	1343343.9885482	75.8816466331482	1343665.9701886496	45.79344344139099	1333611.0929963726	53.757487058639526	1343447.9438685044	77.29282259941101	1343088.386612467	68.05779027938843	1343507.6548381343	52.86414957046509	1342672.8202631355	59.097888231277466	1342702.4915004158	55.06200289726257	1342626.5056013127	
46.20891761779785	1343557.1677161623	75.66856908798218	1343350.1600767702	75.91087913513184	1343673.8544561935	45.80895233154297	1333531.7826633512	53.774192571640015	1343449.7402405832	77.33487200737	1343074.7138284247	68.07379841804504	1343544.7874126201	52.878161668777466	1342688.6523961152	59.12551689147949	1342761.0228603536	55.07506489753723	1342568.9214241144	
46.222941398620605	1343554.4202965652	75.69157719612122	1343357.6140734453	75.94308948516846	1343685.5166982028	45.82197022438049	1333491.8780753564	53.7902147769928	1343397.7589536945	77.37041854858398	1343060.3344925486	68.09030246734619	1343539.5689445043	52.89097619056702	1342701.5977915712	59.155810832977295	1342764.9122978887	55.08878946304321	1342550.0913978643	
46.23697304725647	1343540.6291921553	75.71510052680969	1343362.958757036	75.97251677513123	1343694.548641332	45.83703422546387	1333508.5840546407	53.803722620010376	1343396.9235283576	77.41182851791382	1343067.2364821811	68.10537791252136	1343521.7752985393	52.90389680862427	1342699.6003154265	59.18834328651428	1342754.9611509473	55.1032612323761	1342714.6087918535	
46.252984285354614	1343549.3445703888	75.73730158805847	1343328.0423561318	76.00442385673523	1343693.2400132916	45.84949588775635	1333508.4752341511	53.819252729415894	1343405.3593804443	77.44585871696472	1343078.2163553697	68.11988258361816	1343523.4708230547	52.91795086860657	1342700.6293023569	59.219531774520874	1342763.9045560877	55.11734366416931	1342714.9009285204	
46.265230655670166	1343553.4471902016	75.7675313949585	1343357.264470027	76.03594517707825	1343682.4506946139	45.866506576538086	1333624.6025253742	53.834903717041016	1343404.6267991276	77.48513793945312	1343071.6683548412	68.13389134407043	1343536.0247484483	52.93203258514404	1342583.8165334798	59.25092148780823	1342774.6188646005	55.13078022003174	1342790.4090005236	
46.280091762542725	1343541.4955721379	75.78962659835815	1343374.1722863861	76.06773686408997	1343681.8157034465	45.879101276397705	1333639.128700191	53.85091996192932	1343455.1330769982	77.52151727676392	1343087.409645564	68.14639663696289	1343528.780257854	52.948145627975464	1342590.9559790853	59.28116035461426	1342743.904468466	55.14414358139038	1342782.8073909055	
46.295159101486206	1343564.2097053842	75.8169276714325	1343316.266679553	76.09697246551514	1343667.3315275407	45.8941535949707	1333613.8594988894	53.86678767204285	1343457.8476948629	77.56005334854126	1343088.0335050446	68.1618242263794	1343521.8359601477	52.96215581893921	1342603.422235233	59.30990386009216	1342679.5427092453	55.158068895339966	1342756.2498358928	
46.30926704406738	1343569.5976699207	75.84252643585205	1343301.146154747	76.12905478477478	1343653.8667806631	45.90925335884094	1333662.3661353614	53.881815671920776	1343439.0690078433	77.58657813072205	1343065.7561507924	68.17683267593384	1343272.3880401049	52.97465991973877	1342728.4144549142	59.33829712867737	1342716.298192677	55.171509981155396	1342461.3883152658	
46.322288513183594	1343576.5821006892	75.87317609786987	1343314.6430485004	76.16377663612366	1343661.634779644	45.924774408340454	1333660.1184593874	53.89533472061157	1343455.039675416	77.61460995674133	1343066.7343453462	68.19283938407898	1343280.5216885568	52.98816466331482	1342723.0208503336	59.36592102050781	1342677.1956035374	55.186721324920654	1342459.4154747066	
46.33679485321045	1343568.1747549996	75.89418625831604	1343325.9173855535	76.1912887096405	1343660.6610578822	45.941787004470825	1333646.3682708289	53.90985298156738	1343434.2339035221	77.64163255691528	1343069.4066599242	68.20734643936157	1343285.2917022982	53.002727031707764	1342713.8125198937	59.396984815597534	1342744.171582988	55.2117600440979	1342385.1390860227	
46.35232877731323	1343573.0144412708	75.91819667816162	1343332.2639137218	76.22031879425049	1343657.7883025939	45.95680594444275	1333601.2365688763	53.924367904663086	1343433.909314266	77.66632556915283	1343165.3215871502	68.22185158729553	1343298.080719119	53.016268253326416	1342727.2497279297	59.424002170562744	1342752.4442404215	55.23179650306702	1342358.5297542952	
46.366835594177246	1343567.0542136263	75.94506239891052	1343554.126893508	76.25185060501099	1343662.6812693286	45.97258496284485	1333621.2609394519	53.93937873840332	1343471.6019419432	77.68934917449951	1343198.6038239535	68.23760604858398	1343292.717692375	53.02933692932129	1342739.6173278387	59.45134258270264	1342741.0388321062	55.258864641189575	1342397.708793299	
46.38035559654236	1343573.58578069	75.97107172012329	1343524.0653854522	76.28058671951294	1343663.3265539596	45.989089250564575	1333690.771919742	53.95496869087219	1343455.5219524608	77.71236205101013	1343205.1451808158	68.25161528587341	1343291.839013895	53.0421679019928	1342725.6109364985	59.4798629283905	1342736.0904480948	55.28060579299927	1342406.8739108108	
46.39401912689209	1343609.7698325396	75.99462223052979	1343549.8046641003	76.31242036819458	1343649.946125669	46.00110054016113	1333683.106758979	53.971160650253296	1343425.8554273897	77.74027967453003	1343195.6002320629	68.26689004898071	1343292.542430107	53.0563485622406	1342732.9025775122	59.50830578804016	1342736.2288799756	55.31129860877991	1342130.846839479	
46.408031940460205	1343600.1617224135	76.0199806690216	1343809.6681761558	76.33841466903687	1343645.666694558	46.016608476638794	1333683.8529843653	53.98565435409546	1343412.4465193946	77.76329517364502	1343205.0605832387	68.28096604347229	1343283.8052739701	53.069358587265015	1342921.4897809464	59.538716077804565	1342717.861059966	55.334073305130005	1342100.051898993	
46.42188787460327	1343608.2163762688	76.04541397094727	1343825.8690001857	76.36994981765747	1343636.4145207487	46.03313064575195	1333998.7594151718	54.00066900253296	1343419.4154132311	77.78781366348267	1343218.806629982	68.2949743270874	1343282.9541979837	53.081865310668945	1342920.4573385424	59.56680202484131	1342723.711106148	55.351537466049194	1342102.4729562416	
46.43727350234985	1343626.147794933	76.0745141506195	1343564.664794851	76.40294551849365	1343664.7695896118	46.04763674736023	1333990.512222964	54.01538896560669	1343406.5700565367	77.81282639503479	1343219.6150820514	68.30948066711426	1343299.5134809648	53.09437012672424	1342923.1231391132	59.59247040748596	1342880.8450178641	55.376715660095215	1342032.7990212026	
46.450977087020874	1343637.1056669378	76.10031652450562	1343560.0541911977	76.43130016326904	1343642.3333765296	46.063658475875854	1334001.7296143405	54.02901768684387	1343407.4782561755	77.83885765075684	1343217.5670596224	68.32448935508728	1343314.7148210967	53.109378814697266	1342928.7128272895	59.61676001548767	1342885.5539953625	55.398250341415405	1341999.4424368818	
46.468122482299805	1343618.0104930117	76.1274905204773	1343487.9730020054	76.455313205719	1343638.4719034652	46.07816553115845	1333993.007753641	54.0445339679718	1343409.3751771594	77.86315608024597	1343199.8316774378	68.33799481391907	1343283.9868680653	53.12389278411865	1342938.9745672084	59.65347170829773	1342894.5851838486	55.420613527297974	1342023.1405582982	
46.48321270942688	1343652.8721228058	76.15669918060303	1343486.741312357	76.48584985733032	1343655.654232038	46.09418511390686	1334021.8082779301	54.060551166534424	1343431.6706923181	77.88965272903442	1343215.3450188343	68.3515317440033	1343290.128998887	53.138219594955444	1342907.2560840992	59.690842151641846	1342904.293191261	55.440707206726074	1342030.500736489	
46.49928045272827	1343623.1926558155	76.18126606941223	1343489.0917146986	76.51029682159424	1343652.912011708	46.111701250076294	1334017.2582636247	54.07706689834595	1343419.7485356047	77.91201591491699	1343226.641923151	68.36754369735718	1343250.393525146	53.14939904212952	1342906.4483658194	59.746389627456665	1342821.5514694704	55.4609272480011	1342010.5376914465	
46.51297044754028	1343640.0688547837	76.21140694618225	1343501.7420896895	76.54078459739685	1343654.866411957	46.127718687057495	1334027.6857451303	54.0910849571228	1343423.0761809528	77.93758583068848	1343225.4052242152	68.38203072547913	1343267.1793264435	53.16591477394104	1342930.9323675463	59.78190898895264	1342802.3000777864	55.48140358924866	1342004.5883762208	
46.52797794342041	1343627.4732962786	76.23734378814697	1343495.808197232	76.56930685043335	1343656.2245965642	46.14272928237915	1334032.91085497	54.108986377716064	1342469.1751152861	77.96226096153259	1343238.1436650504	68.39673328399658	1343281.8924239143	53.17892575263977	1342761.5390692311	59.81676411628723	1342703.7654817137	55.50192213058472	1342036.472730135	
46.54401779174805	1343621.706598681	76.2625195980072	1343429.0109672875	76.59506821632385	1343408.6099706623	46.158740282058716	1333693.1741164392	54.123003244400024	1342463.1194755347	77.9857804775238	1343262.2121414437	68.41123747825623	1343287.0148365821	53.193432569503784	1342776.726555612	59.858325719833374	1342741.7516645384	55.52392792701721	1342030.061608383	
46.56003737449646	1343612.8836121373	76.28955101966858	1343528.2571433028	76.62708473205566	1343432.2331404376	46.172483682632446	1333689.4106363235	54.137513875961304	1342455.4281874795	78.01529431343079	1343267.9433291212	68.42424774169922	1343269.6993225038	53.2078652381897	1342642.1005034503	59.90360903739929	1342755.2936866428	55.548370361328125	1342030.8666392025	
46.576149702072144	1343668.6155815232	76.32062935829163	1343537.0811741145	76.65415215492249	1343836.8649144527	46.18598532676697	1333664.343416003	54.1535370349884	1342456.6918664095	78.04031014442444	1343268.8867849777	68.43803977966309	1343273.9502533262	53.22137975692749	1342643.464412755	59.941635608673096	1342740.8474122798	55.57412672042847	1342597.5941701825	
46.590245485305786	1343645.961567224	76.35552096366882	1343510.0930435052	76.68381857872009	1343866.2851514907	46.20099329948425	1333930.2672738049	54.169644355773926	1342450.9667531867	78.0660753250122	1343277.8661493764	68.45355939865112	1343228.919697232	53.23454546928406	1342647.2052710361	59.98329424858093	1342732.5742063695	55.603387117385864	1342002.024111425	
46.604995012283325	1343669.4971543967	76.38055801391602	1343416.2017610145	76.70885396003723	1344398.3190119732	46.21550107002258	1333970.8414971812	54.187214374542236	1342447.6728627323	78.09310412406921	1343299.5431691774	68.46806764602661	1343262.573883952	53.24807786941528	1342640.0728664016	60.015838861465454	1342744.4084220016	55.62431216239929	1342004.1631483193	
46.62014627456665	1343649.940632315	76.41160774230957	1343441.2828669057	76.73291444778442	1344392.352023549	46.22951555252075	1333959.9841097638	54.204174757003784	1343500.676587511	78.12462258338928	1343300.9491451064	68.48157167434692	1343267.2254993683	53.26226735115051	1342646.5866390371	60.05151438713074	1342735.765464027	55.64747929573059	1342004.744067442	
46.63264989852905	1343631.3069382943	76.440678358078	1343453.1062823124	76.75579309463501	1344421.92460739	46.243534326553345	1333947.8529787716	54.22120809555054	1343527.3835066832	78.15086030960083	1343118.4147478826	68.4975802898407	1343251.3780188628	53.27634406089783	1342674.1568097568	60.09214425086975	1342704.6469385584	55.67482542991638	1341958.3821096239	
46.646156311035156	1343651.33306463	76.46879768371582	1343462.4136761122	76.78231859207153	1344408.5014545561	46.25904369354248	1334050.6380509008	54.23642301559448	1343477.3638705162	78.1803810596466	1343083.7201835301	68.5125904083252	1343266.036677039	53.289947509765625	1342810.8989102354	60.13999629020691	1342706.4971573947	55.70091891288757	1342041.1415707977	
46.66267442703247	1343619.030537937	76.50433540344238	1343446.7904355961	76.80869603157043	1344397.917764778	46.27306151390076	1334067.1818987783	54.25213813781738	1343414.9811627702	78.20490336418152	1343095.8221717898	68.52591943740845	1343278.9936891613	53.303454637527466	1342791.8689316784	60.17751502990723	1342641.2421475772	55.72874426841736	1341188.2820046663	
46.67790341377258	1343610.7801599205	76.53626537322998	1343432.7197134243	76.83072543144226	1344394.1199670872	46.28756785392761	1334076.4746708104	54.268232107162476	1343436.2873585648	78.22992777824402	1343098.0225378338	68.54042339324951	1343274.4700806446	53.316964626312256	1342985.9897615158	60.22857356071472	1342641.12970774	55.75277304649353	1341880.5982591626	
46.69141221046448	1343613.0394760186	76.57083082199097	1343465.0444651686	76.85906052589417	1344393.7249916515	46.30689191818237	1334385.5137812556	54.28324794769287	1343467.155094076	78.26008653640747	1343103.6348359291	68.55445170402527	1343299.2401781445	53.329323530197144	1343010.072947428	60.264092445373535	1342630.9549177147	55.77515196800232	1341818.476326851	
46.70492124557495	1343649.1713260445	76.60899782180786	1343468.4617160074	76.88245344161987	1343496.3454597415	46.32089972496033	1334408.6759452976	54.29775810241699	1343463.1317831553	78.2882776260376	1343062.251862478	68.56865620613098	1343300.748539396	53.34341335296631	1342996.8868784166	60.30243158340454	1342638.1180867013	55.80416011810303	1341822.9983262417	
46.72003698348999	1343624.8278737257	76.64304375648499	1343497.3769945034	76.91447257995605	1343472.6446424788	46.33391880989075	1334437.1455517248	54.31283211708069	1343467.4582926927	78.31028699874878	1343062.4959418823	68.58266139030457	1343291.0391531324	53.35706949234009	1342890.1656159835	60.34850835800171	1342637.4856211275	55.826441287994385	1341819.6463540024	
46.73353385925293	1343630.9894288084	76.67225384712219	1343508.9976801372	76.94166684150696	1343898.6184354224	46.34893083572388	1334843.5455080678	54.327338457107544	1343439.988448461	78.3368067741394	1343060.4867800134	68.59916806221008	1343285.0278566428	53.36995458602905	1342876.4267166944	60.39327311515808	1342649.7668152503	55.8498420715332	1341807.5311636375	
46.74860620498657	1343634.2331840233	76.70479035377502	1343499.4294490756	76.96819972991943	1343900.2563799743	46.36366629600525	1334834.6246491838	54.34435701370239	1343413.749226429	78.36200141906738	1343065.815447087	68.61608529090881	1343289.6581430794	53.38245987892151	1343196.1405473384	60.434465169906616	1342653.5817574172	55.88198518753052	1341809.7156457324	
46.76316523551941	1343659.1689864867	76.73934006690979	1343531.1107546403	76.99521160125732	1343898.1707057324	46.37817096710205	1334832.2059547468	54.35887670516968	1343391.687820622	78.39204716682434	1343067.0845586758	68.63260078430176	1343323.9303342677	53.39496469497681	1343204.645376354	60.47901654243469	1342652.6609630233	55.90856456756592	1341789.947286724	
46.77704405784607	1343672.5609846758	76.76947402954102	1343517.7041756276	77.02135133743286	1343882.1728881388	46.392186880111694	1334390.1084495527	54.37418293952942	1343154.4667188728	78.41657996177673	1343081.9208264768	68.64795684814453	1343258.8855190717	53.41013050079346	1342905.9634369928	60.511536836624146	1342516.1196457113	55.93326950073242	1341776.1851540515	
46.79198098182678	1343663.7294792573	76.79909443855286	1343532.521426585	77.0469138622284	1343890.30543896	46.40769410133362	1334421.8435941765	54.38988518714905	1343487.9771424194	78.44124150276184	1343087.439173005	68.66271829605103	1343259.6388285724	53.42414116859436	1342921.0241511962	60.55627369880676	1342541.7246760512	55.95793628692627	1341797.464908005	
46.804253578186035	1343656.713205818	76.8339307308197	1343504.5764919473	77.07555985450745	1343634.755538294	46.42120909690857	1334422.7772929366	54.40410923957825	1343496.3751218347	78.46477246284485	1343063.709506045	68.67823076248169	1343259.7310276022	53.43934488296509	1343311.707663011	60.59450125694275	1342553.3027568662	55.97809171676636	1341786.7496586004	
46.81788420677185	1343657.5487983024	76.86240530014038	1343519.465798217	77.10486483573914	1343907.9890447608	46.43673586845398	1334398.8531386005	54.41762971878052	1343578.2139310963	78.48940539360046	1343060.961180734	68.69399547576904	1343270.7058425476	53.45419454574585	1343317.191198364	60.648491621017456	1342553.4723375458	56.00095510482788	1341794.163588795	
46.8311083316803	1343661.989625277	76.89303874969482	1343502.3539226293	77.13172626495361	1343917.5622669854	46.451754570007324	1334384.5838981373	54.43131399154663	1343595.8616423456	78.51492285728455	1343083.1762080202	68.70797038078308	1343267.5726607726	53.468093156814575	1343325.983896382	60.680020809173584	1342540.2508058748	56.021079301834106	1341817.957345446	
46.84512758255005	1343668.093331793	76.91905474662781	1343490.5992198992	77.15723991394043	1343893.7060160278	46.46726131439209	1334385.3574627603	54.445831060409546	1343343.014700704	78.5394651889801	1343069.7049906405	68.72147464752197	1343266.77464558	53.482927083969116	1343325.5445520657	60.73046088218689	1342492.4200201519	56.040608167648315	1341825.598617198	
46.861135959625244	1343744.9392115478	76.95098567008972	1343510.9073850212	77.18430352210999	1343904.8169146532	46.48327159881592	1334386.526995381	54.45960736274719	1343346.4060739889	78.56569004058838	1343015.315658466	68.73917746543884	1343257.6156567605	53.49643611907959	1343326.4704998834	60.768587589263916	1342548.7270173896	56.05946183204651	1341868.3560444878	
46.875884771347046	1343752.2465227589	76.98262310028076	1343472.8448038346	77.21449732780457	1343337.419099495	46.49777936935425	1334408.9801204852	54.47612285614014	1343348.9182014873	78.59023523330688	1343176.2503050095	68.75572943687439	1343273.6859387069	53.51199007034302	1343329.8286849873	60.80807399749756	1342621.0843536688	56.084412813186646	1341898.8606992161	
46.89041495323181	1343753.3975753041	77.01105809211731	1343431.365593341	77.24379968643188	1343328.547226218	46.511537075042725	1334409.1187370995	54.49015927314758	1343360.23323061	78.61575555801392	1343115.6887107547	68.76923489570618	1343287.918501386	53.527796506881714	1343333.911119436	60.85994863510132	1342632.0387272635	56.108421325683594	1341877.7174454834	
46.90292167663574	1343753.539068591	77.0434501171112	1343434.1340371221	77.27019309997559	1343640.8877848864	46.52697777748108	1334417.8241557647	54.502663135528564	1343388.7834300855	78.64790105819702	1343081.6201114687	68.78424549102783	1343286.1342043062	53.54232144355774	1343338.7770179857	60.8955078125	1342603.5515354506	56.131484031677246	1341877.1476933453	
46.916424036026	1343760.9291487841	77.07318305969238	1343449.630667687	77.29719758033752	1343635.1051106406	46.542107343673706	1334447.1888735665	54.5176796913147	1343404.8630631294	78.67242527008057	1343091.9927737534	68.79874920845032	1343273.063558207	53.55533194541931	1343335.034636764	60.93703508377075	1342752.2068331158	56.157747983932495	1342207.9426229696	
46.93143272399902	1343746.535102642	77.10001707077026	1343447.0238268988	77.3237247467041	1343646.8052085927	46.55863046646118	1334469.0166171375	54.53070306777954	1343413.6169532314	78.69794344902039	1343221.9871162958	68.81273436546326	1343266.2550649848	53.56893968582153	1342726.7782195255	60.979727268218994	1342750.2571701843	56.1851282119751	1342213.1363320497	
46.94642877578735	1343751.8438851573	77.13140439987183	1343469.568187155	77.35043239593506	1343660.9271490823	46.57365012168884	1334478.2190081489	54.54321503639221	1342947.8633395508	78.72095918655396	1343234.2353911668	68.82755446434021	1343268.8251863408	53.58344745635986	1342718.761477767	61.01627516746521	1342751.9753241425	56.20771336555481	1342229.00808563	
46.960437297821045	1343237.6549636296	77.16103458404541	1343305.0945692956	77.37581205368042	1343663.4918718666	46.587157249450684	1334494.4490882175	54.55823493003845	1342952.739957882	78.74403285980225	1343268.4197519803	68.84132122993469	1343285.7674081074	53.597328662872314	1342692.7933180372	61.05751919746399	1342754.1694317698	56.22762179374695	1342201.6443366522	
46.973448038101196	1343227.5702407248	77.19305491447449	1343474.117308753	77.40234208106995	1343661.439908083	46.60117149353027	1334773.6858749297	54.5739369392395	1342969.6762665785	78.76755690574646	1343266.544062913	68.85691213607788	1343321.4780071892	53.61010718345642	1342662.2719021207	61.10436487197876	1342742.9831576583	56.25085473060608	1342114.5235005089	
46.98996448516846	1343213.4970129055	77.22743535041809	1343499.0571237898	77.43019676208496	1343844.1952675655	46.61568307876587	1334779.174160576	54.58819890022278	1342972.1409604112	78.79180026054382	1343334.6911324912	68.87187838554382	1343349.2736073409	53.62563157081604	1342870.641087728	61.150184631347656	1342736.1492320143	56.2721426486969	1342111.845814707	
47.00491237640381	1343218.701936069	77.25745439529419	1343497.3398428587	77.4568099975586	1343853.1546739284	46.63120698928833	1334845.0594052135	54.60378050804138	1342972.4078978638	78.8183217048645	1343377.3202697502	68.88589000701904	1343358.6894494595	53.63814091682434	1342871.101676427	61.18556618690491	1342707.9979320434	56.2930269241333	1342118.7768313037	
47.01915717124939	1343204.7325220266	77.28813409805298	1343528.0162629278	77.48582649230957	1343633.2328370796	46.64371919631958	1334847.6919723384	54.618374824523926	1342961.7268097524	78.84235000610352	1343372.7030326882	68.89939427375793	1343362.4766580511	53.65220665931702	1342939.7539566206	61.22034764289856	1342708.57635727	56.31993746757507	1342193.5526577297	
47.03495454788208	1343211.330801947	77.31864881515503	1343534.186341632	77.51385831832886	1343392.4106062297	46.65857648849487	1334666.4230454257	54.632132053375244	1342924.4591310718	78.8679587841034	1343369.0700096735	68.91290140151978	1343358.2081006684	53.6652934551239	1342653.1836476924	61.252707719802856	1342713.9990628506	56.338006019592285	1342200.0502382552	
47.04964852333069	1343210.093260524	77.34688377380371	1343487.0237016052	77.54097652435303	1343615.4025288515	46.672645807266235	1334670.8470992553	54.64577579498291	1342923.129777941	78.89114713668823	1343341.733717217	68.92845487594604	1343358.0800846373	53.677361488342285	1342623.813107433	61.27543783187866	1342730.571827959	56.36164951324463	1342197.8238442882	
47.062660455703735	1343182.8264201344	77.3769793510437	1343265.1716673658	77.56599473953247	1343543.0281462753	46.68815350532532	1335038.932901278	54.65979290008545	1342950.4192664628	78.91667103767395	1343338.855547548	68.94346261024475	1343299.595538552	53.69216012954712	1342799.8864941734	61.30145573616028	1342755.4757430498	56.381009340286255	1342196.526990307	
47.07689023017883	1343386.859587107	77.4107255935669	1343236.9384532054	77.5902807712555	1343799.881525466	46.703670263290405	1335081.9138029045	54.67330574989319	1342947.947188755	78.94341039657593	1343319.9550745212	68.95909309387207	1343317.6293522103	53.70717644691467	1342752.6852187014	61.32761240005493	1342714.0255090273	56.40220522880554	1342381.6646603143	
47.09190344810486	1343388.2456470812	77.44236946105957	1343239.0306164413	77.61681127548218	1343805.123633682	46.71884274482727	1335095.540439766	54.686814308166504	1342952.8782023434	78.96720385551453	1343308.144399697	68.97577023506165	1343348.330231743	53.722033739089966	1342754.4355275847	61.351906061172485	1342760.7654858278	56.42064714431763	1342364.56875879	
47.106409788131714	1343376.288884725	77.47485709190369	1343932.0244283103	77.64333820343018	1343768.7225921873	46.73437428474426	1335003.5693892268	54.699830293655396	1343237.631239516	78.99059653282166	1343299.7945445352	68.98927569389343	1343352.7952728511	53.73573040962219	1342824.468747675	61.3748893737793	1342764.9381050572	56.440606355667114	1342154.9253906182	
47.12148952484131	1343382.5179304504	77.51237082481384	1343137.3048131692	77.678955078125	1343786.0186552953	46.74788165092468	1335024.368607702	54.71273469924927	1343242.5518441973	79.01469254493713	1343309.227003973	69.0032844543457	1343376.9765355259	53.748279333114624	1342834.5271168274	61.399280309677124	1342794.5172118975	56.46218204498291	1342145.9760019686	
47.13872051239014	1343376.895572077	77.5409209728241	1343231.4075059788	77.7097601890564	1343761.6642445775	46.7615921497345	1335023.4032537672	54.72724795341492	1343349.4499260748	79.03883647918701	1343319.4942982679	69.01879930496216	1343366.9725044395	53.76248359680176	1342788.6968167515	61.42229104042053	1342790.4272605951	56.48282074928284	1342143.424679518	
47.1545569896698	1343380.2042117873	77.5706992149353	1343206.303241838	77.74215626716614	1343779.9243127676	46.77710223197937	1334756.872973807	54.74217963218689	1343344.172370644	79.06246709823608	1343319.5127806745	69.03378367424011	1343371.2995262984	53.77798819541931	1342678.610313093	61.446697473526	1342794.9835961359	56.50260829925537	1342164.939478578	
47.16956400871277	1343434.0702482536	77.61146998405457	1343360.2569735122	77.77779531478882	1343758.9268611432	46.7946252822876	1334694.197464864	54.75669264793396	1343378.3777332408	79.08757996559143	1343323.3387036622	69.04899668693542	1343332.4623767978	53.79336380958557	1342641.545446038	61.485809564590454	1342801.7410572688	56.52715301513672	1342171.4166788158	
47.184585094451904	1343458.6635322468	77.64870882034302	1343376.5163733463	77.81254720687866	1343741.7763237325	46.808799028396606	1334717.1831568826	54.7709379196167	1343372.642064003	79.11018800735474	1343320.1972682816	69.0668830871582	1343341.046482452	53.807385206222534	1342745.644983166	61.51088619232178	1342692.3905993577	56.549452781677246	1342209.306101237	
47.19800615310669	1343459.6827224428	77.67815399169922	1343368.4389974838	77.84551429748535	1343722.7919682178	46.82281804084778	1334683.2014579233	54.78481316566467	1343377.1234494816	79.13561177253723	1343256.7278461857	69.08138871192932	1343339.3319755022	53.8223602771759	1343099.045942076	61.538252115249634	1342751.4936920896	56.56751012802124	1342211.7370722804	
47.21272897720337	1343462.2928325415	77.70923733711243	1343366.2392800548	77.88215327262878	1343052.034850147	46.836832761764526	1334340.1714602564	54.798916816711426	1343376.00679689	79.16002058982849	1343254.7871840515	69.09611868858337	1343282.235567375	53.836737394332886	1343177.954693918	61.567774295806885	1342827.4432300378	56.58810257911682	1342213.2880843705	
47.227237939834595	1343458.8097972535	77.73509430885315	1342991.300455319	77.91320967674255	1343054.8414646096	46.85034418106079	1334350.163648921	54.81294536590576	1343353.3578817074	79.18536376953125	1343255.8748902972	69.11313009262085	1343266.4301983234	53.85175848007202	1343183.9534535613	61.591806173324585	1342825.5440479305	56.60636258125305	1342214.5542948493	
47.24372744560242	1343460.0750972067	77.76543617248535	1342985.0115469093	77.94699144363403	1343033.2289090117	46.8663535118103	1334502.5000280743	54.82651472091675	1343349.484361716	79.2103660106659	1343310.710872307	69.12863826751709	1343335.7929934438	53.86726641654968	1343188.5181709134	61.617859840393066	1342827.3260591244	56.634520053863525	1341931.235496394	
47.25823187828064	1343453.4533048954	77.7914469242096	1343001.8991978473	77.97834157943726	1343017.3790397253	46.877859354019165	1334508.7727231751	54.83922719955444	1343326.3666240014	79.23514413833618	1343314.424862851	69.14365220069885	1343322.6768331965	53.88538217544556	1343180.9073558631	61.64660882949829	1342816.4935839684	56.6614511013031	1341935.4885701602	
47.27298879623413	1343453.7050241502	77.82362675666809	1342997.6219011184	78.01337575912476	1343020.2993719336	46.89037108421326	1334514.2631793926	54.85274600982666	1343344.619648828	79.25856304168701	1343305.870844903	69.15791010856628	1343321.7540516173	53.90139675140381	1343180.8994094392	61.67085814476013	1342812.753580937	56.677621841430664	1341946.4895100761	
47.28622269630432	1343441.8082163103	77.85142016410828	1342826.5728433449	78.04150748252869	1343024.0503284943	46.906355142593384	1334511.9475464278	54.865251779556274	1343346.5708501996	79.28343152999878	1343296.3522868974	69.17290830612183	1343324.8107579288	53.9155707359314	1343181.1114778523	61.694228410720825	1342661.0397786666	56.692100048065186	1341948.650518135	
47.30023384094238	1343456.850716132	77.88295125961304	1342807.6245946724	78.0730471611023	1343029.0101146076	46.917890548706055	1334510.0508900525	54.880268573760986	1343129.9355320418	79.3066725730896	1343251.5021425579	69.18741941452026	1343324.0565815482	53.93019700050354	1343200.887434094	61.72858715057373	1342658.0405851048	56.70411801338196	1341948.5825184672	
47.31474161148071	1343498.7581030761	77.91446661949158	1342802.712814614	78.11183571815491	1343030.4688802857	46.93241095542908	1334689.7617498944	54.89530372619629	1343106.9597603423	79.33377385139465	1343330.9676556748	69.20343041419983	1343318.6276458513	53.94521117210388	1343228.4003290583	61.750503063201904	1342662.6952838001	56.719852447509766	1341947.3874841118	
47.329754114151	1343501.5250663548	77.94448733329773	1342769.8510719317	78.14674186706543	1343021.329205697	46.945919036865234	1334702.3930104813	54.90983319282532	1343127.1396557384	79.35676002502441	1343282.325590769	69.21693706512451	1343319.6696166778	53.960426568984985	1343227.3886988244	61.771515130996704	1342660.7390364127	56.7331600189209	1341944.924677037	
47.34526205062866	1343453.4988590863	77.97123575210571	1342785.7104171861	78.18435168266296	1342968.3282617757	46.958796977996826	1334745.7987857594	54.923977851867676	1343140.8265139577	79.38406753540039	1343276.3649233	69.23094511032104	1343308.9389563724	53.974809885025024	1343212.9246593069	61.79654884338379	1342657.4809505125	56.75033473968506	1341913.6865985002	
47.361475229263306	1343450.6665152567	78.0042679309845	1342794.60923558	78.21892666816711	1342966.7429213775	46.97242856025696	1334683.8023445865	54.93899488449097	1343143.6603220652	79.40798854827881	1343268.6950167893	69.24595785140991	1342966.8790960615	53.98831343650818	1343214.5062817272	61.8185772895813	1342693.5360025063	56.765676498413086	1341941.8366603479	
47.37629294395447	1343787.9712389712	78.03753590583801	1342794.7416172216	78.24923753738403	1342958.4122356558	46.98706412315369	1334668.5122517617	54.957515239715576	1343142.8346518453	79.43353009223938	1343498.902186716	69.25948905944824	1342967.0299594807	54.00232529640198	1343194.199828578	61.842933177948	1342691.8450994717	56.77968120574951	1341912.9149420906	
47.39131045341492	1343984.2979843174	78.06942939758301	1342788.1490154953	78.28339862823486	1342947.8947866182	47.00033235549927	1334708.2523392506	54.97477650642395	1343136.112993808	79.46107888221741	1343462.6589093162	69.27299547195435	1342982.1884275002	54.015141248703	1343223.2061132262	61.883806228637695	1342692.9643943	56.79554724693298	1341910.586216753	
47.40396738052368	1343984.1680675014	78.09894824028015	1342785.9464838798	78.30946278572083	1342947.6467526758	47.01493740081787	1334567.3155848137	54.989792823791504	1343131.6576830368	79.48724794387817	1343421.2500640035	69.28700423240662	1342963.748577331	54.03500270843506	1343178.6474754452	61.9121949672699	1342694.1237442624	56.810908794403076	1341938.7957772366	
47.41848087310791	1343988.5870608266	78.12946796417236	1342783.6761108276	78.33716177940369	1342958.2009799546	47.028953552246094	1334602.1974127428	55.00530195236206	1343145.1876341572	79.5116937160492	1343395.2387107713	69.30050826072693	1342957.627718759	54.060070514678955	1343182.8800254122	61.936726093292236	1342685.365660644	56.8242244720459	1341953.415460694	
47.43349528312683	1343741.4852840346	78.15855574607849	1342790.5764680463	78.36132788658142	1342968.3092261094	47.04299330711365	1334596.8110682121	55.02033829689026	1343131.9251556825	79.53628778457642	1343730.9506463476	69.31352066993713	1342975.8714650448	54.084179162979126	1343182.563257097	61.96375274658203	1342698.532433067	56.839797496795654	1341953.7112117428	
47.44825720787048	1343741.645510939	78.19107294082642	1342799.31555966	78.38448929786682	1342959.8078051421	47.056140184402466	1334591.3811760426	55.03453993797302	1343137.3470774074	79.56309199333191	1343443.9141629722	69.32848954200745	1342998.7572430086	54.10645341873169	1343182.5152764958	61.98878741264343	1342690.9530384121	56.85399007797241	1341996.3026343123	
47.46126961708069	1343749.227250472	78.22217392921448	1342803.8124087534	78.40945601463318	1342949.464329994	47.06964468955994	1334629.057939925	55.04954957962036	1343086.1566135176	79.58857583999634	1343462.9502463788	69.3435001373291	1342901.7274775077	54.13052988052368	1342722.2627875765	62.02182626724243	1342705.6126834585	56.867525815963745	1342004.615033133	
47.47676610946655	1343750.66043404	78.25256586074829	1342796.9794258003	78.43667507171631	1342962.061555204	47.085663080215454	1334285.8679784257	55.06406354904175	1343103.805741619	79.611741065979	1343459.6038844092	69.36050367355347	1342905.6808118874	54.154213190078735	1342214.1641698924	62.04359221458435	1342680.6392787315	56.88105511665344	1341998.9246820721	
47.49248456954956	1343751.5777069891	78.27809405326843	1342808.1212386717	78.46369934082031	1342968.8053721755	47.100982904434204	1334263.7148532632	55.07912087440491	1343113.7875938406	79.63689374923706	1343476.6410400996	69.37590003013611	1342961.515142067	54.17730164527893	1342207.892607606	62.066237688064575	1342727.253376007	56.8953800201416	1341990.7273818487	
47.51147794723511	1343768.6128758271	78.307612657547	1342806.481072404	78.49261546134949	1342985.1169947977	47.116493225097656	1334261.0043456028	55.094075441360474	1343060.2348604982	79.66561555862427	1343476.5279537481	69.39093041419983	1343339.5289192034	54.19916653633118	1342205.4097671423	62.093254804611206	1342738.8122277604	56.91105842590332	1342308.9630413258	
47.52649712562561	1343775.8506411314	78.3376317024231	1342804.919711132	78.51518702507019	1342993.4828513328	47.12950849533081	1334257.8535755796	55.109049558639526	1343061.4266272744	79.69334959983826	1343493.5170601127	69.40623068809509	1343342.2402227859	54.222265005111694	1342291.2674462234	62.118520975112915	1342747.9038109346	56.926273584365845	1342313.465175281	
47.542516231536865	1344029.569223685	78.36811637878418	1342844.0754254092	78.53953790664673	1343465.177133099	47.14552307128906	1334556.4408695472	55.1235716342926	1343121.6834748087	79.715585231781	1343417.2378761568	69.42076802253723	1343303.7846439185	54.24618697166443	1342287.3843931514	62.14906024932861	1342745.7841400532	56.93942213058472	1342327.162910911	
47.55807113647461	1344010.178723658	78.39536952972412	1342888.0101904657	78.56787776947021	1343458.6362591505	47.15970516204834	1334588.4253990995	55.138163566589355	1343124.4895836974	79.74045538902283	1343427.013701353	69.437180519104	1343314.8113543175	54.2745635509491	1342300.2129534655	62.17792558670044	1342746.3770411322	56.955405950546265	1342275.7996714017	
47.57363772392273	1344009.9619899988	78.42975807189941	1342880.1402370897	78.59089922904968	1343453.5546955992	47.17371869087219	1334322.2046661335	55.15147638320923	1343740.767026729	79.76319861412048	1343419.1138205195	69.45269775390625	1343263.532935815	54.29907560348511	1342286.3801724254	62.2021381855011	1342755.7745160258	56.971540212631226	1342294.9890999577	
47.58865261077881	1344029.3084483803	78.46069145202637	1343199.748629303	78.62551951408386	1343454.9410297524	47.18722438812256	1334339.0712852448	55.16698479652405	1343797.2811915323	79.7921953201294	1343451.7090324387	69.46593141555786	1343263.06569922	54.3273549079895	1342215.6619827456	62.22215509414673	1342732.3702185145	56.98609900474548	1342301.1792165453	
47.603564977645874	1344026.2781322256	78.49049830436707	1343208.7112898673	78.65233969688416	1343455.1543162116	47.20123529434204	1334331.9671862186	55.18078541755676	1343796.726861866	79.8160092830658	1343459.0435824927	69.48043513298035	1343018.4783297183	54.354390144348145	1342164.484166243	62.24941539764404	1342759.1587380976	57.000263929367065	1342301.2311270724	
47.61807298660278	1344006.393264319	78.52157163619995	1343230.9685798842	78.67694020271301	1343322.857992403	47.215747117996216	1334563.432630175	55.19587278366089	1343793.761132619	79.83932495117188	1343460.020270489	69.49544501304626	1343017.8544404635	54.38101577758789	1342161.0498553275	62.277933835983276	1342676.3060581638	57.014172077178955	1342299.7372599866	
47.6338152885437	1343461.8875849033	78.54748773574829	1343230.2935119127	78.70424461364746	1343328.3424588642	47.22976207733154	1334581.4979158482	55.21187353134155	1343139.0640047914	79.86592936515808	1343460.177731821	69.51095271110535	1343068.1234783672	54.408759117126465	1342105.832718587	62.30496573448181	1342695.962395073	57.02986240386963	1342307.043661391	
47.65083432197571	1343462.6655979063	78.57484412193298	1343206.356878226	78.72947716712952	1343308.8016557617	47.24578142166138	1334316.851460208	55.22760081291199	1343124.3528478085	79.89147162437439	1343472.1192417855	69.52696204185486	1343073.0879637992	54.43497705459595	1342152.8186964027	62.32882380485535	1342683.9241779507	57.044111013412476	1342323.624805442	
47.6665141582489	1343355.2211553443	78.61464834213257	1343227.2501320115	78.75842452049255	1343440.8728089756	47.26179337501526	1334302.6671735095	55.244500398635864	1343170.3450788937	79.91731834411621	1343486.3203662853	69.54146599769592	1343091.2595538679	54.46204686164856	1342147.3356410086	62.3528368473053	1342673.391565272	57.06045198440552	1342300.419973826	
47.68176627159119	1343356.1156287978	78.64433813095093	1343220.9818602013	78.78195786476135	1342939.8491926086	47.27530312538147	1334306.6006122022	55.25885605812073	1343135.059875228	79.94126415252686	1343480.2642823108	69.55650472640991	1342374.3172339578	54.48818755149841	1342143.2443501304	62.375348806381226	1342709.6317380345	57.07602500915527	1342320.0461969515	
47.69527626037598	1343355.5817997248	78.67285919189453	1343345.2937727121	78.81099390983582	1342925.864629019	47.289811849594116	1334308.7729016256	55.27390813827515	1343095.383625787	79.96898603439331	1343433.5734400896	69.57011318206787	1342387.854273433	54.51276731491089	1342148.7395909727	62.4029278755188	1342711.297129785	57.09126257896423	1342322.238791902	
47.71022701263428	1343361.8003400275	78.7063901424408	1343357.1028949015	78.8360185623169	1342907.5691418487	47.30301761627197	1334265.6962380898	55.287460803985596	1343138.7798009266	79.99399900436401	1343464.2783801283	69.58304953575134	1342388.1462337598	54.542136430740356	1342123.7553047792	62.424946784973145	1342713.21726793	57.106767416000366	1342314.7679802692	
47.725491762161255	1343359.0899549194	78.73802947998047	1343377.6486485403	78.8655514717102	1342857.0388591539	47.31754159927368	1334265.679234643	55.30406475067139	1342690.4500386063	80.01985812187195	1343459.2068718965	69.59855675697327	1342384.4937005127	54.56450533866882	1342141.3980055861	62.45289587974548	1342709.0843029323	57.121352672576904	1342050.2008097162	
47.741153717041016	1343358.2842032695	78.76963758468628	1343396.6226617794	78.88781690597534	1342855.151081775	47.333048582077026	1334306.2545729463	55.31878662109375	1343121.6309469764	80.04460716247559	1343483.3199266205	69.6145875453949	1342385.150714893	54.59092426300049	1342197.4256259329	62.48004221916199	1342701.4341325026	57.13836193084717	1342044.7772321245	
47.754661321640015	1343352.3927807403	78.79715609550476	1343405.5994621364	78.9101231098175	1342888.412186848	47.34855556488037	1334308.86658627	55.334962606430054	1343112.3351870116	80.07098245620728	1343479.1410813646	69.62955832481384	1342375.9839542955	54.61719489097595	1342204.2081170361	62.50609636306763	1342688.9737953113	57.15195035934448	1342146.932456053	
47.76816511154175	1343362.943093423	78.8244264125824	1343416.8176013196	78.93615770339966	1342853.52052387	47.3633177280426	1334283.6931532093	55.350975036621094	1343802.4125752405	80.09737062454224	1343464.3671053136	69.64428162574768	1342355.927981966	54.642935276031494	1342189.302461016	62.532814264297485	1342684.9639090532	57.166794538497925	1342049.5426986117	
47.78550577163696	1343346.631765686	78.84894275665283	1343414.6116346663	78.96398687362671	1343011.1369460886	47.37582588195801	1334288.9550096183	55.36611795425415	1343804.3497052158	80.12219381332397	1343463.8370046066	69.65893888473511	1342370.4933847245	54.66718292236328	1341947.2566539105	62.557260036468506	1342706.328655787	57.18112254142761	1342060.2311597434	
47.80064916610718	1343388.3284010366	78.87503862380981	1343405.0546828557	78.98815178871155	1343004.941400431	47.391841650009155	1335491.788572983	55.37991738319397	1343784.3693545565	80.15171432495117	1343480.4715926552	69.67294669151306	1342330.1093007356	54.69287657737732	1341952.0790812492	62.58211612701416	1342705.1357479524	57.19534111022949	1342070.705560859	
47.81685495376587	1343405.0409818592	78.89804720878601	1343388.9020848398	79.01476311683655	1342982.6451698716	47.40634727478027	1335466.0843346282	55.39561891555786	1343750.2718216965	80.17778444290161	1343463.4707270057	69.68945407867432	1342359.8642750746	54.71932816505432	1342224.501374501	62.60688495635986	1342717.6921848925	57.20965075492859	1342051.2379583893	
47.831873655319214	1343415.4871464332	78.92158555984497	1343403.0081846518	79.0392951965332	1343097.9135801245	47.42136478424072	1335076.5756700416	55.410701274871826	1343726.1425015626	80.20473408699036	1343456.0038064874	69.70196080207825	1342355.9613424586	54.74926733970642	1342221.222692381	62.62860178947449	1342694.961087649	57.22215723991394	1342058.3346884027	
47.8457133769989	1343415.738903212	78.94639921188354	1343406.9422667031	79.06682562828064	1342846.7614974726	47.437389612197876	1335055.9751088885	55.427406311035156	1343192.7164347146	80.22995114326477	1343475.3498138029	69.71644568443298	1342369.2336273524	54.77394104003906	1341964.7657340486	62.656808853149414	1342838.6916411596	57.23566246032715	1342060.8340091815	
47.85872173309326	1343423.4104482469	78.97141790390015	1343400.2265427858	79.1006076335907	1342937.7970897346	47.45241379737854	1335058.14355429	55.4414336681366	1343201.70527998	80.2588460445404	1343452.9961541519	69.73053860664368	1342364.841633127	54.79925060272217	1341714.418211753	62.68082308769226	1342845.9800765803	57.25167155265808	1342064.4912617893	
47.87253546714783	1343401.6697078825	78.99899291992188	1343270.3485147287	79.12274980545044	1342937.534992549	47.46691942214966	1335059.6502249592	55.45744276046753	1343216.5171741638	80.28408646583557	1343473.302007933	69.74541902542114	1342366.6156133183	54.82732915878296	1341921.6443081724	62.707289934158325	1342763.802583472	57.265679121017456	1342112.102091084	
47.88721227645874	1343399.0058912102	79.02251863479614	1343264.2080296439	79.14759516716003	1342967.312124178	47.481935024261475	1335055.4477351361	55.472302198410034	1343225.3545918462	80.31151819229126	1343479.8179404526	69.75908660888672	1342364.9453236721	54.852171659469604	1341653.1199750795	62.73211050033569	1342617.2570608323	57.280686378479004	1342053.9569650337	
47.90137481689453	1343245.9687497364	79.04626488685608	1343272.303752382	79.17061638832092	1343057.1108298711	47.49694776535034	1335061.0189921672	55.485809564590454	1343235.8257964898	80.33912134170532	1343496.7060269692	69.77299046516418	1342366.525539372	54.876354455947876	1341655.9492135127	62.761043548583984	1342621.0353771034	57.29419159889221	1342068.8251097745	
47.916881799697876	1343231.4032740095	79.07128238677979	1343249.7342104798	79.19896817207336	1343048.2441866035	47.51009392738342	1335054.3297904297	55.50182819366455	1343232.7063941855	80.36331343650818	1343498.8983678962	69.78799962997437	1342344.5412436817	54.899723052978516	1341660.121737289	62.78506684303284	1342631.2219300717	57.30869650840759	1342062.1449438361	
47.93289852142334	1343077.823605682	79.09732246398926	1343264.6247258175	79.22700762748718	1343027.4364592799	47.524616956710815	1335051.6986963493	55.51882553100586	1343232.8196311009	80.39344000816345	1343512.0281701963	69.8020076751709	1342348.2190353961	54.929733991622925	1341673.7718481747	62.810927867889404	1342641.8854276086	57.3207049369812	1342066.630656706	
47.94891357421875	1343031.1971338561	79.12291669845581	1343270.082660765	79.2500307559967	1343029.0915748952	47.53812623023987	1335053.9798972486	55.53376221656799	1343203.2593413554	80.42497611045837	1343510.0253790738	69.81748509407043	1342302.575722685	54.961915493011475	1341656.7480775027	62.833441972732544	1342637.8052533143	57.33530640602112	1342073.942134582	
47.964524030685425	1343224.7867007982	79.14748668670654	1343266.2522520458	79.27207493782043	1342996.1880007032	47.55365538597107	1335000.1768849571	55.548022747039795	1343204.2295855975	80.44990825653076	1343526.6741867163	69.83194708824158	1342309.493257897	54.98400926589966	1341713.7122956982	62.85664987564087	1342639.9691457672	57.349961280822754	1342071.4120464276	
47.978575468063354	1343224.5336386668	79.17166900634766	1343300.4622143314	79.29760932922363	1343018.1260749528	47.56696128845215	1335005.4725737874	55.562424182891846	1343207.0247576686	80.4744918346405	1343503.8903820915	69.84571123123169	1342295.7236420836	55.00740623474121	1341703.9708794444	62.89318656921387	1342626.1511296928	57.36497092247009	1342023.1010493883	
47.99318194389343	1343215.0047361476	79.19741535186768	1343301.104408296	79.32492208480835	1343016.1406948473	47.58199429512024	1334997.9718210215	55.57793974876404	1343190.1921103965	80.49917078018188	1343498.7468082802	69.86153173446655	1342298.053941118	55.03419780731201	1341626.9525720149	62.92065954208374	1342587.5819581056	57.37847566604614	1342021.7145115703	
48.00676941871643	1343455.1683488488	79.22323822975159	1343284.0340751782	79.34928607940674	1343019.847155064	47.594501972198486	1334978.8738226271	55.593960762023926	1343197.3468240455	80.5231683254242	1343503.2569341583	69.87554240226746	1342290.2019043502	55.05886960029602	1341626.8770991273	62.94618535041809	1342586.748196646	57.39298868179321	1342032.1562466098	
48.02230525016785	1343450.0138647372	79.24975490570068	1343297.6603578543	79.3731689453125	1343021.817625973	47.611008167266846	1334990.1631626722	55.610153913497925	1343240.1011786803	80.54850840568542	1343511.7123475177	69.89004683494568	1342287.092192558	55.08488845825195	1341554.3869114467	62.97220420837402	1342559.7609859998	57.407092571258545	1341995.1641354845	
48.035364866256714	1343466.77340733	79.2752730846405	1343318.090155364	79.39619660377502	1343025.4850659105	47.62452673912048	1335022.3445996426	55.623170614242554	1343249.9427023325	80.5782721042633	1343513.16019169	69.90405774116516	1342290.7274130725	55.11000299453735	1341912.5894678284	63.0002338886261	1342567.4834570866	57.421101331710815	1341995.5498146478	
48.04961705207825	1343440.962896599	79.30279231071472	1343316.117603973	79.42026567459106	1343034.5019494344	47.643545389175415	1334921.5647859056	55.63600969314575	1343255.7750601417	80.60253095626831	1343492.5034344273	69.91856265068054	1342292.5438436451	55.133121967315674	1341816.5731615182	63.0279643535614	1342543.3785133276	57.43560600280762	1341795.2880566826	
48.06596064567566	1343452.4049217117	79.32531929016113	1343323.0931886798	79.44705963134766	1343025.7918374392	47.66005253791809	1334923.3427306982	55.64901781082153	1343259.6615256327	80.62613987922668	1343479.8053190233	69.93356943130493	1342320.9487065496	55.15660381317139	1341509.4124306932	63.0569109916687	1342550.085214383	57.449612855911255	1341795.205906695	
48.08013105392456	1343455.1813124665	79.35160636901855	1343327.4895200152	79.47260594367981	1342987.0379416859	47.676066398620605	1334875.102471633	55.66153025627136	1343270.478902067	80.64992761611938	1343510.1078431811	69.9470751285553	1342334.0258287797	55.18514156341553	1341698.2919151208	63.08292007446289	1342542.534620259	57.46562480926514	1341811.442367694	
48.09535574913025	1343438.9230410638	79.37714171409607	1343320.31166267	79.49522686004639	1343060.7245927544	47.691078662872314	1334919.469303277	55.67404341697693	1343262.0078372795	80.67741370201111	1343505.4326299888	69.96190309524536	1342335.0647087733	55.212740659713745	1341831.4032965926	63.11077880859375	1342555.1501593678	57.4781289100647	1341767.528002714	
48.11166548728943	1343181.3837584401	79.4056715965271	1343338.0175251595	79.52138328552246	1343074.64065282	47.70571732521057	1334941.1075363504	55.689053535461426	1343261.2697460225	80.70244073867798	1343535.132067353	69.97557401657104	1342334.909141447	55.237358808517456	1341846.3928219655	63.13830900192261	1342565.4213690995	57.49160408973694	1341805.7772289093	
48.12516951560974	1343145.8273155382	79.4302167892456	1343343.4324465161	79.54817962646484	1343085.6523630654	47.72172951698303	1334931.2741598128	55.703567028045654	1343272.751128077	80.72859454154968	1343522.962794718	69.98807859420776	1342345.0897625957	55.264193058013916	1341851.7754766291	63.16511917114258	1342576.6070168423	57.50614857673645	1341754.6461382888	
48.139702796936035	1343144.137598732	79.45906448364258	1343360.2847102825	79.5729455947876	1343078.3870612793	47.73674941062927	1334954.0500662874	55.717549562454224	1343278.8711227162	80.7506651878357	1343525.4659477593	70.00308585166931	1342333.4172261914	55.289204120635986	1341831.026650456	63.19709849357605	1342571.4361744686	57.52015686035156	1341767.7112381582	
48.154210805892944	1343160.8615306737	79.48758363723755	1343321.0409957222	79.5974817276001	1343092.1517700297	47.75126242637634	1335048.9195806223	55.73157334327698	1343286.2207946628	80.77564764022827	1343528.395357874	70.01860451698303	1342334.2367110027	55.31397581100464	1341832.4551103131	63.22364664077759	1342528.7627403967	57.53475046157837	1341894.540191143	
48.168317794799805	1342346.2973448285	79.52212500572205	1343279.3716432506	79.62358498573303	1342866.945457398	47.76646709442139	1335050.4839152552	55.74509000778198	1343260.784181053	80.80086541175842	1343532.292963404	70.03261184692383	1342355.8954468805	55.33760452270508	1341844.3884948476	63.25035762786865	1342537.5290065405	57.54825472831726	1341868.3841989124	
48.18250036239624	1342249.131826352	79.54972338676453	1343282.125983695	79.64927434921265	1342912.612388837	47.781485080718994	1335042.7220982115	55.75885462760925	1343271.7361182105	80.82451248168945	1343532.931948583	70.04637145996094	1342363.8267014925	55.362948417663574	1342321.0474553823	63.280762910842896	1342532.8455878699	57.56326341629028	1341915.8034737948	
48.19757890701294	1342270.08790631	79.57701134681702	1343241.3050572847	79.67511034011841	1342832.9739424698	47.796996116638184	1335040.4897931216	55.77320623397827	1343271.6843655515	80.84998035430908	1343512.920094296	70.06131625175476	1342341.4592326288	55.3881356716156	1342321.4451866893	63.31268882751465	1342555.1977919675	57.57627201080322	1341888.2280011186	
48.21097993850708	1342578.1576674208	79.61848664283752	1343254.0975778783	79.70037508010864	1342853.57149047	47.81451988220215	1335041.9177606797	55.787715435028076	1343277.7685156872	80.87281155586243	1343530.5116202459	70.07532501220703	1342270.9273826974	55.41688323020935	1342326.442801864	63.34020686149597	1342528.9851953592	57.59056615829468	1341932.145734931	
48.22548484802246	1342582.2737881932	79.6435158252716	1343260.5786137148	79.72524404525757	1342853.749959236	47.82953333854675	1335007.2003573645	55.802741050720215	1343269.147135288	80.89536762237549	1343539.6914752012	70.0908305644989	1342667.382428041	55.44224166870117	1342324.997856304	63.370227575302124	1342521.7559565573	57.60507154464722	1341906.1152528	
48.239495515823364	1342578.450619329	79.6710410118103	1343237.509766133	79.7479088306427	1342849.7776154287	47.842552185058594	1335006.493231317	55.81934142112732	1343266.3535299534	80.92152452468872	1343541.536365715	70.1061544418335	1342698.3064356074	55.47155404090881	1341913.8223547807	63.39927077293396	1342549.8552514864	57.61957621574402	1341909.415964057	
48.251999378204346	1342599.6446419987	79.69755792617798	1343212.818495547	79.77034878730774	1342860.0924566763	47.858057737350464	1335012.8147163675	55.833486795425415	1343311.3679446275	80.94654560089111	1343508.5313609543	70.12165927886963	1342305.130039203	55.49756574630737	1342254.5750103397	63.42679786682129	1342532.5614554468	57.631495237350464	1341907.5512185458	
48.268511056900024	1342614.0277215103	79.72760939598083	1343225.4086491694	79.79530048370361	1342854.3493433802	47.87407827377319	1335019.5186339952	55.84913086891174	1343312.438263711	80.96952152252197	1343508.2652654634	70.13560652732849	1342167.8320612735	55.52508330345154	1342259.963863974	63.457276344299316	1342502.4709558256	57.64450478553772	1341909.6433715003	
48.28235960006714	1342618.0206643254	79.7529866695404	1343226.9442186267	79.81846237182617	1342844.1189816496	47.89209699630737	1335023.9296867969	55.86402869224548	1343310.6976134626	80.99664759635925	1343419.6440598366	70.1496331691742	1342158.5083008988	55.55102562904358	1342344.2014356272	63.48851776123047	1342482.059884715	57.65700912475586	1341909.6433324115	
48.29539465904236	1342623.535372945	79.78001403808594	1343226.9083509576	79.84208869934082	1342820.6152075313	47.909852266311646	1335027.934254	55.87904381752014	1343312.1735676588	81.0221619606018	1343433.744639673	70.16541051864624	1342505.964670679	55.57791233062744	1342348.6275448152	63.51534152030945	1342494.882377467	57.67052364349365	1341903.4361307358	
48.30850958824158	1342624.9951223135	79.80853509902954	1343222.803350854	79.86613321304321	1342769.233125687	47.92387533187866	1335024.1555067494	55.89362907409668	1343304.4645626217	81.04934525489807	1343387.8409661585	70.17791533470154	1342509.384818993	55.603853702545166	1342324.3934032104	63.538737058639526	1342503.119992629	57.683717012405396	1341953.9463219238	
48.321772813797	1342621.9626998703	79.84328937530518	1343228.5789594704	79.89167261123657	1342754.6310268047	47.94138860702515	1335043.9000437814	55.90765309333801	1343300.194106502	81.07528138160706	1343166.4261016562	70.19141960144043	1342507.8277918096	55.62652397155762	1341841.5584163687	63.56043553352356	1342513.4614135227	57.696786880493164	1341959.7551570605	
48.33527946472168	1342617.2330500928	79.8694589138031	1343229.1950858294	79.91712093353271	1342817.5798346126	47.95840644836426	1335049.566788171	55.92469573020935	1343306.4652609332	81.0996344089508	1343180.8774970365	70.20442962646484	1342560.5210712056	55.65094876289368	1341850.6328774665	63.58995246887207	1342512.424791982	57.708290576934814	1341961.9841327418	
48.35029888153076	1342620.0002075927	79.89649605751038	1343233.794169849	79.94140315055847	1342816.9705377712	47.97324323654175	1335321.6003286722	55.940239667892456	1343292.7272064958	81.12350606918335	1343125.8617012699	70.2189347743988	1342561.3732614873	55.676504611968994	1341841.328846305	63.61646890640259	1342533.5248089675	57.721298933029175	1341962.1407948034	
48.36380434036255	1342625.1763034356	79.91950798034668	1343239.0742739863	79.96444511413574	1342818.6742481287	47.98975110054016	1335508.6856362745	55.95427322387695	1343296.7094503285	81.14493727684021	1343171.3741994991	70.23197865486145	1342567.0358208446	55.70558047294617	1341844.6636797627	63.64365530014038	1342529.4994050735	57.734307289123535	1341960.3348902573	
48.37581491470337	1342609.8166175373	79.94803237915039	1343234.370969719	79.9895293712616	1342772.8016517821	48.00995469093323	1335492.6438508022	55.969868898391724	1343282.612381405	81.17126083374023	1343176.0524066945	70.24690008163452	1342583.7434449135	55.731969594955444	1341847.194268321	63.67505192756653	1342547.2256735822	57.74793767929077	1341967.4951123055	
48.39140343666077	1342603.8417818956	79.97113060951233	1343223.015218263	80.01567912101746	1342771.9670603254	48.0254762172699	1335507.130191285	55.984983921051025	1343279.6479104243	81.19401478767395	1343210.521382424	70.26123023033142	1343174.1179952426	55.759186029434204	1341868.403073636	63.70768404006958	1342608.9224253518	57.75994563102722	1341970.4311391092	
48.4049232006073	1342600.0438366006	79.99866962432861	1343216.9171942177	80.03948545455933	1342769.4242674955	48.041494846343994	1335570.6271153162	56.00157308578491	1343262.3349507903	81.21878290176392	1343211.3379540327	70.2752251625061	1343174.21023104	55.78335762023926	1341884.492484942	63.73269844055176	1342605.1871693728	57.7749547958374	1341972.2612512538	
48.41842770576477	1342610.6519956924	80.02737998962402	1343318.722796315	80.06301069259644	1342890.4440237184	48.059003591537476	1335581.4509388108	56.01616644859314	1343251.0264316953	81.24342155456543	1343213.5942950852	70.28772926330566	1343174.4668372914	55.8073787689209	1341882.1533370123	63.75334858894348	1342763.1783428467	57.78696274757385	1341969.7234358417	
48.43461465835571	1342605.349857705	80.05941724777222	1343328.466544353	80.08502578735352	1342904.991236613	48.07401895523071	1335581.0304086253	56.03281354904175	1343247.884139443	81.26856398582458	1343207.8191912684	70.29923367500305	1343181.1316306174	55.83105707168579	1341859.950504932	63.77786302566528	1342781.2774653595	57.801719665527344	1341953.9420163075	
48.44865369796753	1342628.8656673792	80.08356142044067	1343332.9538423568	80.10829138755798	1342905.632793502	48.093031883239746	1335573.0411007488	56.04790759086609	1343232.1043395118	81.2927143573761	1343214.6173330545	70.31424403190613	1343180.6134990293	55.85341215133667	1341853.5562439726	63.799155712127686	1342814.0654744268	57.816224575042725	1341948.5705100356	
48.46266746520996	1342649.6549210863	80.1125738620758	1343329.1642548083	80.13230991363525	1342927.423809928	48.10704827308655	1335582.3374789706	56.06186652183533	1343228.8497124293	81.31693768501282	1343160.3132369353	70.33074879646301	1343173.2596544547	55.88016748428345	1341806.1127158564	63.82134747505188	1342824.567407917	57.83023476600647	1341951.859720883	
48.476341247558594	1342644.6335711589	80.14574074745178	1343347.379342609	80.15568995475769	1343214.934673022	48.123793840408325	1335590.7848958333	56.07589292526245	1343216.6990703533	81.34043431282043	1343305.809514543	70.34389424324036	1343177.2990089154	55.905176877975464	1341812.9213276333	63.83787226676941	1342745.3142424128	57.84574007987976	1341881.7386424118	
48.49075388908386	1342683.929460935	80.17502951622009	1343345.9367919539	80.18126153945923	1342891.9966004412	48.138808488845825	1335569.1385446226	56.09022307395935	1343229.3788994742	81.36784672737122	1343464.0248009753	70.3584349155426	1343167.8718791478	55.93021535873413	1341828.8317627856	63.85307335853577	1342733.5129367358	57.860546827316284	1341699.0787136157	
48.50562310218811	1342690.8858092509	80.20003867149353	1343340.0370042901	80.20202112197876	1342940.6450133037	48.153828620910645	1335584.9058076916	56.105589866638184	1343235.9075400853	81.3909912109375	1343461.2125866415	70.37431406974792	1343152.0439730522	55.956095457077026	1341820.1034675953	63.8686363697052	1342561.770846585	57.87355589866638	1341731.8114724597	
48.51914358139038	1342692.8707599496	80.2284791469574	1343322.0469746678	80.23174405097961	1342947.222618477	48.1699538230896	1335577.6744470908	56.11892485618591	1343237.9470763272	81.4169008731842	1343466.5367724407	70.3898184299469	1343137.0353905594	55.98035287857056	1341821.6466708211	63.882142066955566	1342563.764763818	57.88861632347107	1341727.1794257774	
48.533506870269775	1342694.0795323865	80.25099730491638	1343336.650201861	80.25576448440552	1343131.842865008	48.185965061187744	1335038.9218518976	56.13343644142151	1343207.9931364225	81.44410634040833	1343513.987017018	70.40297245979309	1343136.2937360983	56.00404238700867	1341847.2669029054	63.89514899253845	1342490.255815766	57.90171766281128	1341743.8410887127	
48.54857420921326	1342682.3595426066	80.28004431724548	1343352.03967989	80.28029155731201	1343133.9387873316	48.20097541809082	1335035.7422376636	56.14894342422485	1343196.3233518691	81.47035241127014	1343508.7998696864	70.41886377334595	1343131.992322684	56.029356718063354	1341844.4658935377	63.90993547439575	1342485.8397649643	57.91422176361084	1341767.492699518	
48.5616557598114	1342672.2235780398	80.30756402015686	1343338.5105390763	80.30554795265198	1342951.9710526753	48.21648597717285	1335065.1079997502	56.16239666938782	1343213.1527975318	81.49590849876404	1343534.2613274166	70.43276500701904	1343153.0372417634	56.05695819854736	1341843.2111464958	63.92324233055115	1342491.6481318776	57.928727865219116	1341759.7354381315	
48.576836824417114	1342611.9055160456	80.33660006523132	1343346.6302914505	80.33014917373657	1342927.263774776	48.23200821876526	1335242.0879940155	56.17917609214783	1343217.923168371	81.51815247535706	1343541.2561771162	70.44610333442688	1343167.5697154528	56.07934641838074	1341851.279253742	63.93679118156433	1342590.2270587827	57.94224190711975	1341736.041216541	
48.5918550491333	1342618.6289324763	80.36492323875427	1343303.142970542	80.35354852676392	1342999.9357604387	48.2485146522522	1335246.3838149796	56.192195653915405	1343222.8352267244	81.54258227348328	1343539.214741676	70.46009135246277	1343247.8479427106	56.10328936576843	1341839.1941856283	63.95184016227722	1342575.791985041	57.955997943878174	1341779.6204582793	
48.607542991638184	1343339.3937294239	80.39444017410278	1343297.382959721	80.37938261032104	1343002.5455871124	48.26353216171265	1335068.0835092615	56.20728421211243	1343723.9028737175	81.5698173046112	1343448.1745359157	70.47534680366516	1343196.3909356527	56.129857540130615	1341863.1083149577	63.965564489364624	1342583.0255330512	57.96950960159302	1341773.3877198852	
48.6215603351593	1343341.4732861388	80.42446780204773	1343351.5514736052	80.40199685096741	1343003.5887617208	48.28004050254822	1335213.517328104	56.22230577468872	1343686.8673659118	81.59299826622009	1343483.578033107	70.48985171318054	1343119.2402036309	56.160303354263306	1341851.0159775978	63.97808885574341	1342578.3882408876	57.98401618003845	1341770.3249740826	
48.63579797744751	1343347.2396117174	80.4527382850647	1343327.9155262886	80.42620968818665	1343004.55846842	48.29405951499939	1335228.325852365	56.23797273635864	1343696.0365014558	81.61697459220886	1343782.249766962	70.50636529922485	1343111.3700186652	56.18337559700012	1341804.579762507	63.99259352684021	1342572.305640034	57.99802613258362	1341741.649875198	
48.64830422401428	1343335.7836499626	80.48680067062378	1343334.964954074	80.45080637931824	1343009.4931998737	48.308077335357666	1335243.7095393855	56.25369310379028	1343699.0562807706	81.6454222202301	1343472.687189803	70.52306747436523	1343107.3939559471	56.20697355270386	1341847.534399546	64.00860381126404	1342596.8600053121	58.0120370388031	1341745.7527725091	
48.663814306259155	1343348.2000799503	80.51731538772583	1343287.4631263146	80.47749090194702	1343006.835175511	48.324095010757446	1335253.8857606247	56.26720118522644	1343696.16301362	81.67515802383423	1343475.1544727064	70.53657293319702	1343124.7584799752	56.230143547058105	1341867.0537527348	64.02210688591003	1342583.6896351995	58.02554202079773	1341765.2687425248	
48.67760634422302	1343488.631954313	80.54435992240906	1343263.3249672477	80.50292158126831	1342997.9580323992	48.338109731674194	1335313.8692002546	56.282217502593994	1343719.138557689	81.69815993309021	1343603.6837338903	70.55107760429382	1343141.409534284	56.25306415557861	1341845.9669628209	64.03715085983276	1342581.201864331	58.039549112319946	1341745.6753768926	
48.69273519515991	1343497.14901705	80.57077693939209	1343232.5203143756	80.52609658241272	1342969.027940829	48.353123903274536	1335302.768256861	56.29572415351868	1343726.0663461073	81.72357988357544	1343601.6526905023	70.5681037902832	1343155.9784357073	56.278138875961304	1341829.2047985694	64.05065536499023	1342572.7846713078	58.05360555648804	1341738.0346598448	
48.707239627838135	1343500.3971570225	80.6005187034607	1343255.728731036	80.55123281478882	1343162.517537375	48.366899490356445	1335310.8545453846	56.31129002571106	1343714.7029974873	81.74948287010193	1343571.0469277957	70.58259415626526	1343308.383958199	56.305351972579956	1341822.3705794723	64.06316018104553	1342584.269226269	58.06731200218201	1341759.0180245107	
48.722453355789185	1343526.7624404468	80.62574863433838	1343279.9450721983	80.57706356048584	1343607.5563234142	48.37940716743469	1335311.5590367701	56.32580375671387	1343700.7309003656	81.77604174613953	1343550.577154988	70.59660315513611	1343368.9472359065	56.329365730285645	1341833.799169959	64.07817316055298	1342584.3509832586	58.082321882247925	1341761.4018178708	
48.73859882354736	1343502.9082300283	80.65239477157593	1343279.2403931515	80.60209655761719	1343609.2615598387	48.39442467689514	1335271.5182511301	56.34082341194153	1344011.3788365272	81.80363273620605	1343563.6334540073	70.61010766029358	1343392.4001512132	56.353280782699585	1341806.8309854588	64.09167838096619	1342579.6107899328	58.09782695770264	1341759.9140005482	
48.75364804267883	1343476.2425348465	80.67863869667053	1343269.6827159005	80.6371898651123	1343175.7378349856	48.40893268585205	1335245.857771399	56.35534381866455	1344034.822891123	81.8296115398407	1343565.397973978	70.62511706352234	1343388.3066386466	56.37834048271179	1341845.479862204	64.10519051551819	1342582.8089099706	58.1138391494751	1341796.9025088316	
48.76715326309204	1343690.7754713616	80.7027907371521	1343176.3613520705	80.66445422172546	1343132.1909743047	48.42495107650757	1335253.8106048936	56.37230610847473	1344038.7965787174	81.85416197776794	1343555.0395972903	70.63962173461914	1343354.832975273	56.40111517906189	1341850.8633758016	64.1180272102356	1342581.7328421136	58.1283438205719	1341799.8912944088	
48.783212423324585	1343589.3567011897	80.72917866706848	1343178.2763900056	80.68925476074219	1343136.9973132687	48.4396870136261	1335255.5619546566	56.38893389701843	1344033.600216431	81.87637162208557	1343564.2422599394	70.65341210365295	1343099.1805926196	56.42769169807434	1341863.355735966	64.13153409957886	1342571.574984481	58.141857385635376	1341790.7260870044	
48.7967631816864	1343598.557287872	80.75299286842346	1343176.6100946756	80.7172577381134	1343162.445266614	48.453057050704956	1335256.5647250775	56.406049489974976	1344022.5166494132	81.8999297618866	1343552.654840033	70.66792917251587	1343061.005520731	56.45005702972412	1341863.8289140877	64.14654302597046	1342562.5079425217	58.15619206428528	1341825.0787371004	
48.81253695487976	1343607.759904462	80.77701020240784	1343189.471719418	80.743479013443	1343194.329580328	48.46756458282471	1335281.203994896	56.42130637168884	1343998.718371338	81.92421007156372	1343576.7263931106	70.68393611907959	1343276.7920870546	56.472448110580444	1341851.1992676302	64.15904879570007	1342564.5533509445	58.16970443725586	1341839.9419061397	
48.83054494857788	1343307.1536402225	80.80654191970825	1343171.33835345	80.76730418205261	1343190.8060310804	48.48258638381958	1335354.295900484	56.43587589263916	1343741.7197160425	81.94828701019287	1343586.5367962944	70.69698786735535	1343363.5456306424	56.49605917930603	1341870.7499022682	64.17255234718323	1342571.222483247	58.18321132659912	1341858.302932342	
48.846569299697876	1343405.1666071124	80.83402299880981	1343171.2353697268	80.79041838645935	1343206.616755166	48.49559473991394	1335342.2831728556	56.45259761810303	1343669.7395063855	81.97453951835632	1343592.0162765873	70.71113562583923	1343363.7542106626	56.52033090591431	1341849.8778472033	64.18556118011475	1342560.9515091649	58.19624161720276	1341863.4667911502	
48.85955739021301	1343610.082992799	80.86242461204529	1343192.119080285	80.81593775749207	1343206.7384636672	48.51234483718872	1335337.6961875162	56.46610474586487	1343677.5063986783	81.99869084358215	1343588.302060075	70.72600650787354	1343023.1854838855	56.54561400413513	1342125.6066645298	64.19906711578369	1342511.8730023315	58.210049629211426	1341864.4353496914	
48.87456560134888	1343630.1746805778	80.887850522995	1343197.6747530333	80.84109497070312	1343198.3288267774	48.52536058425903	1335079.6125500265	56.48113203048706	1343689.3854200854	82.0252001285553	1343595.7493767682	70.7405161857605	1343038.994448205	56.5680410861969	1342158.8434266404	64.21357131004333	1342528.398042488	58.2246572971344	1341864.3757782078	
48.887502908706665	1343640.5970597253	80.91609334945679	1343197.5382476721	80.86412620544434	1343206.2828545463	48.539870500564575	1335179.7445194458	56.49619650840759	1343202.3415413664	82.05000114440918	1343590.1685894725	70.75556755065918	1343044.3928115617	56.59590768814087	1341873.6883030753	64.22757983207703	1342502.9495686525	58.23959136009216	1341860.252265987	
48.90101361274719	1343634.6446481391	80.94511365890503	1343175.727730413	80.88967370986938	1343208.2156449314	48.55439853668213	1335182.0195311203	56.511714220047	1343203.0256461834	82.07602047920227	1343591.0509134387	70.77039170265198	1343044.2545376515	56.62102746963501	1341839.527594252	64.24101066589355	1342508.972720713	58.254292011260986	1341765.7055411937	
48.91352081298828	1343640.0634239365	80.97621321678162	1343183.7143509442	80.91707229614258	1343208.2227418914	48.56962013244629	1335178.4975275998	56.52623891830444	1343189.9820206088	82.09944343566895	1343614.601028249	70.78493738174438	1343043.2492315501	56.64494729042053	1341797.8177449866	64.25701785087585	1342505.8656511132	58.26821827888489	1341744.992401261	
48.92654252052307	1343648.040489424	81.00472927093506	1343176.0731717416	80.94218182563782	1343206.7368572187	48.58694791793823	1335157.9232847637	56.54227423667908	1343205.9336328919	82.12248611450195	1343612.8674014008	70.79840636253357	1343008.6255256764	56.667033672332764	1341779.6204946765	64.27152228355408	1342500.8480010843	58.28222703933716	1341766.4611200725	
48.939554929733276	1343609.9666892018	81.03348803520203	1343172.2865180352	80.97060990333557	1343233.6312486154	48.60302948951721	1334815.9763021336	56.556814432144165	1343188.5130219837	82.14581775665283	1343597.923531092	70.8160650730133	1343010.0241209106	56.69447731971741	1341790.2314442843	64.28604054450989	1342456.3978537596	58.29573202133179	1341730.8895122202	
48.95259952545166	1343599.9743200375	81.0665557384491	1343206.703735951	80.99806952476501	1343202.015473878	48.618167877197266	1334438.1187456585	56.57018423080444	1343197.2915484547	82.17050218582153	1343615.027062295	70.83257102966309	1343025.7580499076	56.718361616134644	1341788.345385556	64.30054450035095	1342463.8225369852	58.30989861488342	1341729.1831905195	
48.967613697052	1343551.2910618847	81.09307909011841	1343324.5758913402	81.02080011367798	1343021.5278005565	48.63414430618286	1334412.5818960366	56.5853750705719	1343465.9710304562	82.19546937942505	1343618.5449321826	70.84749269485474	1343008.0919791558	56.74201226234436	1341818.1576605695	64.31697821617126	1342467.8769311204	58.32319760322571	1341724.3188584056	
48.98085927963257	1343532.912981372	81.11760663986206	1343306.433053079	81.05005764961243	1343056.6761201578	48.66095447540283	1334390.3493507812	56.60139560699463	1343488.2743820657	82.21979761123657	1343624.8401624507	70.86489653587341	1342966.7409366735	56.76833963394165	1341812.560209208	64.33348608016968	1342472.6118337242	58.33820605278015	1341720.064126073	
48.994364976882935	1343878.7099719131	81.14812564849854	1343296.3477609952	81.07469964027405	1343042.9282586041	48.68360233306885	1335137.9892618272	56.61533188819885	1343492.082932955	82.24626469612122	1343618.8535745381	70.88368058204651	1343003.9897110942	56.794968605041504	1341836.742509305	64.34749746322632	1342466.1713249588	58.35188102722168	1341745.08121919	
49.009315729141235	1343880.4736211824	81.17519736289978	1343290.477666035	81.10003161430359	1343026.6255128146	48.70300531387329	1335156.1266376711	56.63241124153137	1343502.066852108	82.27195453643799	1343594.7117481981	70.8991847038269	1343018.843514664	56.81822681427002	1341850.2772488443	64.36200380325317	1342490.5751973311	58.36438512802124	1341742.0696426083	
49.02350854873657	1343882.036182321	81.20310592651367	1343322.30096113	81.12391948699951	1343026.7279144272	48.73003816604614	1335107.4530572644	56.64761447906494	1343501.2070341697	82.29617834091187	1343595.0532537284	70.9150459766388	1343027.8162776157	56.85400152206421	1341851.0477279008	64.37350726127625	1342503.5481079125	58.37739372253418	1341746.5897119874	
49.03818988800049	1343885.8682630786	81.22957372665405	1343313.490232291	81.15129947662354	1343020.06291961	48.75207018852234	1335103.9109738183	56.663631200790405	1343495.8117817792	82.31991147994995	1343564.9032967978	70.93155002593994	1343023.5305836496	56.87968349456787	1341838.8594232043	64.38751888275146	1342499.816234317	58.39190649986267	1341737.8526974807	
49.05470252037048	1343890.6633114438	81.25659203529358	1343327.8888391491	81.17969465255737	1343015.391419642	48.77526617050171	1335103.9772158521	56.67714190483093	1343502.2530055721	82.34382224082947	1343569.8459462393	70.94856429100037	1343009.7454163898	56.91193413734436	1341811.5245240135	64.40002417564392	1342499.1867940144	58.40412187576294	1341748.741449284	
49.068228006362915	1343894.60549766	81.28353333473206	1343350.5102862266	81.20634365081787	1342995.2721265159	48.79678988456726	1335102.8011924438	56.69016647338867	1343383.7137131882	82.37161016464233	1343548.546856731	70.96524834632874	1342976.2836246907	56.93785238265991	1341813.0584761633	64.41352844238281	1342474.1634146157	58.41862654685974	1341731.3299967418	
49.08304214477539	1343900.2433287243	81.31154680252075	1343355.327640428	81.23800778388977	1342979.5982947634	48.81980776786804	1335135.1007456274	56.70668387413025	1343355.6057601168	82.39537358283997	1343554.5558268328	70.9817533493042	1342936.4732412465	56.96235370635986	1341824.051277222	64.4262535572052	1342474.5895773212	58.433634996414185	1341701.6895300045	
49.099584341049194	1343894.201830794	81.34157705307007	1343334.192114772	81.26793026924133	1342984.3875907839	48.84284329414368	1335601.6369989456	56.720953941345215	1343356.73789099	82.42105722427368	1343560.822192118	71.001873254776	1342977.972286286	56.98492074012756	1341831.4444195537	64.43975758552551	1342479.934758629	58.44813895225525	1341799.626144858	
49.11176562309265	1343881.6762008169	81.37088227272034	1343334.656200177	81.29332661628723	1342986.502831661	48.86588263511658	1335315.4114069603	56.73652529716492	1343275.249521432	82.44798254966736	1343550.3516916817	71.0194890499115	1343071.570069741	57.00821542739868	1341834.5095800785	64.45485067367554	1342482.311226243	58.46314787864685	1341816.359070078	
49.13230347633362	1343868.7239520848	81.39717960357666	1343334.656222481	81.31691122055054	1342979.3026891816	48.88789463043213	1335337.8131173821	56.75095868110657	1343280.1713478835	82.47161412239075	1343540.7712554592	71.03549814224243	1342923.794284574	57.03373837471008	1341860.097294709	64.46787095069885	1342485.316804352	58.47615575790405	1341831.8539753612	
49.151188135147095	1343871.5335004383	81.42312026023865	1343342.908707132	81.34082102775574	1342970.8600906492	48.91166806221008	1335310.8854757028	56.76620292663574	1343283.6977250366	82.49892258644104	1343547.1985523088	71.05299615859985	1343014.371525334	57.06112837791443	1341923.3954962762	64.47937679290771	1342498.284588719	58.490163803100586	1341833.2620824932	
49.16919922828674	1343874.020614826	81.4475040435791	1343345.8549404903	81.36457180976868	1342972.518450491	48.93619179725647	1335299.4811822365	56.78304862976074	1343282.4298596033	82.52362489700317	1343535.7528448836	71.0685167312622	1343114.234471	57.08797311782837	1341918.5294338884	64.49288153648376	1342501.9631639114	58.501670598983765	1341827.7542673748	
49.188361167907715	1343848.8254323357	81.47752785682678	1343343.0683370917	81.3852813243866	1343183.7780410638	48.96209001541138	1335304.6812883816	56.800764322280884	1343278.8586641366	82.54557180404663	1343537.4988460797	71.08515310287476	1343106.191601239	57.11031913757324	1341924.4315671513	64.50639295578003	1342503.6842440967	58.5171754360199	1341826.4531239215	
49.2073974609375	1343863.6978655308	81.50757789611816	1343389.4091628697	81.4110655784607	1343185.3131581864	48.98910045623779	1335357.5404304855	56.815561294555664	1343275.6301075092	82.56940484046936	1343546.1555658628	71.10265851020813	1343105.158468433	57.13260293006897	1341915.8041362416	64.5206618309021	1342504.0640333975	58.53161597251892	1341831.970110498	
49.22964000701904	1343896.8429925474	81.53770112991333	1343374.9838178111	81.43903231620789	1343190.4117822542	49.01462507247925	1335350.9474263005	56.82978796958923	1343267.3122665712	82.59483337402344	1343503.061611001	71.1202118396759	1343142.2205219436	57.1604859828949	1341929.8410288286	64.53416657447815	1342502.168381946	58.546621799468994	1341822.9002034517	
49.245147466659546	1343929.622588424	81.56686234474182	1343293.3080492606	81.46549963951111	1343198.6176549366	49.04174852371216	1335335.6584558722	56.84779191017151	1343282.5781656974	82.61805200576782	1343484.059451519	71.13522100448608	1343165.2015035083	57.184083461761475	1341934.4270810974	64.5492889881134	1342521.3396367936	58.56321477890015	1341829.5789420975	
49.26832342147827	1343443.4013672487	81.5963945388794	1343298.2247378735	81.49129819869995	1343216.833766737	49.06412649154663	1335335.1728462942	56.863811016082764	1343231.2335342222	82.64140033721924	1343481.2401430723	71.15087151527405	1343230.862198766	57.20748281478882	1341916.8331728545	64.56317520141602	1342543.4512165464	58.57722353935242	1341897.7912420991	
49.29047465324402	1343438.6598260007	81.63534140586853	1343335.647007711	81.51952600479126	1343218.2570312684	49.084787368774414	1335342.2264305626	56.879266023635864	1343260.4432879048	82.66590404510498	1343497.1205188334	71.1670823097229	1343225.508625266	57.234598875045776	1341933.5437003886	64.57699251174927	1342455.7169810391	58.590327739715576	1341901.1416171973	
49.30911946296692	1343410.5378143727	81.65986180305481	1343337.3274265062	81.54321885108948	1343217.990868612	49.113325357437134	1335346.9356762813	56.89328718185425	1343246.9436689673	82.6990134716034	1343482.6095064143	71.1838915348053	1343231.779768429	57.25828766822815	1341927.3534060004	64.59300661087036	1342484.1699666448	58.60344862937927	1341897.1019607205	
49.32563614845276	1343416.7886852475	81.6857259273529	1343352.8952260395	81.56715297698975	1343222.082367837	49.13339018821716	1335661.3701025834	56.906505823135376	1343301.8046966188	82.73729062080383	1343508.7310127653	71.20201134681702	1343133.0666638361	57.28064465522766	1341912.7197655283	64.60801935195923	1342483.625186638	58.61695384979248	1341886.043601388	
49.345654010772705	1343429.1878325904	81.71276879310608	1343358.7094143867	81.58974361419678	1343017.9205306782	49.15791130065918	1335658.7789698113	56.92003154754639	1343305.7568450666	82.77627778053284	1343554.5742162382	71.21902012825012	1343124.8762535795	57.30723237991333	1341902.8712303364	64.62225127220154	1342485.1123029243	58.630961418151855	1341894.2830370087	
49.36372756958008	1343451.7637889094	81.74142575263977	1343285.2204816258	81.61509847640991	1343017.7711545823	49.17765545845032	1335629.2165357114	56.93453884124756	1343310.5308843313	82.81370759010315	1343525.3010975842	71.23381662368774	1343119.1758222405	57.33013081550598	1341893.493238611	64.6377682685852	1342475.726353988	58.6454656124115	1341906.7049934876	
49.38231706619263	1343577.9231311767	81.77265119552612	1343470.8454066298	81.64189791679382	1343014.0789810338	49.20318269729614	1335642.0298465258	56.95155692100525	1343315.004643453	82.83941268920898	1343522.87197474	71.2486617565155	1343124.965511445	57.35299849510193	1341894.8829950881	64.6529815196991	1342481.3662153513	58.65897345542908	1341902.121759195	
49.40043306350708	1343294.541822188	81.80318021774292	1343165.8763691895	81.6699595451355	1343002.0015445184	49.22593355178833	1335643.39440187	56.96827173233032	1343246.0010394056	82.86683750152588	1343497.4667949176	71.26146006584167	1343124.4600087171	57.37826466560364	1341883.5198550848	64.66999053955078	1342454.5194173087	58.67305660247803	1341916.2248379283	
49.41854476928711	1343311.9400887042	81.82850289344788	1343263.9898505467	81.69503617286682	1343003.84889555	49.253456592559814	1335005.279461801	56.98428392410278	1343294.9852806395	82.88974094390869	1343513.388403846	71.27946925163269	1343123.9197036657	57.4016535282135	1341909.318511677	64.68401956558228	1342453.5312239975	58.68756175041199	1342210.297861685	
49.439680099487305	1343307.077029876	81.85849690437317	1343246.546719305	81.71878170967102	1342986.305202337	49.27547025680542	1335112.6076148495	56.998169898986816	1343295.8273831238	82.91189932823181	1343509.747875115	71.29509043693542	1343126.4593243096	57.425169944763184	1341921.49841663	64.70536494255066	1342457.9982260442	58.70057129859924	1342200.9673841798	
49.458189725875854	1343313.573102158	81.88448286056519	1343212.3447455545	81.74437808990479	1342983.4984641185	49.30611181259155	1334188.1957612368	57.01171374320984	1343409.8087945632	82.9353256225586	1343481.7819926552	71.3111047744751	1343151.272109989	57.44989848136902	1341911.9398992283	64.73356485366821	1342372.2582594838	58.71758508682251	1342198.0273058969	
49.48083257675171	1343353.3847156358	81.91251134872437	1343182.567095912	81.77713322639465	1342977.6456137954	49.326634645462036	1334180.8721713217	57.026243686676025	1343636.4385635967	82.96150135993958	1343477.19651341	71.32711386680603	1343155.4999644402	57.47459125518799	1341933.3215958886	64.7582643032074	1342375.2531079054	58.731263399124146	1342147.9741684087	
49.49702739715576	1343352.2234822758	81.9407651424408	1343130.1411564364	81.8041877746582	1342995.5831711502	49.34964990615845	1334189.6438731821	57.04149532318115	1343630.0723245726	82.98774003982544	1343471.3459540834	71.34372091293335	1343149.000031119	57.500242710113525	1341939.1340850308	64.78754901885986	1342370.1925362549	58.74683904647827	1342164.9205510297	
49.51704478263855	1343282.0440413486	81.96735644340515	1343139.390966809	81.82621669769287	1343017.9143829662	49.3734450340271	1334220.5747972494	57.05800271034241	1343329.9497648482	83.01269125938416	1343425.6420251208	71.36079025268555	1343273.342367375	57.52536916732788	1341940.3538555428	64.81355810165405	1342376.3512074293	58.76055645942688	1342208.8225969623	
49.53706097602844	1343276.0861054168	81.99239420890808	1343139.7958576279	81.85007929801941	1342993.7858000335	49.39645838737488	1334215.715365425	57.072805881500244	1343329.1471182958	83.0400459766388	1343424.496861484	71.37952733039856	1343288.6128340368	57.54643154144287	1341956.0686753609	64.84217548370361	1342352.7828396219	58.77209520339966	1342206.9275603394	
49.55958127975464	1343253.1793150802	82.01994299888611	1343140.8838645497	81.87413239479065	1342941.560696617	49.41447901725769	1334145.1407648309	57.08631443977356	1343349.5947284922	83.06548357009888	1343557.9920478084	71.39303207397461	1343291.4203379343	57.568124771118164	1341957.0320702128	64.87354922294617	1342329.663783023	58.78710150718689	1342195.8993432994	
49.57909440994263	1343240.4213003798	82.05044317245483	1343140.1974385856	81.90089154243469	1343173.3768583073	49.43600082397461	1334158.24422678	57.10048532485962	1343359.7382640687	83.09142661094666	1343574.9118849735	71.407639503479	1343279.2439435106	57.59358787536621	1342043.632187671	64.90307927131653	1342326.387285737	58.80060815811157	1342215.2104472094	
49.5981080532074	1343259.1253795687	82.0803599357605	1343136.693490096	81.92513728141785	1343025.0535303156	49.460017681121826	1334156.7346660027	57.11500024795532	1343357.7154731955	83.11687135696411	1343589.5337743915	71.42460942268372	1343275.9694706462	57.619890451431274	1342047.252237397	64.92934441566467	1342329.7566985243	58.814112424850464	1342207.1629734063	
49.619372606277466	1343256.275804917	82.11239910125732	1343110.1333117879	81.95206618309021	1343027.4599334572	49.48254108428955	1334166.9944141542	57.13201880455017	1343357.3638818802	83.14111351966858	1343592.357495711	71.4407753944397	1343268.867730477	57.64438843727112	1342032.4797936336	64.95785903930664	1342347.30291035	58.82761764526367	1342217.0896494836	
49.63926339149475	1343242.4343801145	82.13743376731873	1343108.9382010144	81.98131537437439	1343031.0727649233	49.50506329536438	1334177.985403167	57.14650106430054	1343384.837963068	83.1661479473114	1343600.381238378	71.45551919937134	1343270.4597792027	57.66762709617615	1342046.7505687026	64.98737335205078	1342306.0575723795	58.84221529960632	1342220.4986410132	
49.658315896987915	1343232.086447416	82.16451144218445	1343104.4366423632	82.0058445930481	1343037.5606987653	49.527305603027344	1334173.1328601972	57.161519289016724	1343112.201753362	83.18803286552429	1343634.4293572048	71.4726448059082	1343273.0544740867	57.69089674949646	1342047.8261804665	65.01989006996155	1342352.1958300932	58.856719970703125	1342221.3052924396	
49.67662239074707	1342899.9982967465	82.18927764892578	1343106.6368653472	82.02874183654785	1343016.3312807435	49.55083227157593	1334189.0385460674	57.17470121383667	1343104.3155533914	83.21417236328125	1343629.7639190431	71.49166178703308	1343268.1770721595	57.71659851074219	1342049.415564461	65.04691195487976	1342356.3653266665	58.87023115158081	1342238.207022156	
49.69644737243652	1342910.085591112	82.21280097961426	1343117.7948228416	82.05674767494202	1343027.2781198537	49.572171688079834	1334088.1081792929	57.19010925292969	1343419.6442966394	83.23601198196411	1343602.57715726	71.50998783111572	1343264.930953672	57.739234924316406	1342051.3712774017	65.07811093330383	1342348.4994869935	58.881736040115356	1342237.2685797955	
49.71646690368652	1342913.4328830834	82.2414333820343	1343115.7768890243	82.08391404151917	1343032.1030865586	49.59618592262268	1334096.7429782816	57.20461988449097	1343647.722233351	83.26176905632019	1343581.3911170762	71.52799701690674	1343263.9929512818	57.765703439712524	1342042.9334337725	65.1066460609436	1342351.7810687674	58.89524006843567	1342182.5762521834	
49.738486766815186	1342923.416128375	82.26694869995117	1343112.552460829	82.10550379753113	1343027.5151215978	49.61220073699951	1334097.6528097081	57.22063374519348	1343667.19720217	83.284738779068	1343573.1712015464	71.54382181167603	1343266.7339360742	57.789551734924316	1342046.4380201339	65.13640666007996	1342347.1131136536	58.91124939918518	1342188.628445691	
49.760005474090576	1342904.7851031322	82.29846215248108	1343148.3081229983	82.1277961730957	1343042.7494687075	49.625709533691406	1334086.428552329	57.23688316345215	1343453.9137847386	83.30926585197449	1343585.8654771445	71.56031370162964	1343277.2428019885	57.814204692840576	1342051.8189619759	65.16342186927795	1342365.064055027	58.927753925323486	1342170.7240094848	
49.780372858047485	1342899.4665705012	82.32798767089844	1342999.6467427802	82.15038847923279	1343041.5474606215	49.639724016189575	1334077.8285016306	57.25390696525574	1343656.2793437694	83.33326387405396	1343612.2282259252	71.57800269126892	1343274.9537078629	57.83943796157837	1342063.2186433722	65.19496989250183	1342373.4588159237	58.9422652721405	1342170.8676141107	
49.80138826370239	1342558.4002685924	82.35773730278015	1342917.211039377	82.1711175441742	1343041.2358950125	49.653741121292114	1334087.7752180367	57.267417192459106	1343655.8368052982	83.35931015014648	1343657.076429006	71.59356617927551	1343296.6467527063	57.861228942871094	1342060.1255556152	65.22498369216919	1342397.3558160118	58.956350803375244	1342187.0520135171	
49.82164740562439	1342557.079198052	82.38697671890259	1342921.8655574566	82.20184421539307	1343178.1266236573	49.66724944114685	1334080.119929042	57.28343939781189	1343669.760475637	83.38296508789062	1343643.9365045424	71.61062026023865	1343316.3336300247	57.88342595100403	1342055.9163330914	65.25197172164917	1342392.2347581384	58.971866846084595	1342214.2239079238	
49.840660095214844	1342558.9729586942	82.41451144218445	1342932.6213929716	82.22953343391418	1343169.636033004	49.68226599693298	1333660.084891925	57.30045676231384	1343573.0547416483	83.40925598144531	1343654.029768031	71.62687492370605	1343179.362527547	57.909443616867065	1342039.3882690738	65.27803921699524	1342411.0326188388	58.98537063598633	1342206.7098461115	
49.861671686172485	1342563.8962249123	82.44054770469666	1342945.60739024	82.2526044845581	1343159.2230118774	49.69906806945801	1335192.037235296	57.31697201728821	1343582.988218272	83.43578839302063	1343641.6730233426	71.64462900161743	1343184.7753188785	57.934465169906616	1342071.9829595855	65.3065550327301	1342411.759368573	58.99810767173767	1342209.223051892	
49.87768602371216	1342548.9890159254	82.4700677394867	1342950.7554899894	82.27426099777222	1343159.1324200307	49.713205337524414	1335182.6854242352	57.3301260471344	1343571.8147937623	83.45812511444092	1343651.0911035493	71.65979385375977	1343180.2605603652	57.957783460617065	1342206.3041708462	65.33536672592163	1342401.4693206898	59.01311755180359	1342212.9928412929	
49.89533257484436	1342550.841566693	82.49659442901611	1342948.8152213674	82.29737520217896	1343164.1309896945	49.7282178401947	1335176.8639845634	57.34451150894165	1343585.7785521897	83.4810152053833	1343666.0811279854	71.67599964141846	1343185.6674415367	57.98086619377136	1342196.5823064216	65.36250948905945	1342406.8683285073	59.02762246131897	1342209.5273653716	
49.913350343704224	1342609.8200891993	82.52260136604309	1342934.880935707	82.32309818267822	1343129.2873687057	49.744232416152954	1333686.0811852994	57.359023571014404	1343604.7693631656	83.51099920272827	1343624.0471532084	71.69500994682312	1343174.3635310251	58.004876136779785	1342202.5061023405	65.38941478729248	1342388.686948681	59.04213905334473	1342198.0202291266	
49.93336248397827	1342587.3698991674	82.54924464225769	1342933.302052826	82.34718179702759	1343169.0562808046	49.757243633270264	1333694.424932105	57.373353719711304	1343611.583312685	83.53771257400513	1343630.8389985797	71.71151518821716	1343167.3873734449	58.02761936187744	1342204.7096058694	65.41692924499512	1342557.5199908225	59.0546441078186	1342197.9367104757	
49.95437550544739	1342603.607275541	82.5780999660492	1342929.7683998512	82.37367606163025	1343187.6559227728	49.770984172821045	1333688.1396321475	57.388901472091675	1343596.506238015	83.56199479103088	1343643.5543860747	71.73011898994446	1343166.979490877	58.05070781707764	1342208.5603042925	65.44523906707764	1342439.919116812	59.06710934638977	1342169.9803262295	
49.973891496658325	1342547.2331552913	82.62584447860718	1342882.7143909468	82.39738440513611	1343190.8893568108	49.7854950428009	1333669.839298149	57.40513205528259	1343623.0444519955	83.59097027778625	1343685.2073734666	71.74583387374878	1343152.5168126193	58.074477434158325	1342222.4719557855	65.47295451164246	1342366.121801309	59.08172416687012	1342187.3258939649	
49.994542598724365	1342545.9292373993	82.6527578830719	1342895.2384495002	82.42392230033875	1343193.0496955453	49.79900622367859	1333723.5505227612	57.42013716697693	1343624.0355920645	83.62717008590698	1343677.5602175763	71.76371622085571	1343130.722203938	58.099217891693115	1342211.764755158	65.4964804649353	1342363.4860530184	59.09721374511719	1342152.9758874075	
50.011125564575195	1342580.916717631	82.6848521232605	1342843.9965699601	82.4483847618103	1343201.0167216691	49.815024852752686	1333717.5510607315	57.433517932891846	1343612.2901404111	83.65861892700195	1343691.6841703404	71.77993988990784	1343354.6765654394	58.11974263191223	1342212.640740112	65.52011847496033	1342365.8304781422	59.11178684234619	1342130.6904150886	
50.02985119819641	1342582.5515857749	82.71252632141113	1342848.587127834	82.47453880310059	1343206.6654656995	49.830039262771606	1333742.4628367708	57.44903016090393	1343610.0104096117	83.69146680831909	1343672.498726127	71.79849410057068	1343348.478830338	58.14525866508484	1342232.3463725054	65.54795026779175	1342360.6884433685	59.13479661941528	1342125.5071183764	
50.04998254776001	1342584.4321652001	82.73954200744629	1342864.326869782	82.49706625938416	1343213.9834894456	49.845053911209106	1333750.7556718823	57.46564841270447	1343408.254684243	83.7205069065094	1343672.4041144943	71.81259536743164	1343314.796439735	58.16757822036743	1342258.0157736707	65.57492995262146	1342368.0536609283	59.160934925079346	1342124.3602109207	
50.069504499435425	1342590.605013723	82.76452803611755	1342884.4399593782	82.52305746078491	1343214.529015017	49.85722494125366	1333752.42619647	57.48066997528076	1343407.190047717	83.75597810745239	1343594.545234793	71.83128380775452	1343175.0755950487	58.19372034072876	1342254.8726545086	65.59962677955627	1342369.937318391	59.18645119667053	1343042.7978478326	
50.08917427062988	1342643.866020498	82.79123544692993	1342885.8573969535	82.54881715774536	1343291.6156753697	49.86973476409912	1333742.4745658105	57.49418497085571	1343407.6558945328	83.78369045257568	1343610.991888912	71.84644675254822	1343176.7875965259	58.220674991607666	1342255.2703981872	65.6218032836914	1342376.8275587421	59.20971345901489	1343047.980250825	
50.10883402824402	1342686.3992732298	82.81675362586975	1342886.6815805929	82.57232522964478	1343288.1238346123	49.88547658920288	1334329.5217087052	57.50741648674011	1343435.3014023553	83.81723380088806	1343611.0513106384	71.86079597473145	1343181.4864532598	58.24358534812927	1342248.4489805305	65.65491390228271	1342306.5235736263	59.23472499847412	1343069.9353022303	
50.128849029541016	1342600.062228802	82.84600949287415	1342896.6266256252	82.59601211547852	1343231.3531705914	49.89949131011963	1334312.3427584248	57.52102041244507	1343439.3108941556	83.85176038742065	1343603.7344699586	71.87552428245544	1343199.209485991	58.26759624481201	1342229.5546952423	65.7001326084137	1342318.6953390196	59.25674867630005	1342142.0235520268	
50.14436054229736	1342592.8596757003	82.87383246421814	1342897.8051710234	82.62096047401428	1343186.490683281	49.914504528045654	1334439.3966012914	57.53552746772766	1343371.434040798	83.88079690933228	1343562.3266165107	71.89002919197083	1342536.0440953597	58.29388475418091	1342217.7098022858	65.73907160758972	1342261.534960501	59.279765129089355	1342136.1869373608	
50.16092801094055	1342594.4618780164	82.9033510684967	1342887.374016742	82.65161085128784	1343180.552579967	49.928518295288086	1334441.1166258685	57.54953908920288	1343384.2521378486	83.91201376914978	1343535.0015365481	71.90359926223755	1342499.677091255	58.31990146636963	1342232.6122089082	65.79309916496277	1342253.1310622913	59.3016996383667	1342128.7472974893	
50.179444789886475	1342593.9992339283	82.93551540374756	1342867.879003664	82.67795276641846	1343174.8214389477	49.94453501701355	1334474.5071384918	57.56558966636658	1343365.6800883994	83.94354200363159	1343571.481530393	71.91810274124146	1343321.60490607	58.34541845321655	1342203.238042785	65.8317596912384	1342253.5307743887	59.32404041290283	1342122.9126497798	
50.19854235649109	1342826.515318637	82.96630907058716	1342882.7796865955	82.70075130462646	1343202.6633359925	49.960246324539185	1334670.8496884077	57.5813353061676	1343405.013492242	83.97574234008789	1343550.6787341035	71.93260788917542	1343307.1786359292	58.370100259780884	1342181.240743552	65.89084672927856	1342278.962230269	59.34727907180786	1342116.5351203575	
50.220468044281006	1342820.9624937722	82.9913284778595	1342845.1658892445	82.72327542304993	1343185.6133722086	49.97425866127014	1334676.443501906	57.59536957740784	1343521.5120280373	84.0088529586792	1342725.3509017886	71.9466164112091	1343302.66448522	58.395646810531616	1342189.2776637152	65.92511701583862	1342358.287561223	59.366795778274536	1342113.5154323196	
50.23664879798889	1342834.4205614761	83.01854181289673	1342842.3574726116	82.74648785591125	1343185.8967357136	49.98976492881775	1334696.7111423681	57.61104869842529	1343533.55768147	84.04137468338013	1342835.694206401	71.96277284622192	1343383.2063703358	58.41822028160095	1342165.056261289	65.95814847946167	1342365.4521416728	59.39181184768677	1342128.006524645	
50.25530958175659	1342842.2515711263	83.04672932624817	1342858.1934704112	82.76902198791504	1343186.6935031256	50.005780935287476	1334684.9259783626	57.62653589248657	1343531.9159970856	84.08543992042542	1342828.008405579	71.9760434627533	1343384.129514331	58.44274640083313	1342160.8802590093	65.99663925170898	1342350.525966929	59.418572425842285	1342177.7568054856	
50.27339291572571	1342812.4554568494	83.07327723503113	1342830.3997071492	82.79303884506226	1343180.3137365547	50.020291805267334	1334698.7680935212	57.64077091217041	1343509.822273232	84.11453771591187	1342830.7775871211	71.99304938316345	1343373.796189162	58.470521211624146	1342541.9075653083	66.03633666038513	1342402.5210863322	59.43958139419556	1342582.9947093949	
50.28671717643738	1342818.3846177012	83.10579681396484	1342815.254886358	82.81907343864441	1343216.6413281935	50.034815073013306	1334694.4241731914	57.655280113220215	1343503.2739902798	84.15006422996521	1342816.6606148328	72.00810432434082	1343406.1612185615	58.492724657058716	1342550.3269262845	66.077960729599	1342404.657821873	59.4597053527832	1342578.0887525908	
50.30672836303711	1342802.4979486633	83.14134097099304	1342808.5349806745	82.84611892700195	1343164.9052846718	50.05032444000244	1334693.731327217	57.66934561729431	1343506.9468947812	84.18233799934387	1342823.809595506	72.0226092338562	1343413.7162055017	58.5167293548584	1342590.0300240614	66.11900639533997	1342414.8294988014	59.47871685028076	1342584.11180686	
50.32925009727478	1342748.3740889062	83.168039560318	1342793.621690848	82.86942791938782	1343171.845490694	50.06533670425415	1334733.5379489958	57.68336462974548	1343509.2679266839	84.21790742874146	1342854.225901866	72.03788137435913	1343411.7038651975	58.54232096672058	1342587.5061802769	66.15870881080627	1342432.0547069851	59.499810457229614	1342553.7589816973	
50.35126614570618	1342764.382570361	83.19656944274902	1342825.30926314	82.8954586982727	1343195.612786951	50.07984185218811	1334804.6295997198	57.69738698005676	1343518.8061703579	84.2490439414978	1343004.378195065	72.05423188209534	1342639.038464724	58.56769418716431	1342592.3403738174	66.19773960113525	1342432.0253236168	59.52132511138916	1342556.2665652803	
50.37027716636658	1342751.7008392906	83.22308850288391	1342837.1403227008	82.91709637641907	1343195.1564929222	50.09685397148132	1334799.7300095623	57.71415829658508	1343518.7165888017	84.28216218948364	1343071.1910138007	72.06799983978271	1342638.4780495858	58.592302083969116	1342588.5427971436	66.24104332923889	1342438.8541699469	59.55132818222046	1342593.4654257158	
50.38752102851868	1342754.912116293	83.2524037361145	1342842.5617917646	82.93974208831787	1343186.367012961	50.11137890815735	1334808.365718883	57.73006582260132	1343306.2780828273	84.31321048736572	1343072.694227855	72.08150267601013	1342642.1318518694	58.61363434791565	1342612.6505269266	66.28006410598755	1342429.4720212808	59.57462477684021	1342609.2079173517	
50.40678334236145	1342554.9492407523	83.28087902069092	1342857.1236950092	82.96590805053711	1343187.2238629132	50.12617802619934	1334812.2350478694	57.74357342720032	1343306.7518914153	84.35124111175537	1343083.2610622465	72.09704995155334	1342625.8283236716	58.640294551849365	1342606.0746386328	66.32211136817932	1342782.7615715074	59.59836935997009	1342630.1205795687	
50.428302526474	1342564.6550493366	83.30764985084534	1342859.8185941563	82.99244570732117	1343181.4572650562	50.13968896865845	1334807.8308093597	57.75708484649658	1343254.2738259244	84.38654065132141	1343094.1719610735	72.1135950088501	1342626.4256980415	58.664212703704834	1342616.440631794	66.36126208305359	1342796.9046958794	59.61988282203674	1342638.6581155998	
50.44932174682617	1342549.5528263361	83.33166122436523	1342853.4190134967	83.01760268211365	1343192.6334435095	50.15370774269104	1334792.2323982383	57.77265381813049	1343242.9581429353	84.41357350349426	1343059.4579272857	72.12758326530457	1342600.778173248	58.69075107574463	1342670.001776082	66.39139819145203	1342798.4754329138	59.64189434051514	1342658.0048102916	
50.47080945968628	1342514.7279420018	83.3562695980072	1342856.3295680664	83.04188227653503	1343195.5429434972	50.169227838516235	1334800.9993873246	57.78716421127319	1343263.8993761304	84.44312310218811	1343069.8183883368	72.14060139656067	1342627.1468123498	58.71530294418335	1342678.4633014335	66.42894387245178	1342800.1159125085	59.66590428352356	1342654.9593279704	
50.49051570892334	1342397.3348006238	83.38398003578186	1342866.3651049358	83.0714099407196	1343194.2991944775	50.18324565887451	1334721.0752484011	57.80170822143555	1343263.069168052	84.4751570224762	1343896.6564558565	72.152916431427	1342632.592142275	58.73951864242554	1342679.9662370952	66.48661732673645	1342688.0412723247	59.686418533325195	1342656.3204173287	
50.50595235824585	1342419.5960905787	83.41007828712463	1342849.7033115004	83.0986385345459	1343185.7889602527	50.19775319099426	1334648.567184877	57.81652474403381	1343246.7039972646	84.5079026222229	1343921.2084007163	72.16752576828003	1342642.3433832605	58.76661705970764	1342724.9593027877	66.525146484375	1342690.753207416	59.713932514190674	1342656.8700744393	
50.522473096847534	1342399.3068080444	83.43941807746887	1342859.2728639857	83.1240861415863	1343211.3651966422	50.211771965026855	1334544.7835033764	57.832645893096924	1343238.3321943546	84.5424222946167	1343902.1615684512	72.18305563926697	1342656.1367027184	58.79262685775757	1343034.3042800997	66.57363176345825	1342650.755775567	59.73804569244385	1342675.009638825	
50.537500619888306	1342394.4307280846	83.46794724464417	1342855.5759556536	83.14998292922974	1343218.241463865	50.22679257392883	1334539.942465217	57.847206830978394	1343240.8884536915	84.57662534713745	1343900.758325451	72.19756293296814	1342655.4156420068	58.81580209732056	1343054.1687235923	66.61718273162842	1342671.5941505318	59.758822202682495	1342673.0945193192	
50.55203986167908	1342412.9225101906	83.49547123908997	1342843.6515039846	83.17604494094849	1343234.2593486411	50.24181008338928	1334528.6702909768	57.863404512405396	1343208.9232735252	84.61118459701538	1343795.9021029405	72.2110698223114	1342630.7324745378	58.84126329421997	1342719.3449929578	66.6659483909607	1342666.1054285998	59.78309464454651	1342659.6635831208	
50.56826567649841	1342419.5441194053	83.52149319648743	1342861.2415057148	83.19938015937805	1343236.915859356	50.25431847572327	1334538.2857213574	57.8800995349884	1343200.568548866	84.64296245574951	1343813.3523456368	72.22607851028442	1342630.8622116596	58.864808797836304	1342717.9905741722	66.7101035118103	1342671.7157388232	59.806230783462524	1342641.5043892232	
50.58274960517883	1342402.139852088	83.55153894424438	1342848.1696871861	83.2259030342102	1343236.974232503	50.26982593536377	1334454.7742019983	57.897202253341675	1343200.4530968259	84.68101906776428	1343926.0548121284	72.24008893966675	1342635.7347279894	58.88855695724487	1342689.5291749411	66.74889469146729	1342969.5516057862	59.82823967933655	1342625.8453062216	
50.59901261329651	1342405.7140085523	83.57802844047546	1342865.3761601541	83.25344705581665	1343240.0071450016	50.283843755722046	1334410.0376201791	57.912259340286255	1343203.208576182	84.71026539802551	1343876.163211109	72.25499224662781	1342619.882348452	58.90943479537964	1342673.6107583148	66.789705991745	1342881.8120733441	59.84824872016907	1342612.5505104552	
50.61417889595032	1342436.582607156	83.62592554092407	1342915.2358847528	83.28103518486023	1343241.0597198831	50.29835104942322	1334331.7123483801	57.92840266227722	1343221.8347678024	84.74177932739258	1343885.2959157503	72.26866126060486	1342611.6415495293	58.93425130844116	1342685.2467054485	66.8317379951477	1342872.8254123223	59.8752658367157	1342640.4917705841	
50.629194259643555	1342426.1514075205	83.65619349479675	1342934.28157105	83.3056206703186	1343239.2350957135	50.313602685928345	1334329.9593732967	57.94431233406067	1343207.0638427064	84.77595925331116	1343837.9966950782	72.2843747138977	1342606.6495091224	58.960628509521484	1342734.6223233524	66.87074494361877	1342804.095855734	59.894275188446045	1342752.6695670553	
50.64478349685669	1342427.6627719335	83.68373084068298	1342910.1009496418	83.33305382728577	1343304.4539819872	50.32861828804016	1334410.616222226	57.95932626724243	1343207.97779733	84.80905866622925	1343858.2773854372	72.2968761920929	1342891.2820591053	58.98463988304138	1342754.156842545	66.91021299362183	1342826.041773004	59.91828680038452	1342734.1624000955	
50.6587975025177	1342428.3179462086	83.7097487449646	1342915.993702131	83.35739254951477	1343315.5371761555	50.3446364402771	1334397.210908782	57.976054430007935	1343221.3209891545	84.84269547462463	1343756.2499067069	72.31101274490356	1342898.7522721782	59.00854206085205	1342750.8048929325	66.94800853729248	1342829.7696006957	59.9403076171875	1342846.78802816	
50.676316261291504	1342425.6706302846	83.73481249809265	1342938.2637640925	83.38209247589111	1343312.2326652282	50.357653856277466	1334423.4949569209	57.99164843559265	1343231.1616538516	84.87220788002014	1343773.7165920464	72.32478141784668	1342891.9554140628	59.03278589248657	1342736.979927894	66.98682379722595	1342847.3050866935	59.96131706237793	1342849.511425181	
50.692495346069336	1342398.0059125924	83.7610912322998	1342943.5413656721	83.4119963645935	1343369.6168197156	50.37122130393982	1334416.741830114	58.00716018676758	1343224.4548798378	84.901526927948	1343764.0541770156	72.3412857055664	1342765.5820857058	59.05643582344055	1342765.8833784552	67.03296208381653	1342834.7489443151	59.98082971572876	1342879.5965417628	
50.70850348472595	1342396.6300614637	83.78792524337769	1342945.7711041262	83.44062781333923	1343351.0253949314	50.385735750198364	1334517.118732157	58.02281594276428	1343209.263116907	84.93204617500305	1343760.0059959788	72.355877161026	1342775.140722575	59.078612089157104	1342753.9254376031	67.07823324203491	1342813.2276177162	60.01051425933838	1342348.2737963498	
50.72401428222656	1342417.4941197133	83.81444191932678	1342847.354176353	83.46568489074707	1343306.694312892	50.40124702453613	1334473.9494357829	58.039103984832764	1343202.6470211726	84.96626710891724	1343769.098281248	72.37249946594238	1343223.208744166	59.10532522201538	1342718.0662080676	67.12101173400879	1342776.8721566333	60.03152275085449	1342359.6378165781	
50.740649700164795	1343106.3204118623	83.8427050113678	1342838.6529356781	83.49122333526611	1343296.3685536156	50.41626191139221	1334493.23339598	58.05461549758911	1343202.6479670263	85.00281548500061	1343770.3351974108	72.38531804084778	1343231.2219747591	59.12753629684448	1342727.8251147526	67.15913534164429	1342773.0270675018	60.0555317401886	1342358.9797654387	
50.75615620613098	1343088.5308121797	83.86596155166626	1342806.6535260577	83.51800417900085	1343296.3143176753	50.431774377822876	1334562.310081992	58.07309699058533	1343206.0872683087	85.03683400154114	1343772.8626655561	72.39982223510742	1343240.2947434527	59.15405893325806	1342719.8309859359	67.2048237323761	1342502.1179869405	60.0783793926239	1342103.9611136625	
50.772688150405884	1343111.9598494587	83.89248776435852	1342843.7124728935	83.54345726966858	1343277.3498600018	50.44628643989563	1334561.0075557812	58.086605072021484	1343218.0421941697	85.07092118263245	1343781.511175638	72.415203332901	1343828.0795400392	59.18140363693237	1342774.781454459	67.2458724975586	1342518.1120526723	60.09838843345642	1342107.1578450203	
50.789204120635986	1343254.618743125	83.92052721977234	1342842.3406873175	83.56621217727661	1343283.7874611488	50.45879101753235	1334565.3212451616	58.101624488830566	1343217.6094402377	85.10293173789978	1343813.9357525997	72.43534255027771	1343783.150912554	59.20455741882324	1342753.3085761017	67.28414869308472	1342517.2600473082	60.120903730392456	1342097.7707085444	
50.80371427536011	1344054.2216478365	83.94857978820801	1342779.6735164656	83.59046196937561	1343305.335320859	50.47380971908569	1334547.189245739	58.11813497543335	1343230.448871197	85.13866853713989	1343808.682463927	72.45859742164612	1343783.15340347	59.22751522064209	1342759.126110508	67.32535338401794	1342517.735208083	60.146063804626465	1342695.925876662	
50.81950354576111	1344081.5693591868	83.97436690330505	1342775.0265664142	83.61472225189209	1343293.9358311256	50.48907494544983	1334521.6680997892	58.13522481918335	1343237.0320217274	85.16881203651428	1343779.9119354165	72.48198413848877	1343770.580363701	59.24921464920044	1342765.4685871378	67.3663878440857	1342505.0365938626	60.16663217544556	1342703.299375209	
50.83600997924805	1344065.5417599198	84.00622081756592	1342755.534943829	83.63916540145874	1343265.3135220967	50.50342774391174	1334525.8672257448	58.15124011039734	1343129.5521167356	85.20672297477722	1343757.9762834208	72.50501418113708	1343774.307730837	59.27324914932251	1342786.5377412231	67.40797448158264	1342507.171979163	60.19014382362366	1342708.62848	
50.85202240943909	1344084.1176851962	84.03175592422485	1342758.1628873732	83.66269564628601	1343254.3418262354	50.51958703994751	1334440.9752716667	58.1652512550354	1343124.7053632007	85.23728275299072	1344016.7583521355	72.52924966812134	1343619.4505165578	59.29573082923889	1342771.6070369591	67.45120477676392	1342512.983330162	60.210747718811035	1342703.355361803	
50.8695330619812	1344082.2357022911	84.05880284309387	1342771.1662870604	83.68874335289001	1343284.516005006	50.53211188316345	1334432.2170725209	58.18189835548401	1343134.8508166901	85.27003693580627	1344017.6218015375	72.54983043670654	1343649.3057344214	59.31935477256775	1342754.4954237456	67.49094247817993	1342496.7335418395	60.237587213516235	1342076.2567679943	
50.886687994003296	1344086.070117993	84.08604788780212	1342770.2593774458	83.71349549293518	1343300.8441595982	50.548644065856934	1334290.9786842784	58.19540762901306	1343147.3653493577	85.29820084571838	1344005.7916463297	72.57523965835571	1343612.8874222906	59.341461181640625	1342754.3309876807	67.53124356269836	1342495.0926303503	60.25811457633972	1342079.6847457092	
50.90451693534851	1344086.405457239	84.10905432701111	1342737.5565725884	83.73801946640015	1343260.3578775888	50.5651741027832	1334297.837302057	58.213428258895874	1343150.6368631204	85.32959389686584	1344007.52397903	72.6018135547638	1343630.6807727802	59.363980531692505	1342705.381848092	67.57528781890869	1342622.0423170135	60.28298830986023	1342059.4210464673	
50.91918182373047	1344086.4074547628	84.14458560943604	1342699.832931786	83.76306462287903	1343262.1598460705	50.57923722267151	1334285.7894598893	58.22954344749451	1343132.0359794558	85.3666934967041	1344013.3846026314	72.62533402442932	1343623.7042852128	59.38759446144104	1342681.7584353986	67.61353945732117	1342634.809993027	60.30221176147461	1342061.3155923788	
50.93740653991699	1344079.3582237565	84.17131519317627	1342721.1233393594	83.79137444496155	1343260.1532265178	50.59625554084778	1334304.7810287557	58.24581432342529	1343150.313770902	85.39742660522461	1343827.659436103	72.64884901046753	1343641.877935163	59.41397738456726	1342853.7159880437	67.65080404281616	1342612.2777791787	60.32388973236084	1342064.8379434678	
50.95121383666992	1344102.4364896182	84.20541524887085	1342738.41609275	83.81735873222351	1343221.4243516608	50.60876250267029	1334306.1499496235	58.26306080818176	1343130.0324841347	85.43519926071167	1343853.3578273556	72.67367553710938	1343022.473392028	59.43937063217163	1342849.4947571356	67.68098497390747	1342634.1040352331	60.345280170440674	1342040.4144982332	
50.968289375305176	1344106.1163312253	84.23744893074036	1342691.3079337003	83.84114503860474	1343237.7723041775	50.62378239631653	1334315.722124455	58.277275800704956	1343149.279291802	85.46822595596313	1343839.060487911	72.6948492527008	1343045.451660071	59.4651403427124	1342869.2054261982	67.72106385231018	1342640.5714599842	60.367908239364624	1342040.3968448474	
50.98438024520874	1344098.5367851583	84.2719178199768	1342695.2118125132	83.86620426177979	1343210.2706396685	50.63980293273926	1334355.0063279523	58.29225993156433	1343195.1629609126	85.49824810028076	1343836.4322560076	72.71801209449768	1343702.5435958535	59.489455699920654	1342577.432556542	67.75702238082886	1342574.6867431367	60.39097285270691	1341465.2800963877	
50.99904465675354	1344100.9273843647	84.30794858932495	1342696.7468337896	83.89076447486877	1343205.2101708131	50.65682816505432	1334356.6400536937	58.307637214660645	1343203.9295103597	85.5287766456604	1343827.8558818363	72.74165534973145	1343697.7261754004	59.51444220542908	1342572.6012253545	67.79812145233154	1342572.9065651214	60.41066527366638	1341472.411744824	
51.01322412490845	1344095.8712367814	84.34567999839783	1342697.7675493206	83.91579961776733	1343324.8493405282	50.674028635025024	1334341.2025002912	58.324174642562866	1343206.3651219958	85.55927109718323	1343833.1351058253	72.77196645736694	1343710.1034923703	59.539135456085205	1342672.4143920254	67.83964776992798	1342529.119449988	60.434486865997314	1341412.4952251439	
51.02673149108887	1344318.5432316624	84.38247990608215	1342696.6944151055	83.94032001495361	1343296.6791406062	50.691335678100586	1334374.6006328592	58.34019589424133	1343192.0235971094	85.59436058998108	1343703.227419585	72.79620218276978	1343733.7681452504	59.56283354759216	1342684.5892136556	67.87363004684448	1342529.8046055306	60.45649600028992	1341378.6884179763	
51.04448962211609	1344317.100198961	84.41632008552551	1342877.1281103732	83.96368503570557	1343301.3263150845	50.70801281929016	1334377.838746042	58.357369899749756	1343176.6681102966	85.62337899208069	1343737.236546948	72.81869220733643	1343730.7928389509	59.58648324012756	1342693.1721675561	67.91241264343262	1342542.151629424	60.4786114692688	1341375.6580561786	
51.05949783325195	1344060.2584669956	84.44458389282227	1342891.863830316	83.98934602737427	1343329.2871919458	50.72304058074951	1334391.2745081466	58.37189483642578	1343181.7789595677	85.65289521217346	1343740.5652371256	72.84113454818726	1343056.2580380908	59.61170983314514	1342694.7537373544	67.94919037818909	1342533.6911453947	60.499635457992554	1341377.9014339386	
51.07354521751404	1344402.6853596286	84.4769287109375	1342904.8170647458	84.01734185218811	1343330.021846016	50.739238023757935	1334394.7030642044	58.38916730880737	1343167.0767118488	85.69706630706787	1343718.0570365184	72.86321687698364	1343038.2032846725	59.63389778137207	1342653.021818463	67.98821306228638	1342548.017459898	60.52314734458923	1341363.4299920893	
51.08725666999817	1344409.0852247684	84.51076936721802	1342832.5222477848	84.04336094856262	1343300.6034458955	50.75326061248779	1334438.628481201	58.406309604644775	1343163.614696275	85.73157668113708	1343718.7533500297	72.88322615623474	1343036.6824212081	59.657166957855225	1342662.8120662125	68.03905415534973	1342509.736405045	60.54579401016235	1341368.1164705695	
51.101274251937866	1344094.038392006	84.54010224342346	1342827.105524382	84.07588863372803	1343316.7987251454	50.77240991592407	1334410.12698154	58.42132878303528	1343192.4655407292	85.76373744010925	1343701.3263863453	72.90586996078491	1343041.3229038739	59.681126832962036	1342651.8141767133	68.08859610557556	1342503.8508236136	60.57173037528992	1341423.1594121384	
51.121289014816284	1344129.7087293009	84.5752820968628	1342634.3567502291	84.1017541885376	1343327.9570512446	50.78891468048096	1334412.7470490898	58.43695664405823	1343183.634096942	85.79614806175232	1343715.6877006735	72.92787861824036	1343050.4564833343	59.70679044723511	1342688.4631305845	68.12512183189392	1342490.1547663072	60.60046458244324	1341427.0604539854	
51.1417760848999	1344181.817342332	84.61730599403381	1342647.1081970758	84.12638115882874	1343313.1791081082	50.805931091308594	1334188.7030201675	58.45160222053528	1343159.8883221312	85.82628607749939	1343720.9939106107	72.9516053199768	1343042.4211277252	59.73176074028015	1342696.5728691185	68.1612856388092	1342479.448379667	60.62400150299072	1341412.1509876458	
51.16133213043213	1344191.496774086	84.6465392112732	1342669.3626925969	84.15125799179077	1343315.1436127657	50.82294988632202	1334190.7132544965	58.468116998672485	1343140.603742073	85.85530066490173	1343732.4945059146	72.97597861289978	1343353.7466548656	59.75379276275635	1343165.751222605	68.20991396903992	1342491.5608548583	60.64700984954834	1341417.7472897675	
51.18025088310242	1344151.216287395	84.68355822563171	1342670.1199377233	84.1814534664154	1343162.3154054126	50.839970111846924	1334085.5887837338	58.484137773513794	1343204.3574645575	85.89167761802673	1343734.2935692235	72.99118399620056	1343350.8454540907	59.78045701980591	1343168.7796373037	68.24242925643921	1342471.800737567	60.67202806472778	1341406.5764343196	
51.19675064086914	1344164.122626617	84.71458005905151	1342666.4416072012	84.20652675628662	1343185.3474735126	50.85798716545105	1334087.1990512596	58.50215458869934	1343163.9862556623	85.92008423805237	1343767.6476097398	73.00677585601807	1343353.815792677	59.804468870162964	1343184.1748045804	68.2886483669281	1342509.8304629142	60.68953275680542	1342101.4733474427	
51.213411808013916	1344168.6846118146	84.74790239334106	1342677.3682185549	84.2295196056366	1343176.3888059873	50.87299919128418	1334094.368423371	58.519168853759766	1343157.8251095847	85.95215082168579	1343797.9279896852	73.02085280418396	1343363.4770859447	59.8291699886322	1343186.9507585727	68.3274598121643	1342510.0120170566	60.717047452926636	1342097.4029191514	
51.23238921165466	1344171.9501620622	84.78097915649414	1342668.7663022368	84.25154256820679	1343243.058782465	50.891504526138306	1334121.4807255259	58.53375554084778	1343126.6728296885	85.9814829826355	1343989.22064319	73.03364324569702	1343365.0141689794	59.85095453262329	1343189.6740055862	68.37861466407776	1342551.903827504	60.74530816078186	1342103.6251137038	
51.251150608062744	1344216.5845007037	84.81388688087463	1342661.2946891193	84.28007435798645	1343248.226631955	50.907021284103394	1334094.7297223334	58.54943633079529	1343175.5290435762	86.00898504257202	1343994.9283863592	73.04798913002014	1343368.3673727966	59.8744854927063	1343193.2060591269	68.42033624649048	1342555.8495375286	60.767497062683105	1342104.6794750695	
51.27195072174072	1344217.9527235876	84.84203958511353	1342836.3341893316	84.3058111667633	1343213.101525438	50.92275810241699	1334090.8123595773	58.563467264175415	1343157.4759042885	86.0382194519043	1343865.6450517476	73.06203484535217	1343377.0434004958	59.89713168144226	1343152.9503938868	68.45668458938599	1342564.9109728907	60.79051160812378	1342114.4260006715	
51.289117097854614	1344233.6811535873	84.86875486373901	1342836.8297815386	84.33134603500366	1343209.0083956537	50.939767599105835	1334086.2884624961	58.578267097473145	1343180.576595302	86.07274746894836	1343898.2066373713	73.07604336738586	1343371.5781524603	59.922003746032715	1343152.1778704154	68.50165271759033	1342556.7807488213	60.81338286399841	1342120.845757426	
51.30812692642212	1344237.9842931405	84.90004301071167	1342841.909935673	84.35844326019287	1343173.5819314907	50.95764112472534	1334089.034578922	58.59229803085327	1343153.8608654644	86.10403561592102	1343928.174754059	73.09013485908508	1343383.7026503056	59.946972370147705	1343157.512515927	68.54713749885559	1342558.51281424	60.835392475128174	1342105.5107068552	
51.326640129089355	1344245.8253680556	84.9273669719696	1342831.0516242357	84.38422632217407	1343173.4984425236	50.97538733482361	1334761.5023072455	58.605802059173584	1343161.5828933644	86.13516879081726	1343932.442787474	73.10365629196167	1343388.8568938428	59.972447633743286	1343071.7373539945	68.59417700767517	1342507.304343118	60.86040496826172	1342105.0979298737	
51.34465837478638	1344247.3413604656	84.95438551902771	1342905.732761281	84.40826082229614	1343219.0018677232	50.99139642715454	1334763.3862222452	58.617921352386475	1343142.3836824675	86.16911029815674	1343697.249926503	73.11869716644287	1343379.9917991695	59.99708867073059	1343063.2759140015	68.63696765899658	1342494.152241252	60.88291811943054	1342090.8835143575	
51.3666787147522	1344265.962871593	84.9811680316925	1342924.850541377	84.43432116508484	1343167.9818727274	51.005910873413086	1334763.132005838	58.63044095039368	1343141.9096609387	86.20413255691528	1343699.7649617328	73.13182663917542	1343380.7634166237	60.02244853973389	1343068.0746133483	68.6981041431427	1342540.1749653784	60.92144703865051	1342056.7106951494	
51.38619518280029	1344264.2125249968	85.00668287277222	1342929.293526404	84.45905661582947	1343183.2918268591	51.0219202041626	1334770.5097468663	58.644736528396606	1343182.5175952322	86.23314023017883	1343707.9759154401	73.1479799747467	1343018.0414375886	60.04630208015442	1343114.254194218	68.73890829086304	1342521.8700740866	60.946961402893066	1342074.6745496704	
51.40723013877869	1344301.6683524526	85.03310561180115	1342940.1889315331	84.48303580284119	1343145.5427917633	51.03993344306946	1334789.1870054123	58.65928268432617	1343186.8618232391	86.26802468299866	1343724.3248706628	73.16208577156067	1343065.5580081872	60.06981801986694	1343100.1644122722	68.77242684364319	1342502.545353393	60.969590187072754	1342099.8867599533	
51.426493883132935	1344304.770110461	85.05613350868225	1342938.8799322234	84.50756239891052	1343178.8903278878	51.056952238082886	1334774.912668235	58.67487573623657	1343379.040888523	86.30040693283081	1343723.6520211021	73.17609667778015	1343061.4529527135	60.09182929992676	1343102.328995288	68.81245923042297	1342496.6304175826	60.997302532196045	1342119.6487833182	
51.44351077079773	1344299.7863978313	85.09266471862793	1342943.5396037477	84.53209185600281	1343191.2897243996	51.07597064971924	1334765.0896464752	58.68839144706726	1343321.9890207853	86.33193588256836	1343641.1884690274	73.18955945968628	1343074.588589577	60.11567759513855	1343097.9110818508	68.85347270965576	1342511.4986180274	61.01789569854736	1342369.1870914449	
51.46252942085266	1344299.994433096	85.124258518219	1342944.725186556	84.55995416641235	1343184.112461271	51.091479539871216	1334852.5374362653	58.70154356956482	1343319.7346682274	86.36375069618225	1343650.5845382125	73.20306420326233	1343070.0974568382	60.13919281959534	1343015.7723535886	68.89307236671448	1342429.9628481967	61.04040837287903	1342480.6137103627	
51.47971773147583	1344312.2423894438	85.16330909729004	1342946.7872180426	84.58411383628845	1343194.4708842186	51.1056227684021	1334867.5340124592	58.716559648513794	1343370.9910194944	86.39714074134827	1343829.669513648	73.21869087219238	1343061.7478317618	60.1611111164093	1343033.704955747	68.93994331359863	1342375.7191080796	61.06397581100464	1342201.7446306928	
51.49746012687683	1344338.72134614	85.20462441444397	1342962.163457723	84.60554575920105	1343211.6895829914	51.12169408798218	1334873.339124717	58.73058795928955	1343358.5501254029	86.42939782142639	1343820.8430731862	73.23389315605164	1343064.707657488	60.18512153625488	1342981.3795117347	68.97546291351318	1342373.3872466323	61.08656644821167	1341989.0896262696	
51.51521039009094	1344352.2843494709	85.24339032173157	1342961.9355337683	84.6350793838501	1343216.6842647316	51.13844323158264	1335220.0912861985	58.74509787559509	1343360.6427463526	86.45997762680054	1343831.0430957947	73.24779915809631	1343124.313951411	60.208130836486816	1343022.5981802468	69.02056193351746	1342448.6242380457	61.10841369628906	1342008.3094007864	
51.53422665596008	1343979.1236431065	85.27895164489746	1342956.8224188336	84.65861058235168	1343221.8496038564	51.154457092285156	1335213.015801613	58.75835466384888	1343148.7027005188	86.49587106704712	1343802.9221067796	73.26160788536072	1343106.7344864788	60.23081946372986	1343017.57770933	69.06376314163208	1341681.2922496223	61.129422187805176	1342054.9480658006	
51.552486419677734	1343748.2143294818	85.31762075424194	1342934.5447038824	84.68264698982239	1343226.4766063392	51.17634129524231	1335212.1095656627	58.77244758605957	1343150.2554739956	86.52627778053284	1343627.4133417318	73.27643632888794	1343219.8119457832	60.25800681114197	1342964.8458634012	69.10399150848389	1341697.5809363432	61.154523611068726	1342062.9659881238	
51.569329023361206	1343750.1127407278	85.35405588150024	1343128.5447935534	84.70819878578186	1343085.645161643	51.197126150131226	1335215.8223816438	58.78497314453125	1343161.6210636804	86.55229258537292	1343648.1762161972	73.29194140434265	1343221.2724935352	60.28479599952698	1342928.2037569298	69.14283680915833	1341699.170994514	61.175639629364014	1342073.2094506044	
51.58233857154846	1343754.06733313	85.37909030914307	1343115.8289483003	84.73394393920898	1343074.2347805258	51.21876502037048	1335419.1184096483	58.79948329925537	1343205.1172160704	86.58013606071472	1343637.3251159303	73.30556464195251	1343215.2131659943	60.3061842918396	1342917.3564371474	69.16735529899597	1341708.1727036955	61.201287508010864	1342007.3518453268	
51.59743595123291	1343731.8354683702	85.41066527366638	1343147.3247775561	84.76213192939758	1343072.1692757288	51.23948788642883	1335401.698261013	58.816022872924805	1343213.6178949154	86.61150693893433	1343640.4325225826	73.32007050514221	1342690.4509770817	60.32916498184204	1342930.465636342	69.19687390327454	1341706.8032158378	61.220295429229736	1341997.3013035567	
51.61095881462097	1343732.880900517	85.44469332695007	1343175.4655459458	84.78731966018677	1343060.9773087495	51.25638151168823	1334800.750629044	58.83104062080383	1343197.83464253	86.63857674598694	1343634.5975547542	73.33419919013977	1342713.3856425164	60.35283303260803	1342935.1614397815	69.22393584251404	1341687.330901524	61.246811866760254	1341995.8044181336	
51.62609934806824	1343727.9452593222	85.4798219203949	1343177.2949448477	84.81385779380798	1343069.4161104462	51.27134132385254	1334787.9534918405	58.843705892562866	1343223.2228749332	86.65939235687256	1343659.2528306127	73.3495819568634	1342759.2472530087	60.37407469749451	1342926.3413734273	69.24947094917297	1341667.3636634196	61.26823115348816	1341944.8480629746	
51.64111876487732	1343716.9869351087	85.51033973693848	1343184.5984578298	84.84519505500793	1343073.1268605795	51.28618884086609	1334829.4835418824	58.85722208023071	1343195.9992533782	86.68536067008972	1343697.9284629172	73.36502695083618	1342784.9309031386	60.39637756347656	1342939.231021656	69.27917385101318	1341696.9980652756	61.29474472999573	1342006.6599809863	
51.656625509262085	1343708.3242956705	85.5474214553833	1343169.0086748123	84.87544083595276	1343053.2538278592	51.30420255661011	1334835.3632674532	58.87224316596985	1343107.7930934664	86.70906329154968	1343687.9067782226	73.37921524047852	1342743.4325337268	60.42201614379883	1342929.8533041773	69.30447173118591	1341698.1220795675	61.3217887878418	1342008.3118814416	
51.66963982582092	1343944.997073706	85.58025813102722	1343172.8809025723	84.91052269935608	1342946.0689006515	51.32192802429199	1334843.7177363185	58.88675379753113	1343092.325160367	86.73209142684937	1343652.1361894235	73.39472985267639	1342741.6608261263	60.44507813453674	1342914.5773366925	69.3272078037262	1341700.4478004316	61.34330224990845	1341993.7981141633	
51.68387961387634	1344129.7480336747	85.61227226257324	1343173.1972317556	84.93883395195007	1343097.8864298007	51.33694338798523	1334853.2921981255	58.899768114089966	1343298.4452293161	86.76180124282837	1343680.653423498	73.4112377166748	1342677.8781301659	60.46828866004944	1342917.9918635914	69.35070562362671	1341710.0624278053	61.367530822753906	1341997.0753978402	
51.69700789451599	1344151.3013213216	85.64779949188232	1343167.8653811316	84.96405029296875	1343214.7103819803	51.35296154022217	1334924.3260313245	58.91578650474548	1343263.5599794686	86.78739881515503	1343681.0255835897	73.42591834068298	1342691.4528189376	60.496330976486206	1342900.935561162	69.37622952461243	1341706.513162317	61.39313268661499	1341975.178727347	
51.7120246887207	1344438.629120644	85.67606353759766	1343192.1649024503	84.9915862083435	1343274.9788480606	51.36954593658447	1334930.4234046189	58.92980098724365	1343269.0505867826	86.81742000579834	1343695.6769117077	73.44147181510925	1342723.773604643	60.5208466053009	1342909.3964110736	69.39523577690125	1341693.469953436	61.413795471191406	1341985.9321480202	
51.726531982421875	1344163.1112760406	85.71058535575867	1343187.3556731173	85.01765942573547	1343277.2033095162	51.384215354919434	1334948.1440260848	58.94332242012024	1343297.4151781339	86.84495902061462	1343679.4088465713	73.45587015151978	1342709.2047208135	60.54933261871338	1342958.7641995503	69.41241931915283	1341693.4029397941	61.43980407714844	1341980.809588114	
51.74212837219238	1344170.4028499844	85.73968505859375	1343190.0241495	85.04463744163513	1343263.3367385203	51.39772295951843	1334935.200276458	58.956830739974976	1343289.3301680954	86.86796498298645	1343685.6048026285	73.46917295455933	1342716.1962111806	60.57375240325928	1342926.8871391253	69.42739057540894	1341693.1494705623	61.45881271362305	1341976.158707865	
51.75663495063782	1344162.6799730342	85.7733724117279	1343174.5406610046	85.07014751434326	1343236.5895800407	51.411733865737915	1334950.982880455	58.97004508972168	1343157.6721917563	86.8920385837555	1343672.1656163663	73.48419046401978	1342032.8985747686	60.59949493408203	1342937.287615877	69.44079065322876	1341700.1560391611	61.47983384132385	1341962.4282218837	
51.771644115448	1343886.194787483	85.80273008346558	1343165.7101116513	85.09769177436829	1343231.9765856278	51.42774987220764	1334947.3064720954	58.98356604576111	1343180.825717127	86.91706252098083	1343750.0034820125	73.49737429618835	1342047.6169441906	60.62258338928223	1342970.7925081616	69.45448303222656	1341696.0495366503	61.50884485244751	1341963.406401342	
51.78665828704834	1344061.4089142606	85.83543014526367	1343164.5596625472	85.12092208862305	1343224.66000284	51.44376349449158	1334963.386743947	58.99907660484314	1343179.6509472358	86.94054508209229	1343722.6128093677	73.51288032531738	1342053.4855431265	60.646493434906006	1342978.9549788598	69.46819591522217	1341647.1732396025	61.53186583518982	1342235.069549676	
51.80019760131836	1344068.406790319	85.86750984191895	1343126.0197875293	85.14744877815247	1343516.776244476	51.45726990699768	1334959.4377732049	59.01060938835144	1343245.4664474356	86.9651129245758	1343679.7414384035	73.52800869941711	1342068.3649248388	60.66950464248657	1342968.1514727538	69.48321461677551	1341651.428186529	61.55292749404907	1342246.5813840027	
51.81686210632324	1343956.8560415683	85.90085196495056	1343074.5236698913	85.17274022102356	1343515.614553341	51.47328042984009	1335106.7590545714	59.026447772979736	1343253.393158313	86.98961043357849	1343600.1391341123	73.54151272773743	1342065.8326548482	60.6935396194458	1342574.4540720757	69.4964804649353	1341651.8071435587	61.579445600509644	1342258.3814829853	
51.83156776428223	1343948.6096520477	85.93564057350159	1343041.8013461896	85.19928359985352	1343402.848268477	51.48678255081177	1335103.9922529045	59.040945529937744	1343263.7152839354	87.01663327217102	1343647.1345947813	73.55674815177917	1343031.8984243618	60.7171425819397	1342557.7309707743	69.51031732559204	1341654.9003244445	61.6044647693634	1342247.6816576228	
51.846723318099976	1343967.469877141	85.96458530426025	1343010.7324392837	85.22418141365051	1343243.3180028342	51.500295639038086	1335105.8550254111	59.05465579032898	1343262.0476781602	87.03866744041443	1343649.8297967934	73.57293558120728	1341996.617740241	60.73957276344299	1342569.185514116	69.52543044090271	1341664.0633047135	61.62506103515625	1342261.9864303048	
51.86174130439758	1343973.1088972867	85.99088931083679	1343030.4177063203	85.24903702735901	1343246.4063510862	51.51697492599487	1335011.3851826447	59.06920409202576	1343256.741658396	87.06491565704346	1343627.6013159053	73.58615255355835	1341992.5030479338	60.76430654525757	1342569.7219692601	69.53952050209045	1341665.7354815577	61.651246547698975	1342236.487757357	
51.87592172622681	1343908.0111720331	86.02591562271118	1343041.6489309266	85.27506470680237	1343257.3769681384	51.53149676322937	1335027.1112046656	59.08172011375427	1343252.0527015137	87.08822321891785	1343641.116636463	73.60066390037537	1341970.4707017422	60.78744435310364	1342537.0613087425	69.55453300476074	1341657.8033335225	61.6757607460022	1342239.7553435403	
51.89114427566528	1343934.2363138585	86.06015634536743	1343026.6291526523	85.30241894721985	1343565.549483879	51.5525164604187	1335136.1200260066	59.09622645378113	1343265.7369255554	87.11336469650269	1343624.361775558	73.61533761024475	1342781.4644973439	60.8114116191864	1342504.008694686	69.56859111785889	1341913.5410341774	61.69691038131714	1342141.749970085	
51.90465259552002	1343895.7901056018	86.09268379211426	1343016.8991098988	85.3317551612854	1343562.9858134051	51.57353854179382	1335136.9444068032	59.11176609992981	1343427.6859967902	87.13988304138184	1343641.5175818787	73.62984323501587	1342789.0887039169	60.83353614807129	1342842.8816683327	69.58359980583191	1341897.8634431157	61.72047400474548	1342165.1918986517	
51.91866588592529	1343971.3496625575	86.12550139427185	1343040.0864737313	85.35807132720947	1343651.319064208	51.59430742263794	1335141.6138776396	59.12327790260315	1343426.8043534774	87.16240811347961	1343637.2739904306	73.64410543441772	1342794.227216365	60.856751441955566	1343655.9907367777	69.59660863876343	1341901.1833924528	61.74198603630066	1342013.233802548	
51.93317770957947	1343977.7822180726	86.15443277359009	1343076.6538302137	85.38381695747375	1343649.0088906516	51.613317251205444	1335142.0136781072	59.13785910606384	1343398.956649792	87.18565726280212	1343633.3998026208	73.65889930725098	1343210.531301679	60.88126754760742	1343719.4418366498	69.61061644554138	1341897.907854349	61.771674156188965	1342181.2596705798	
51.9484658241272	1343957.2175622766	86.18700647354126	1343153.471193633	85.41051864624023	1343658.54497227	51.63132619857788	1335158.4190394366	59.152883529663086	1343429.137970768	87.21083378791809	1343651.9465188652	73.67396688461304	1343220.2733189962	60.90527701377869	1343427.7189277208	69.62512111663818	1341926.2980919613	61.79185080528259	1342197.6070041796	
51.96447443962097	1343944.3626601747	86.2165219783783	1343164.7029960493	85.43625807762146	1343664.857754497	51.651341676712036	1335160.3791765226	59.16638994216919	1343440.9535626362	87.23836517333984	1343656.2858029956	73.68847131729126	1343234.662173897	60.92979025840759	1343428.2146773129	69.63874888420105	1341730.7943268968	61.81656193733215	1342209.2507806704	
51.97821807861328	1344084.524232207	86.24660134315491	1343124.0481362743	85.46255159378052	1343491.4547048353	51.6703565120697	1335140.102977763	59.17962622642517	1343171.1760578058	87.2633810043335	1343669.0388076885	73.7050199508667	1343251.1800574244	60.95180797576904	1343426.1712495028	69.65276050567627	1341405.2498158542	61.83676528930664	1342196.544341298	
51.99045395851135	1344085.421986392	86.28111410140991	1343111.5080649757	85.48698496818542	1343493.991898369	51.69036889076233	1335129.2584236008	59.193159341812134	1343162.9344156485	87.28968381881714	1343671.7481679022	73.71808290481567	1343243.3411921295	60.97748684883118	1343415.9114355436	69.6687707901001	1341571.3278545663	61.855775117874146	1342204.7030226423	
52.00346517562866	1344092.9218346246	86.31363487243652	1343132.0105945969	85.5147819519043	1343131.0253275097	51.712647914886475	1335132.1564198008	59.21016263961792	1343457.10091532	87.31877160072327	1343647.0866943824	73.73211169242859	1343269.386898024	61.00400924682617	1343321.5207199624	69.68456816673279	1341560.6674425788	61.875022411346436	1342221.764813629	
52.017603158950806	1343782.0918161182	86.34761023521423	1343147.9326497812	85.53873682022095	1343114.8381980187	51.73317074775696	1335124.3046449735	59.229177951812744	1343463.408471439	87.34728598594666	1343644.6566586555	73.74820256233215	1343214.2846960176	61.027846574783325	1343325.0530502002	69.70000863075256	1341645.8488646767	61.8970308303833	1342214.6323481416	
52.032620668411255	1343781.2457115804	86.37963891029358	1343154.0801790755	85.56460785865784	1343110.3519136598	51.753183364868164	1335069.8052217192	59.25036334991455	1343363.9280671861	87.37387919425964	1343645.8216061254	73.76308536529541	1342847.3325659405	61.05087924003601	1343317.3034877204	69.71761727333069	1341629.959553036	61.91804027557373	1342212.4927331195	
52.04612898826599	1343765.4614205959	86.41098070144653	1343237.865822176	85.59318828582764	1343116.5667669682	51.77046084403992	1334999.3055481361	59.26487159729004	1343369.001247327	87.39790225028992	1343660.5114410217	73.77726697921753	1342858.6952982289	61.07776618003845	1343325.359534754	69.73317980766296	1341703.1087127465	61.94405913352966	1342212.651919868	
52.05814170837402	1343784.2760293463	86.44371032714844	1343239.9503646635	85.62423729896545	1343130.3862989957	51.78523874282837	1334967.9791551114	59.27988362312317	1343456.1593731556	87.42491555213928	1343641.2534468803	73.79131698608398	1342867.4283055419	61.10528111457825	1343337.1448097592	69.74771356582642	1341645.6034713218	61.96376013755798	1342228.2740583865	
52.07365846633911	1343791.3394329122	86.46973538398743	1343226.954015564	85.65218734741211	1343135.7777719276	51.79873991012573	1334965.9413375168	59.29539227485657	1343643.6375133	87.4547290802002	1343653.091970291	73.80483603477478	1342860.1391934038	61.130122661590576	1343339.2302945498	69.76172471046448	1341635.6341996023	61.98327326774597	1342231.8595912135	
52.08845281600952	1343792.1311754796	86.49431419372559	1343242.7215055104	85.67923736572266	1343096.4163523323	51.81512403488159	1334991.929577546	59.31592345237732	1344037.903471344	87.48077273368835	1343671.086918025	73.81893754005432	1342866.3418120134	61.156673192977905	1343347.223503147	69.77773332595825	1342310.3272503405	62.005454540252686	1342225.5697720768	
52.10260200500488	1343791.8690380624	86.5182056427002	1343239.5827071066	85.70879554748535	1343105.5655551995	51.8291335105896	1334997.857053342	59.34545016288757	1343710.535566576	87.50764298439026	1343709.4428264846	73.83394646644592	1342879.2218465486	61.182464361190796	1343350.361250448	69.79523825645447	1342344.7630397263	62.03147029876709	1342228.7149088478	
52.11610674858093	1343817.534508167	86.54122352600098	1343186.911491033	85.73419237136841	1343127.299290395	51.84514927864075	1334981.6678291536	59.369476079940796	1343725.0737608802	87.53310179710388	1343695.5290652905	73.84695601463318	1342884.1765316303	61.20947623252869	1343311.0919885265	69.81043791770935	1342379.6142259385	62.054481983184814	1342216.6785755118	
52.13261890411377	1343822.8835015146	86.56476187705994	1343189.0394515223	85.76141238212585	1343145.257369073	51.85965394973755	1334961.8791321912	59.395110845565796	1343729.8285665477	87.5605137348175	1343688.4439600876	73.86209845542908	1342886.794562444	61.23218393325806	1343296.2292245054	69.8264479637146	1342402.7033624728	62.0836820602417	1342203.753103412	
52.14712595939636	1343850.9779031475	86.59005403518677	1343189.6386309161	85.79153966903687	1343120.893467963	51.874667167663574	1334989.3659074225	59.420161962509155	1343401.9217070169	87.58612537384033	1343699.3632338902	73.87546992301941	1342884.9102994213	61.25340175628662	1343293.6003787154	69.84395837783813	1342426.6491858752	62.10882544517517	1342204.8854250736	
52.160038232803345	1343849.238749942	86.62154841423035	1343193.7892537245	85.81957697868347	1343127.7007340272	51.88917088508606	1334998.4543535574	59.44645380973816	1343402.5581885092	87.61293578147888	1343702.818071234	73.889652967453	1342940.078898915	61.27541494369507	1343305.9005810795	69.86020851135254	1342388.7041939562	62.1367290019989	1342184.8578375506	
52.17304730415344	1343872.4559957513	86.64828586578369	1342792.7044613748	85.84948682785034	1343133.8220572718	51.90669012069702	1335207.9601894817	59.46946859359741	1343397.4042218858	87.64046168327332	1343696.738384187	73.9029107093811	1342946.460187663	61.299424171447754	1343313.6443163306	69.87621784210205	1342408.1730650868	62.15747284889221	1342188.1169707212	
52.18755650520325	1343879.327568386	86.6725583076477	1342784.2549190768	85.87350082397461	1343139.8483520101	51.92141890525818	1335202.0411818377	59.49700093269348	1343399.5342992637	87.67840886116028	1343703.7711654832	73.91833710670471	1342959.8080482457	61.32346272468567	1343308.8837091804	69.89172291755676	1342413.3267363096	62.18208456039429	1342211.2394030234	
52.201075077056885	1343914.273817735	86.69779133796692	1342761.175408947	85.89903354644775	1343118.1066347705	51.93743324279785	1335176.9964904194	59.52446150779724	1343608.3562159487	87.71242237091064	1343709.3300786929	73.93285155296326	1342857.1898158994	61.34915852546692	1343292.0200845934	69.90523266792297	1342415.4707335792	62.20021724700928	1342376.5674049302	
52.21460843086243	1343912.4840812862	86.72188830375671	1342744.7680141735	85.92470073699951	1343064.651970451	51.94994044303894	1335180.9908922855	59.549476861953735	1343600.6251982457	87.73696756362915	1343691.364280434	73.94611406326294	1342866.280087101	61.372480630874634	1343300.7314603475	69.9221420288086	1342433.36044978	62.223753690719604	1342383.7655622489	
52.22691774368286	1343853.5108313584	86.7475471496582	1342752.487674172	85.95250010490417	1343060.324633362	51.967453956604004	1334959.2032172387	59.577847957611084	1343604.6340132852	87.76500177383423	1343680.3506567236	73.95939373970032	1342869.0084399176	61.39918375015259	1343292.9034644044	69.93867635726929	1342437.9780570914	62.2456796169281	1342364.8167101138	
52.24293637275696	1343851.5348632217	86.7733268737793	1342658.5525125687	85.97831320762634	1343105.8362432562	51.98016405105591	1335003.679251391	59.60836982727051	1343557.060094542	87.7890465259552	1343664.3469780914	73.97155952453613	1342939.4445671362	61.421574115753174	1343279.2471282885	69.95570278167725	1342431.6587643682	62.268338441848755	1342396.0595422355	
52.25644397735596	1343861.1425608448	86.7963376045227	1342677.524763262	86.00433659553528	1343143.8430119406	51.99417972564697	1335034.5101261	59.635902881622314	1343545.5599116315	87.81596875190735	1343665.441995388	73.98725485801697	1342946.6717467387	61.44444799423218	1343282.2439522601	69.97220826148987	1342432.294632862	62.29085087776184	1342342.0056562778	
52.27228498458862	1343858.5908697199	86.82007837295532	1342674.162946472	86.03554654121399	1343145.0729992446	52.007688999176025	1335023.1627430865	59.660680294036865	1343556.5557672896	87.84274077415466	1343644.9314956332	74.00076508522034	1342951.8437995322	61.46958684921265	1343288.9268639109	69.99021768569946	1342438.9442918203	62.30985975265503	1342352.9557254738	
52.28539991378784	1343819.617656817	86.84759068489075	1342674.311832731	86.05967450141907	1343156.6039756804	52.02269768714905	1335030.0062510385	59.68269443511963	1343549.0042772915	87.8692536354065	1343640.9592521188	74.01477432250977	1342914.4378097558	61.49227714538574	1343301.1994021905	70.00635981559753	1342443.3637918779	62.33439612388611	1342339.8264461113	
52.3005747795105	1343831.5691853573	86.87339401245117	1342735.5005342488	86.08828735351562	1343142.4128885325	52.03771734237671	1335051.7887545158	59.7037136554718	1343546.0285168197	87.89745354652405	1343624.7085217973	74.0272786617279	1342886.7769414936	61.51299333572388	1343263.073823537	70.02392578125	1342421.6363155332	62.358142375946045	1342320.8873303218	
52.31308126449585	1343832.8843768772	86.89932370185852	1343159.4788754154	86.11761236190796	1343146.609957547	52.050841331481934	1335061.751879391	59.72923541069031	1343552.8500851847	87.92346858978271	1343609.1960541252	74.04179358482361	1342903.3859566993	61.53653287887573	1343275.9398184943	70.04194045066833	1342509.1659829032	62.37954330444336	1342323.5955509862	
52.329092502593994	1343819.112336527	86.92585492134094	1343179.8545233111	86.14180326461792	1342943.2200759477	52.06492877006531	1335024.4688458631	59.7547562122345	1343555.5081509703	87.94899296760559	1343585.0179926693	74.0559618473053	1342911.095281072	61.56247615814209	1343280.810071672	70.05914831161499	1342515.247762112	62.40310311317444	1342321.9834340452	
52.34260630607605	1343814.8109579831	86.94758605957031	1343179.1712846472	86.1698853969574	1342937.0780390971	52.08043360710144	1335070.5311411999	59.77828645706177	1343556.1170361543	87.97762703895569	1343539.2855342505	74.07070279121399	1342938.082887393	61.585368394851685	1343292.5490536676	70.0716507434845	1342482.3760678528	62.423635959625244	1342318.9360556565	
52.356940269470215	1343461.4604234002	86.97102928161621	1343177.1915984312	86.19773173332214	1342922.359141431	52.09744715690613	1334225.3932821744	59.80681133270264	1343605.065534479	88.00573325157166	1343535.477760793	74.08371186256409	1342955.6159236205	61.60678458213806	1343290.8487486222	70.0874092578888	1342488.1737002684	62.44422745704651	1342322.3207829082	
52.37429165840149	1343465.877435352	86.99540042877197	1343178.196619675	86.22573447227478	1342913.9312068864	52.114139795303345	1334023.8196083142	59.832839012145996	1343707.2187896452	88.03274369239807	1343774.4763858172	74.09673929214478	1342927.6496836809	61.62946438789368	1343268.7014403157	70.10241723060608	1342491.1808227403	62.4679069519043	1342250.8462629393	
52.387383460998535	1343463.4325040772	87.01943111419678	1343174.1429105508	86.2496235370636	1342929.9654964998	52.12815523147583	1334029.4772072209	59.860610246658325	1343685.4766253126	88.05625629425049	1343773.940242747	74.1097629070282	1342944.4724231607	61.65551567077637	1343218.2346709925	70.11842608451843	1342510.7659776655	62.49110555648804	1342254.1758166412	
52.40146493911743	1343466.0547366259	87.04247093200684	1343198.1036987673	86.27706003189087	1342930.427239356	52.14316940307617	1333484.0436232726	59.88562512397766	1343608.7477682768	88.08357620239258	1343756.2421680046	74.12293648719788	1342976.276564364	61.678056716918945	1343560.8145270734	70.13374066352844	1342544.4959642193	62.51811647415161	1342253.7456136458	
52.41599941253662	1343485.6602356525	87.07287049293518	1343176.2855732571	86.30846619606018	1342931.5119659153	52.15567445755005	1333498.0988795727	59.90914249420166	1343596.1849320442	88.11049461364746	1343763.6943506168	74.13719868659973	1342982.5244844279	61.70157265663147	1343380.7183186635	70.15116667747498	1342547.9357610198	62.53512477874756	1342247.3853121116	
52.43072724342346	1343571.1601885043	87.09663891792297	1343177.3006021723	86.33620190620422	1342938.25459909	52.16868472099304	1333544.6735943602	59.9326696395874	1343241.786435277	88.13752436637878	1343561.252818207	74.1538200378418	1342991.9450140572	61.7245819568634	1343393.4306271577	70.1671769618988	1342546.3746572535	62.56374907493591	1342247.5977681812	
52.443233489990234	1343572.007108376	87.12067222595215	1343478.0208446067	86.359867811203	1342782.822959011	52.18033480644226	1333553.3502661556	59.95768451690674	1343073.798908547	88.16543889045715	1343551.4642729168	74.16808366775513	1343009.0641001698	61.747095346450806	1343389.9840082563	70.18119859695435	1342565.6629567847	62.588852882385254	1342266.3087231321	
52.45673990249634	1343578.2608252824	87.14572191238403	1343481.274071768	86.38742542266846	1342700.4471459517	52.19735050201416	1333541.9199284066	59.98539614677429	1343246.5956369108	88.19253516197205	1343559.8874807414	74.1818368434906	1343013.159484703	61.77062726020813	1343366.2221896613	70.19620633125305	1342635.5716638688	62.613563776016235	1342257.547803239	
52.46998071670532	1343578.308198861	87.17096400260925	1343488.9495485926	86.41196084022522	1342734.5539947336	52.20985555648804	1333547.7778228144	60.00941252708435	1343269.4938116434	88.22390055656433	1343566.110201236	74.19684720039368	1343006.2272728572	61.80016469955444	1343370.9549570775	70.21121668815613	1342637.7579599104	62.63557291030884	1342252.5494032004	
52.48400330543518	1343580.8216073327	87.19712471961975	1343491.2794962674	86.43714261054993	1342742.3682417604	52.22587060928345	1333549.988259014	60.03495454788208	1343323.0123927332	88.2524311542511	1343551.7953169707	74.21192598342896	1343008.3681790207	61.825374603271484	1343395.3656466205	70.2264335155487	1342615.3919851566	62.65758204460144	1342237.1670679601	
52.497514963150024	1343567.3965448476	87.22639513015747	1343571.4065136586	86.46234798431396	1342713.2320607947	52.24138855934143	1333546.720833996	60.061052083969116	1343404.560469646	88.2799608707428	1343559.7478244572	74.22593832015991	1342999.9644074517	61.84958052635193	1343386.0597703815	70.24547719955444	1342620.3696356039	62.67809724807739	1342238.6101221407	
52.51052975654602	1343560.0727867312	87.25241184234619	1343381.0741885756	86.49142146110535	1342711.4029269046	52.25589990615845	1333524.2337885248	60.0860698223114	1343398.9028895176	88.30716180801392	1343541.520686075	74.23994827270508	1343009.8671702095	61.87709617614746	1343393.8927337383	70.26131343841553	1342606.8534107695	62.70061111450195	1342223.514319631	
52.524038791656494	1343536.9688987152	87.27617597579956	1343437.2311368408	86.51761937141418	1342711.118916782	52.27191376686096	1333532.075002333	60.110591411590576	1343429.014807873	88.3347110748291	1343545.444814297	74.25277900695801	1343021.3597152443	61.90361285209656	1343374.8349540434	70.27632474899292	1342587.2424676507	62.722620248794556	1342219.261531895	
52.53973150253296	1343548.6092578822	87.30018782615662	1343434.1751313931	86.5450279712677	1343008.8230233178	52.28641963005066	1333529.7520324043	60.13661313056946	1343441.3593714656	88.36124157905579	1343514.1212838483	74.26815438270569	1343177.8698745365	61.93112778663635	1343355.8364079855	70.29282903671265	1342562.9648167219	62.74531531333923	1342230.6556225796	
52.55323767662048	1343529.9228746302	87.32473564147949	1343437.6087661865	86.57033801078796	1343020.3371247463	52.29892611503601	1333550.510695731	60.16313314437866	1343429.68673301	88.38834404945374	1343503.9367252043	74.2830708026886	1343164.4433158026	61.959919691085815	1343331.9044642353	70.30734252929688	1342573.9540699439	62.7649884223938	1342276.293801406	
52.56774568557739	1343530.7463408695	87.3506281375885	1343278.8590640407	86.59771704673767	1343013.8634568907	52.31415557861328	1333583.799921354	60.19083619117737	1343465.1557648154	88.41536211967468	1343481.4011753916	74.297926902771	1343020.4997494745	61.99043560028076	1343308.236433769	70.32184791564941	1342610.0785640804	62.78550124168396	1342276.3540526144	
52.58181667327881	1343576.0650536478	87.38031148910522	1343222.0445562776	86.6258614063263	1343014.6557920235	52.329164028167725	1333571.5054940756	60.217857837677	1343528.1060458734	88.44237232208252	1343493.723391948	74.31043338775635	1342996.957638201	62.01961064338684	1343276.8191878698	70.33865857124329	1342610.3608596625	62.80629253387451	1342339.811134331	
52.59432077407837	1343557.9847323531	87.40467572212219	1343210.3173809652	86.65552568435669	1343013.3319935752	52.35168099403381	1333575.8933330688	60.247596740722656	1343522.33874633	88.47289967536926	1343490.3988827376	74.32695460319519	1343407.3605419437	62.04781222343445	1343281.1212224746	70.35566902160645	1342623.6081008192	62.82730174064636	1342319.9698780573	
52.60812830924988	1343389.3832241092	87.42668795585632	1343205.280913677	86.6810953617096	1343022.2613315706	52.37485218048096	1333563.813553254	60.270122051239014	1343512.9709179476	88.49958324432373	1343487.8020202762	74.34014177322388	1343025.3480974764	62.07498645782471	1343292.9843044109	70.37217497825623	1342690.1468446893	62.856815576553345	1342312.9905517523	
52.6239218711853	1343765.6477535723	87.45046758651733	1342857.7800491066	86.7055869102478	1343023.3331299853	52.39686870574951	1333509.8386947494	60.296135663986206	1343552.6363058733	88.52610301971436	1343500.0519228594	74.3531506061554	1343014.9247421394	62.10250782966614	1343309.6484308895	70.38818717002869	1342694.4449604559	62.87486243247986	1342313.252911691	
52.63779616355896	1343762.396767754	87.47568392753601	1342868.9849956015	86.72928833961487	1343017.7538070255	52.41888117790222	1333516.135592108	60.31916165351868	1343554.7722377405	88.5511200428009	1343509.5363582314	74.36875009536743	1343011.2065826794	62.14003133773804	1343324.9120831972	70.40195083618164	1342636.3531439973	62.89187026023865	1342281.879859726	
52.65167284011841	1343783.6548386912	87.49888920783997	1342975.400459851	86.75643253326416	1342679.5120822832	52.44139862060547	1333697.669932862	60.34318161010742	1343474.7549274694	88.5771017074585	1343677.0113795514	74.38275623321533	1343039.8639313546	62.17585802078247	1343321.8049049978	70.41900777816772	1342597.9120857052	62.90623688697815	1342288.3011441198	
52.66897392272949	1342668.0072014173	87.52520751953125	1342975.6943566054	86.78437304496765	1342644.974336311	52.4639196395874	1333445.7197669426	60.36779999732971	1343439.1298952447	88.61014986038208	1343676.4758725888	74.39784407615662	1343031.4854925945	62.20537304878235	1343334.0771638604	70.43387055397034	1342582.7946382423	62.92124581336975	1342289.910168214	
52.68304896354675	1342586.7518278712	87.5494658946991	1342183.2355891778	86.80930948257446	1342613.255151939	52.48193311691284	1333446.0205654611	60.39003896713257	1343416.2260634063	88.63866400718689	1343655.0884593672	74.4109673500061	1343029.8247922878	62.23163676261902	1343357.279298914	70.44987893104553	1342583.5775178063	62.93575096130371	1342210.517546232	
52.70628523826599	1342590.4814996892	87.57199621200562	1342130.4705853402	86.83394622802734	1342610.531580285	52.4964439868927	1333457.6831965141	60.41356086730957	1343446.618948525	88.66789746284485	1343926.8844276955	74.42430424690247	1343033.3653946177	62.2574999332428	1343485.1228262135	70.46507477760315	1342602.1582154864	62.951915979385376	1342209.3390374237	
52.72630596160889	1342590.1698543583	87.60161519050598	1342108.301302703	86.85740494728088	1342624.5822853108	52.51145553588867	1333446.751989994	60.4461236000061	1343457.8817873015	88.70163893699646	1343913.0488602107	74.44031381607056	1343011.3070682415	62.284722089767456	1343497.9734272433	70.47948145866394	1342608.4898653526	62.966923236846924	1342193.2992982964	
52.74589395523071	1342577.6120000416	87.62913417816162	1342124.0987201184	86.88775897026062	1342643.1118382856	52.52665591239929	1333427.6647228512	60.473647117614746	1343458.3073495156	88.72716498374939	1343906.6619576586	74.45596837997437	1342986.77726696	62.318278074264526	1343493.3512535417	70.49431991577148	1342588.7224746349	62.98093223571777	1342161.502821142	
52.76941514015198	1342633.4225514587	87.65315532684326	1342088.8750633437	86.91033577919006	1342655.5533740132	52.5421781539917	1333442.3451104711	60.49766445159912	1343453.4165004604	88.7511773109436	1343913.836105157	74.47046279907227	1343102.4321167637	62.342325925827026	1343632.3742727204	70.50824546813965	1342585.5848154891	62.9959397315979	1342164.8773280967	
52.7899374961853	1342626.9200790194	87.67399859428406	1342085.61035824	86.94172763824463	1343379.2254713792	52.55568742752075	1333423.0772337182	60.520697593688965	1343454.321671859	88.7775182723999	1343922.6302917262	74.48366641998291	1343111.715766892	62.37063384056091	1343635.1720031926	70.52347087860107	1342555.9652850665	63.01366424560547	1342208.301823654	
52.8131263256073	1342833.544173201	87.69601321220398	1342077.3153489532	86.97140169143677	1343391.578512831	52.5686981678009	1333388.6870598174	60.54546570777893	1343461.7181987416	88.80204200744629	1343653.3408604683	74.49897289276123	1343226.7087295423	62.39567470550537	1343649.4647009133	70.54018831253052	1342552.3566110977	63.03067207336426	1342532.830126811	
52.833645820617676	1342837.1480791955	87.72054052352905	1342083.2768710346	87.0002989768982	1343400.9242309139	52.583449840545654	1333352.943950139	60.571284532547	1343436.0495325055	88.82292079925537	1343666.6958421748	74.51205921173096	1343161.4890195385	62.425684213638306	1343695.8756411704	70.55519533157349	1342549.3541370572	63.048176527023315	1342230.170596044	
52.85384178161621	1342829.0356162845	87.74664568901062	1342092.6064009345	87.0249764919281	1343398.3905768779	52.59695553779602	1333352.565713792	60.597304344177246	1343454.63813748	88.85111665725708	1343720.7265457127	74.5258481502533	1343200.727584988	62.45221400260925	1343746.2880063276	70.57070231437683	1342542.647226466	63.06414198875427	1342204.5422535983	
52.87694311141968	1342831.420818017	87.7696704864502	1342035.511597832	87.04980158805847	1343402.3487342144	52.61197113990784	1333642.6932857102	60.62115168571472	1343468.758243057	88.87834906578064	1343722.3149417941	74.54112148284912	1343206.6494197946	62.48136901855469	1343745.2755936296	70.58420968055725	1342532.013850404	63.07815384864807	1342203.4521158782	
52.89860272407532	1342833.8034389487	87.79343056678772	1342035.8916802052	87.07933163642883	1343468.0178124001	52.6264865398407	1333458.754990404	60.64767789840698	1343449.656810052	88.90513944625854	1343708.29341917	74.55668210983276	1343206.6263948043	62.51038193702698	1343657.7580027184	70.60072493553162	1342549.197057333	63.095163106918335	1342214.637365818	
52.921839475631714	1342836.1640801453	87.81944131851196	1342022.2005230382	87.10585188865662	1343464.72485466	52.642016649246216	1333455.272488126	60.67183780670166	1343448.8346606812	88.93566131591797	1343734.8981538417	74.57176661491394	1343120.6801843161	62.53653120994568	1343379.7203680344	70.61732363700867	1342795.404620174	63.11017060279846	1342219.7187008893	
52.93834614753723	1343174.4924175339	87.84288907051086	1342014.347719655	87.13338208198547	1343419.7117328683	52.658520221710205	1333430.2001555858	60.69585466384888	1343443.9435795473	88.96236777305603	1343815.184037117	74.58483457565308	1343100.4548488318	62.56138038635254	1343375.2113370257	70.63364601135254	1342693.9971577039	63.124677419662476	1342233.6288698136	
52.95636200904846	1343182.6364660335	87.86502885818481	1342009.3730847184	87.1614191532135	1343447.681394579	52.67253565788269	1333427.2249983167	60.72087907791138	1343429.171504553	88.9879207611084	1343787.0576580446	74.60151934623718	1343097.7030850255	62.58865141868591	1343367.2528385492	70.65011668205261	1342726.2961181302	63.13968372344971	1342241.2108209888	
52.98046803474426	1343184.558318978	87.89003920555115	1341914.1196112623	87.18808960914612	1343443.4462049194	52.68803811073303	1333422.160580102	60.743895292282104	1343434.0957795156	89.01246166229248	1343793.8190678107	74.61608386039734	1343005.4419944785	62.61671233177185	1343363.7742276227	70.66833257675171	1342708.9615929415	63.15546011924744	1342273.7147264099	
53.003633975982666	1343269.961787102	87.91757941246033	1341912.3194411783	87.21574902534485	1343437.2242619633	52.70206069946289	1333428.1218340197	60.77608680725098	1343427.1761715743	89.03966188430786	1343817.899748277	74.63058853149414	1343279.67826226	62.6451358795166	1343380.965570085	70.68484878540039	1342656.5671977098	63.17097282409668	1342275.0510632806	
53.03035926818848	1343259.9690284338	87.9428563117981	1341909.8220763798	87.24779891967773	1343436.9657702332	52.71598267555237	1333437.8642834038	60.804603576660156	1343423.369807932	89.07513546943665	1343779.94676783	74.64276075363159	1343287.5553270224	62.67466068267822	1343395.367978374	70.70052719116211	1342644.584480888	63.18592357635498	1342276.0285141428	
53.05399680137634	1343543.3783600405	87.96850776672363	1341903.0622443603	87.29145169258118	1343426.6661427	52.728606939315796	1333438.8217664813	60.83163285255432	1343424.1348301284	89.10825061798096	1343780.757840549	74.65629005432129	1343311.207183111	62.703179121017456	1343382.956821805	70.71753787994385	1342660.5802399835	63.20282483100891	1342301.4037128456	
53.06966519355774	1343555.0594190187	87.9912440776825	1342052.4547221374	87.3355143070221	1343335.1044361603	52.74218392372131	1333456.794324365	60.86017560958862	1343352.2080256927	89.13476133346558	1343807.6613367496	74.6690239906311	1343338.1454701864	62.72737956047058	1343372.1086450045	70.7320442199707	1342609.2953873698	63.217328786849976	1342295.3787678475	
53.08838868141174	1343139.4681200115	88.01275658607483	1342049.355254984	87.38231801986694	1343589.9968955333	52.75536847114563	1333394.4888645713	60.88719058036804	1343358.999846351	89.1652762889862	1343836.0109644672	74.6818425655365	1343329.3371744228	62.755210638046265	1343539.6568345786	70.74930167198181	1342631.780254003	63.23190474510193	1342294.5658721416	
53.10390257835388	1343114.9242282659	88.03727149963379	1342047.7208403412	87.41620373725891	1343685.818446514	52.77038621902466	1333381.9623400487	60.909709215164185	1343366.3968366361	89.19348359107971	1343842.4419788376	74.69785141944885	1343326.280546801	62.780205726623535	1343543.6291094716	70.76380825042725	1342632.8905016587	63.2484085559845	1342305.6867039385	
53.12191843986511	1343162.3569450714	88.06396889686584	1342030.113112196	87.45874118804932	1343686.264491356	52.78696250915527	1333380.5316596674	60.94074106216431	1343367.153262103	89.21705865859985	1343852.91443668	74.7109637260437	1343340.6067611598	62.80818033218384	1343546.7627034127	70.77981877326965	1342635.9392119457	63.264434814453125	1342220.3475271922	
53.1374237537384	1343164.0416749304	88.09167051315308	1342073.340075788	87.49727654457092	1343640.6654296555	52.801475524902344	1333368.8889480173	60.96775722503662	1343378.685013849	89.24557185173035	1343842.1017892912	74.72397780418396	1343341.2999773559	62.83599615097046	1343540.7385665332	70.79506516456604	1342650.314019939	63.280259132385254	1342214.7752968378	
53.15444087982178	1343184.64895904	88.11702013015747	1342073.5033648007	87.53642463684082	1343650.1104333315	52.81478834152222	1333404.2052523175	60.99547290802002	1343369.593364498	89.27158188819885	1343841.2725785528	74.73806500434875	1343258.6124127973	62.86527729034424	1343550.0253320008	70.81359791755676	1342662.3573060504	63.2957649230957	1342212.4993744453	
53.16945505142212	1343158.5981962592	88.141033411026	1342080.2416838338	87.57210898399353	1343654.3089639076	52.827298641204834	1335686.0265305764	61.02250599861145	1343395.8012269083	89.29877471923828	1343853.7371027733	74.75397396087646	1343249.4104142045	62.89132261276245	1343642.3154160772	70.83060765266418	1342654.1946619083	63.31177639961243	1342253.54314466	
53.18646860122681	1343179.7419200228	88.16607737541199	1342008.4671393975	87.60715413093567	1343589.5298640782	52.84182262420654	1335669.2000885739	61.04631567001343	1343400.027206964	89.32929015159607	1343828.1020260712	74.76766848564148	1343277.7093239885	62.91536569595337	1343681.7840291923	70.8486180305481	1342658.4630113377	63.32728052139282	1342296.2904088218	
53.20348024368286	1343183.3327036018	88.18906831741333	1342012.1557239222	87.6502161026001	1343599.631753732	52.85533261299133	1335675.1306924697	61.07084083557129	1343332.962061911	89.35780715942383	1343834.8505940307	74.78306984901428	1343263.8294753665	62.93944525718689	1343655.3371333268	70.86432361602783	1342654.8936604918	63.343289613723755	1342266.320563145	
53.22167158126831	1343188.1862577926	88.21159815788269	1342027.0474618697	87.69088792800903	1343596.0929382737	52.869842290878296	1334164.2749143601	61.09585785865784	1343339.5770325367	89.38536477088928	1343784.504212701	74.79702234268188	1343648.8648563507	62.96957969665527	1343659.8436814924	70.87933444976807	1342688.7890831963	63.36080265045166	1342259.4125463571	
53.23870325088501	1343181.005280708	88.2379732131958	1342200.7821903855	87.72759008407593	1343589.4952530381	52.88385844230652	1334131.9774678303	61.12201642990112	1343322.0208868133	89.4118881225586	1343775.3321385453	74.81009125709534	1343662.6112396219	62.996644020080566	1343441.518293793	70.89284014701843	1342682.1962681809	63.37581181526184	1342260.8435848737	
53.25524353981018	1343218.6636759616	88.26011991500854	1342200.033749644	87.77259707450867	1343615.6807094517	52.89937233924866	1334097.4938052758	61.14743185043335	1343301.523995971	89.43892788887024	1343764.4739419657	74.82467889785767	1343661.7785071037	63.022674560546875	1343458.1977537118	70.90835499763489	1342683.240702467	63.390820026397705	1342280.5977805385	
53.27038025856018	1343258.742857423	88.28463387489319	1342195.0648624396	87.81461477279663	1343596.7718227562	52.91389179229736	1334106.3705621806	61.172460317611694	1343312.093208617	89.46745347976685	1343795.5967929275	74.83877325057983	1343661.6091943074	63.0523157119751	1343462.0427740193	70.92388343811035	1342937.4630853592	63.406386375427246	1342308.9777210774	
53.287118911743164	1343261.774122214	88.30864644050598	1342171.8421038724	87.85360622406006	1343590.2466605934	52.928210496902466	1334099.7653998248	61.200109004974365	1343820.2195338786	89.49549841880798	1343783.3723375606	74.8509476184845	1343660.3670196992	63.0773286819458	1343488.0126265385	70.93687081336975	1342938.1968545574	63.42232584953308	1342314.4629624526	
53.30578351020813	1343257.063233123	88.33416986465454	1342079.4085713804	87.916255235672	1343593.3984608871	52.94022798538208	1334114.3899242044	61.229137897491455	1343835.8790086354	89.52014112472534	1343785.7024275048	74.86489248275757	1343900.5453022397	63.10445427894592	1343479.1346633632	70.95112466812134	1342939.7047149846	63.437105655670166	1342312.1413508316	
53.323227882385254	1343254.730189721	88.35994696617126	1341988.7192738394	87.96409177780151	1343611.2326425787	52.955243825912476	1334112.2470944184	61.25533080101013	1342984.3867863424	89.54766082763672	1343783.1272221792	74.87993931770325	1344022.4180693068	63.13260245323181	1342965.657002431	70.9656434059143	1342906.6810181225	63.45062732696533	1342340.1685221589	
53.34162878990173	1343157.6336279272	88.38278007507324	1342022.7829686652	88.0045735836029	1343606.3011423463	52.97026205062866	1334113.6778016493	61.284852266311646	1343019.1137230303	89.5764389038086	1343794.9011126943	74.89513564109802	1344057.757437995	63.15773391723633	1342968.776801995	70.98015069961548	1342914.463568108	63.467637062072754	1342124.5007920475	
53.35971927642822	1343147.021991244	88.40629768371582	1342041.7274340936	88.04307317733765	1343597.4903010672	52.98482704162598	1334119.168778129	61.31388211250305	1343116.0358421097	89.6050980091095	1343785.2527296643	74.90964221954346	1344065.6705932592	63.18565011024475	1342894.6698344683	70.99354004859924	1342989.21522364	63.484644651412964	1342123.8385783944	
53.381755113601685	1343161.1872262824	88.42830920219421	1342035.685399764	88.07560086250305	1343605.3739560528	52.99933481216431	1334112.8266465212	61.34340834617615	1343044.5651129254	89.63511157035828	1343782.9247598173	74.92519950866699	1344086.1669082858	63.2135865688324	1342920.4205835685	71.0081079006195	1342771.842984504	63.500656604766846	1342124.5183363853	
53.40045118331909	1343126.4635102372	88.44989252090454	1342050.413320287	88.11619424819946	1343619.037444638	53.01438808441162	1334074.0853248285	61.368422985076904	1343044.7836602142	89.66286206245422	1343500.6251836256	74.9377052783966	1344118.791699111	63.24160838127136	1343570.755631913	71.02161145210266	1342776.696088176	63.51616072654724	1342101.3289909828	
53.41559815406799	1343124.4345768094	88.47264456748962	1342055.9566719984	88.15350842475891	1343600.399554924	53.02940249443054	1334058.3059576573	61.39309906959534	1343051.1533753225	89.69088101387024	1343515.3382433248	74.95020961761475	1344114.230402316	63.265690088272095	1343565.2605864408	71.03512144088745	1342774.5840820777	63.5321683883667	1342125.9102830982	
53.43361449241638	1343111.9748625322	88.50010251998901	1342063.7049070648	88.20490455627441	1343618.3231949853	53.04341912269592	1334093.2952038925	61.420130491256714	1343085.4286346135	89.71856379508972	1343521.7732184837	74.96652293205261	1344116.3350720392	63.29126858711243	1343522.838497849	71.04967761039734	1342775.20185466	63.54717683792114	1342126.0842447132	
53.45222783088684	1343112.9706974488	88.52444624900818	1342069.8963213717	88.24464511871338	1343688.34920047	53.05792808532715	1334093.2302747907	61.449461460113525	1342606.12098748	89.74358439445496	1343763.2939060475	74.9846887588501	1344120.8109879508	63.311779737472534	1343507.6030569777	71.06581282615662	1342820.662213145	63.563884019851685	1342122.5315236647	
53.47425889968872	1343000.3122537537	88.54672932624817	1342061.3485868725	88.28726029396057	1343679.931651973	53.07193946838379	1334085.358158476	61.47698640823364	1342591.5801024514	89.77170205116272	1343561.4862249612	75.00370573997498	1344033.6606096402	63.33478903770447	1343530.0746228674	71.07932043075562	1342820.059098374	63.579893350601196	1342133.769337545	
53.49210786819458	1343010.2130341288	88.5728542804718	1342053.1369599197	88.3285083770752	1343662.0158266593	53.08645296096802	1334429.4431135217	61.504507064819336	1342704.8782156059	89.79855108261108	1343544.2525722166	75.02121353149414	1344069.2442615263	63.35802364349365	1343529.9359592563	71.09532737731934	1342747.325900663	63.59703516960144	1342113.266154885	
53.50861382484436	1343040.4409508263	88.60306000709534	1342053.6044834997	88.37226033210754	1343663.7604853734	53.09996151924133	1334076.6799905342	61.53454232215881	1342696.6794913542	89.82506561279297	1343570.5168801595	75.04273128509521	1344088.6696248204	63.384541511535645	1343523.433041373	71.10833930969238	1342715.93280299	63.611790895462036	1342128.3276488367	
53.528658628463745	1343046.7202667568	88.62507390975952	1342073.6730163181	88.40589594841003	1343666.190656289	53.11520433425903	1334075.790628866	61.56307125091553	1342647.7628556944	89.85660314559937	1343682.8970776598	75.06054496765137	1344075.4235928322	63.41157937049866	1343292.5568065506	71.12184238433838	1342712.2566626444	63.62729454040527	1342141.305934268	
53.547677516937256	1343034.9629958943	88.64809393882751	1342055.3809869546	88.44150304794312	1343660.9873711944	53.12821340560913	1334178.9560626072	61.5913827419281	1342609.1068034119	89.88512086868286	1343692.550781744	75.07689237594604	1344082.1262827518	63.436100482940674	1343301.201596446	71.13705968856812	1342727.601600909	63.643935680389404	1342118.2165948206	
53.56669783592224	1343030.9962889412	88.67836785316467	1342079.318594859	88.48421859741211	1343675.3117952393	53.143237829208374	1334289.2505441373	61.61697769165039	1342661.3131006942	89.91351199150085	1343685.8301724384	75.09289932250977	1344278.1347358937	63.457579612731934	1343620.436609116	71.15007042884827	1342729.9524534182	63.659942626953125	1342116.8652481742	
53.58421969413757	1343033.7778545644	88.70488047599792	1342058.758568513	88.52402567863464	1343676.0362878975	53.15943217277527	1334242.1565704218	61.64203691482544	1342677.4506952723	89.94003987312317	1343678.2330884857	75.10740613937378	1344281.529591176	63.482659101486206	1343642.2460067174	71.16508293151855	1342724.5880675064	63.67595338821411	1342123.2831960951	
53.60323762893677	1343037.6306083386	88.7284460067749	1342056.458629613	88.56457448005676	1343636.6163626313	53.174986839294434	1334265.9695612665	61.66660952568054	1342679.1112735523	89.96654844284058	1343670.4732349606	75.12191128730774	1344272.174949989	63.50621271133423	1343607.1662764002	71.17909336090088	1342718.5159272894	63.690961599349976	1342154.5496386322	
53.622501611709595	1342982.984455842	88.75295925140381	1342049.606093906	88.60539817810059	1343663.829038658	53.19019627571106	1334179.603104901	61.690133571624756	1342670.563189302	89.9927625656128	1343681.1719709656	75.13769936561584	1343683.5764584919	63.531264781951904	1343608.2658847657	71.19259810447693	1343697.5428056002	63.70846724510193	1342176.4296229805	
53.63752269744873	1342684.0612133988	88.77500319480896	1342072.0512770223	88.65949726104736	1343662.465881302	53.204909324645996	1334278.5565316002	61.72116422653198	1342661.4263705022	90.02383279800415	1343474.1620344138	75.1512062549591	1343686.2508778851	63.55470895767212	1343612.1939007288	71.20611190795898	1344098.5480644633	63.72347593307495	1342167.4836621475	
53.6526312828064	1342336.064102397	88.80052208900452	1341984.3601427686	88.69720458984375	1343665.3115986711	53.21941566467285	1334295.2389238367	61.74518585205078	1342741.541215652	90.05035662651062	1343478.5434707212	75.16667413711548	1343693.135379736	63.57705593109131	1343656.8001875477	71.21913623809814	1344106.8599260452	63.74048447608948	1342165.8367250166	
53.666661500930786	1342337.8809812686	88.82556390762329	1341942.9735814184	88.73147344589233	1343664.656333802	53.23444175720215	1334333.9577085646	61.76521015167236	1342742.425837403	90.08089852333069	1343428.3698182616	75.18273854255676	1343695.7925178763	63.60257005691528	1343645.6406114944	71.23364114761353	1344107.6417466176	63.75720000267029	1342973.4079855557	
53.68084192276001	1342361.9976345554	88.85059094429016	1341772.9064021073	88.76844334602356	1343675.301472899	53.24964928627014	1334271.316037018	61.79099702835083	1342760.6914271512	90.1049177646637	1343429.3324118543	75.19774842262268	1343231.0283531917	63.62408256530762	1343645.6430277906	71.24827241897583	1344041.5225140352	63.772711992263794	1342976.7046089752	
53.69614267349243	1342351.3783520777	88.8761670589447	1341764.9813120537	88.80729460716248	1343639.712298731	53.26366639137268	1334275.5609284854	61.81351900100708	1342770.040219265	90.13070321083069	1343433.536000646	75.21184825897217	1343217.3707851472	63.64951467514038	1343651.181457029	71.26311588287354	1344752.3020203253	63.78721618652344	1342977.9914062973	
53.71078038215637	1342355.5608670118	88.90017628669739	1341753.8736100006	88.8496425151825	1343672.7124375235	53.27917695045471	1334310.4182161307	61.838555097579956	1342732.1286901531	90.15922904014587	1343431.640754842	75.22485756874084	1343255.575180075	63.67318916320801	1343639.0708557612	71.27712917327881	1344749.1371367222	63.80145573616028	1342933.1423701874	
53.72528672218323	1342342.4451853547	88.9299201965332	1341748.8074354136	88.8989269733429	1343613.0762057886	53.29519748687744	1334480.9589963104	61.86271905899048	1342714.7275290622	90.1859962940216	1343430.668691111	75.24046754837036	1343795.0090660378	63.699519634246826	1344422.0696050005	71.29513645172119	1344629.4961768456	63.81696271896362	1342931.6621770295	
53.74046230316162	1342351.0858553639	88.95525693893433	1341738.8086816608	88.93943214416504	1343610.3690169917	53.309208393096924	1334535.2769488676	61.88573431968689	1342651.089546137	90.2105987071991	1343436.951286927	75.25479340553284	1343794.8546343327	63.725533962249756	1344459.8024474462	71.31058716773987	1344629.1459169027	63.83297038078308	1342947.4585116035	
53.75456738471985	1342354.2289900426	88.97877526283264	1341740.8903691992	88.98722195625305	1343672.5319126272	53.32399106025696	1334545.452848058	61.909443616867065	1342651.9789860814	90.23712420463562	1343446.8513632908	75.2689220905304	1343835.437526084	63.75005745887756	1344260.8589106656	71.32610034942627	1344595.3781809562	63.84747385978699	1342994.1317104865	
53.76957893371582	1342356.653180097	89.00307011604309	1341744.8439027728	89.02746319770813	1343681.1021415934	53.339011669158936	1334526.360948894	61.933971643447876	1342790.116200706	90.26514649391174	1343670.4291358357	75.29399037361145	1343840.077102524	63.77504014968872	1344269.3005714526	71.34005832672119	1344588.9063682011	63.86248445510864	1342992.6996168478	
53.78416299819946	1342363.861937281	89.02895283699036	1341772.6497726233	89.06614756584167	1343678.3286513742	53.35503077507019	1334485.6706132742	61.95949339866638	1342830.3498493228	90.29097747802734	1343674.724131274	75.31323552131653	1343868.6992975515	63.80244040489197	1344293.4719379432	71.35566139221191	1344584.0938018996	63.87849688529968	1342996.2992372557	
53.79920291900635	1342361.016545539	89.05343127250671	1341773.5897450051	89.12299847602844	1343684.9982998578	53.36954879760742	1334573.7369437993	61.98533034324646	1342814.0005331156	90.31362700462341	1343903.6635548281	75.33307099342346	1343856.7822628603	63.828389406204224	1344236.8712969606	71.37117147445679	1344577.454242893	63.89250469207764	1342995.9849717112	
53.81321954727173	1342348.058217328	89.07944345474243	1341802.0229777105	89.16090369224548	1343698.7757740712	53.3837890625	1334612.2158960667	62.01090049743652	1342790.1533575817	90.33715486526489	1343902.2127372357	75.35073161125183	1343880.446676655	63.85236620903015	1344236.601946402	71.38683867454529	1344566.2838939468	63.90900897979736	1342974.915593431	
53.8274302482605	1342356.2058945966	89.1058669090271	1341815.9534882803	89.21551442146301	1343695.6346507133	53.397294759750366	1334525.9231930643	62.03842258453369	1342810.1040623123	90.36317420005798	1343705.0062628395	75.36866331100464	1343846.4846174002	63.877890825271606	1344245.4492828434	71.40284991264343	1344565.8061463092	63.9250168800354	1342974.9507763144	
53.842015981674194	1342359.4053338943	89.12687921524048	1341816.744679583	89.25804996490479	1343700.2496588766	53.41331195831299	1334532.8399104213	62.06513452529907	1342765.1613989088	90.38792681694031	1343712.9344824636	75.38329339027405	1344265.3141582697	63.90330457687378	1344360.5027567304	71.41885900497437	1344580.305653908	63.93852090835571	1342988.55769592	
53.85552453994751	1342326.6504478331	89.15558958053589	1341793.84468505	89.30236792564392	1343695.740539866	53.42832136154175	1334545.244915477	62.08815097808838	1342767.960044139	90.43264985084534	1343687.0687991434	75.39779949188232	1344244.6106183927	63.927703857421875	1344372.273610993	71.43239307403564	1343656.3819309103	63.95503544807434	1343011.4565619412	
53.87054204940796	1342324.1798630464	89.18329524993896	1341794.4781638288	89.34414720535278	1343813.5527793884	53.441344261169434	1334532.0838312558	62.11067509651184	1342716.8497262353	90.46768569946289	1343445.676033981	75.41336703300476	1344277.323595595	63.955357789993286	1344360.548732722	71.44641590118408	1343336.1235366894	63.969675064086914	1343013.5417505999	
53.88581037521362	1342320.286017169	89.20804381370544	1341813.4397132813	89.38996982574463	1343826.7770935157	53.45635914802551	1334508.3893457723	62.134196281433105	1342766.7630732	90.50103330612183	1343454.7886757178	75.42687344551086	1344266.8558941614	63.980628490448	1344346.081424655	71.461430311203	1343379.8210440138	63.98518419265747	1343064.3742273108	
53.899473428726196	1342321.0311290377	89.2325689792633	1341801.5246049403	89.43250966072083	1343890.8666110476	53.471370458602905	1334513.8636212747	62.15971612930298	1342758.307157214	90.53505563735962	1343467.404055657	75.44188189506531	1343377.8068923508	64.00791621208191	1344351.723714694	71.4754421710968	1343368.1438198704	63.99969506263733	1343050.4995769986	
53.91451048851013	1342347.1985352484	89.25575971603394	1341807.8199640517	89.46033072471619	1343894.1222075853	53.487882137298584	1334524.9754765187	62.18424034118652	1342762.747708792	90.58590626716614	1343477.9474146285	75.45413970947266	1343384.2232349305	64.0306453704834	1344346.2543783085	71.48959708213806	1343388.4909568736	64.01492071151733	1343036.2201872638	
53.92855262756348	1342326.195480144	89.28327655792236	1341796.8431145377	89.48532962799072	1343887.3119753972	53.50189971923828	1334569.1213581036	62.207913398742676	1342754.8607654693	90.62263488769531	1343478.6376322957	75.46852469444275	1343379.4925420468	64.05353665351868	1344307.832725591	71.50511527061462	1343397.0624421618	64.02842450141907	1343040.8481414367	
53.94356942176819	1342146.4977361732	89.30928874015808	1341820.659653036	89.50965547561646	1343884.0772816306	53.51755952835083	1334556.3783477454	62.23095345497131	1342688.2414644153	90.66166234016418	1343473.761362196	75.48202776908875	1343382.716578716	64.08286190032959	1344204.937579584	71.522629737854	1344185.8275849454	64.04243278503418	1343040.5439285708	
53.95707607269287	1342165.9200795009	89.33481407165527	1341786.2806471558	89.53458189964294	1343721.2882273616	53.53307557106018	1334574.3387247247	62.254475593566895	1342687.2616439709	90.69783616065979	1343589.7248196644	75.49786186218262	1343378.3918424556	64.10687184333801	1344219.288188269	71.5383369922638	1344210.2806737053	64.05593752861023	1343042.3522416272	
53.97209572792053	1342192.9888140152	89.36183476448059	1341794.2846349236	89.56052470207214	1343642.7137381467	53.54758405685425	1334609.1360318207	62.276490449905396	1342677.7677757612	90.73238801956177	1343587.2521483744	75.51528263092041	1343318.8132640817	64.14362835884094	1344162.5043531486	71.55419778823853	1344173.1042026244	64.07102704048157	1343032.6937297478	
53.98611307144165	1342185.8643709011	89.39290428161621	1341809.1539422711	89.58576607704163	1343650.2730780127	53.56260585784912	1334622.0136137183	62.301016330718994	1342635.771586663	90.7811496257782	1343586.7977446355	75.53179812431335	1343303.0463541208	64.17492127418518	1344441.9179760532	71.56880331039429	1344195.6288620047	64.08753061294556	1343039.7782072895	
54.00063180923462	1342557.950155388	89.43344521522522	1341801.9821595943	89.61260652542114	1343648.7967281463	53.578638792037964	1334616.0021141963	62.32753849029541	1342657.5287913021	90.82570004463196	1343444.7795696347	75.55181503295898	1343314.9085981695	64.20534467697144	1344439.6490218714	71.58397936820984	1344162.811007436	64.1021249294281	1343036.0905597254	
54.01464343070984	1342627.2386565981	89.45932006835938	1341814.207873692	89.63882970809937	1343648.8254064783	53.594380617141724	1334611.5432638493	62.35005974769592	1342665.6853071018	90.86022019386292	1343420.4918818632	75.56538510322571	1343266.7309425604	64.23157477378845	1344465.1512929879	71.5982403755188	1344166.572455879	64.11663007736206	1343037.932083627	
54.03039216995239	1342594.5164738751	89.48202657699585	1341817.8937491376	89.66890072822571	1343678.4576864447	53.60888648033142	1334631.5814769897	62.373576641082764	1342679.7637285083	90.8932421207428	1343434.6577452954	75.58266854286194	1343275.6946306343	64.26190280914307	1344523.0112726807	71.61425256729126	1344152.8483911746	64.13063788414001	1343040.945759207	
54.044865131378174	1342610.13380711	89.5065541267395	1341806.5245621311	89.69561290740967	1343690.938043885	53.62490749359131	1334639.6435672357	62.39733576774597	1342677.8835064366	90.9236650466919	1343440.0133772462	75.59892964363098	1343296.766882544	64.2895827293396	1344495.1384688795	71.63065910339355	1344248.1748113155	64.14392232894897	1343027.4839957624	
54.06188464164734	1342609.3630205714	89.52857851982117	1341827.6421435839	89.7211492061615	1343718.1516763112	53.63892960548401	1334744.00992856	62.42036700248718	1342675.4899401586	90.96369099617004	1343440.56678389	75.61351990699768	1343316.008576303	64.32122373580933	1344561.7889744602	71.64666843414307	1344250.4380465993	64.15693163871765	1343030.4610675909	
54.07689809799194	1342628.725051832	89.55210304260254	1341827.0374322296	89.74728059768677	1343689.571270165	53.65394639968872	1334727.805930446	62.44789147377014	1342662.0068964697	91.00382947921753	1343475.3690723965	75.62902665138245	1343318.9197458916	64.35052156448364	1344527.9134668491	71.66142272949219	1344248.5611297314	64.17172408103943	1343004.448043083	
54.09325075149536	1342641.5013209556	89.57513332366943	1341823.8712165663	89.7724757194519	1343773.4078845922	53.667452573776245	1334732.330468404	62.47105383872986	1342657.3950698748	91.04986429214478	1343490.2892771757	75.64203643798828	1343293.4861926145	64.37842464447021	1344532.8176871727	71.67543196678162	1343261.6579504067	64.18722796440125	1343016.2995031967	
54.10825848579407	1342647.4161488558	89.59736347198486	1341808.1886040373	89.79939985275269	1343819.1183322296	53.68146109580994	1334734.496176613	62.494197368621826	1342664.4843950782	91.08546113967896	1343479.0649341203	75.65639662742615	1343274.4055723357	64.4076156616211	1344530.7949291612	71.68993806838989	1343326.9211910109	64.20174241065979	1343010.4695261293	
54.12277293205261	1342628.633874258	89.62269449234009	1341847.853233131	89.8294324874878	1343751.1710976735	53.69597291946411	1334738.380384214	62.51786804199219	1342645.1457361686	91.11608862876892	1343475.7098749005	75.67157459259033	1343288.479550032	64.43374252319336	1344533.0293723145	71.70394778251648	1343299.56085667	64.21786975860596	1343030.7445400471	
54.13528084754944	1342920.6023625722	89.64638614654541	1341851.0543853599	89.85979533195496	1343756.6642212365	53.713255643844604	1334736.2607433463	62.54138994216919	1342640.771968496	91.15510320663452	1343493.5637689545	75.68709659576416	1343288.5574962306	64.46469521522522	1344533.4493160415	71.71995639801025	1343107.704486149	64.233877658844	1343033.9264853636	
54.1473114490509	1342922.3666999433	89.66911387443542	1341833.408269552	89.88730645179749	1343758.4267517324	53.728264808654785	1334721.7020943898	62.56740713119507	1342641.1357422979	91.19528317451477	1343488.8815546178	75.70216917991638	1343245.729377994	64.49120879173279	1344545.4847811195	71.73297452926636	1343096.0508443306	64.24638152122498	1343010.5253343342	
54.16058421134949	1342900.8028908626	89.69463992118835	1341841.4661907223	89.90882587432861	1343751.770535778	53.74329662322998	1334721.3613122317	62.59253764152527	1342660.3890189365	91.22880244255066	1343533.224975657	75.71727085113525	1343361.0007468946	64.52023673057556	1344582.0153828075	71.74859571456909	1342776.64265634	64.26109457015991	1342952.8051068394	
54.17513871192932	1342901.5533645898	89.71765875816345	1341727.7402901489	89.93204522132874	1343760.693357067	53.758307456970215	1334709.2057587625	62.62047338485718	1342662.370797788	91.26332139968872	1343563.9826024421	75.7307779788971	1343374.6442236265	64.54975032806396	1344588.9811783903	71.7633707523346	1342764.1609510502	64.27410316467285	1342936.5639212832	
54.18915247917175	1342902.1890310505	89.74167656898499	1341746.3718395096	89.95706391334534	1343696.7866633942	53.77232122421265	1334703.6136079703	62.643017292022705	1342649.835997697	91.30288028717041	1343514.5286654474	75.74484300613403	1343351.4966849037	64.57951378822327	1344562.755640266	71.77740979194641	1342680.7346509134	64.28760695457458	1342895.3210365167	
54.20265793800354	1342450.838005335	89.76573014259338	1341752.9381726126	89.98385739326477	1344069.46934111	53.78710389137268	1334711.1197570693	62.665550231933594	1342643.7992516693	91.33569264411926	1343532.9755056202	75.75800061225891	1343357.6790682215	64.6052987575531	1344573.1776514712	71.78919196128845	1342687.5178477613	64.30061435699463	1342909.580421983	
54.21585249900818	1342504.2505177388	89.79099297523499	1341776.7244239135	90.01488709449768	1344063.6457786108	53.7996084690094	1334714.333696898	62.69408583641052	1342653.6226455453	91.37271618843079	1343536.5220170182	75.77302551269531	1343375.6353463435	64.63232421875	1344586.594246663	71.80169868469238	1342694.1905404928	64.31411933898926	1342910.1908262952	
54.231529712677	1342483.3087303587	89.81553936004639	1341688.3967718608	90.04340934753418	1344088.7719013775	53.81462502479553	1334686.3700507942	62.72113084793091	1342640.2132269617	91.40790963172913	1343533.5744291258	75.78713059425354	1343383.3329875772	64.66228008270264	1344564.720725532	71.81570792198181	1342699.2911140907	64.3311276435852	1342922.4729451283	
54.24503707885742	1342486.0551325993	89.84506130218506	1341648.9724108912	90.06742095947266	1344077.5291781274	53.828633546829224	1334617.499660622	62.74965167045593	1342691.455410095	91.44592952728271	1343510.9875264976	75.80248069763184	1343374.012863758	64.6913685798645	1344555.3388711202	71.82855796813965	1343137.9836061674	64.34563112258911	1342923.3111309714	
54.26205611228943	1342206.509142874	89.86994910240173	1341596.8347540349	90.0919418334961	1343805.6764218737	53.843650102615356	1334610.2870837115	62.77366828918457	1342701.3617251918	91.48036122322083	1343514.580730824	75.8171751499176	1343396.3412801737	64.72167086601257	1344545.8849047907	71.84376049041748	1343115.2119797552	64.35976791381836	1342900.4035707684	
54.27506136894226	1342197.8939999002	89.89447522163391	1341608.3500271575	90.11698055267334	1343805.9019871457	53.858158111572266	1334567.5340983812	62.79589247703552	1342698.5678023356	91.51724123954773	1343524.3890460392	75.83125448226929	1343401.5372602055	64.74768114089966	1344555.4764015875	71.85905814170837	1343108.2715816684	64.37477731704712	1342895.833414037	
54.29027557373047	1342272.041668166	89.91848731040955	1341600.254392195	90.1436243057251	1343801.9858460973	53.87316846847534	1334572.6612748103	62.82011890411377	1342717.4739597891	91.55563378334045	1343525.8581888326	75.84587240219116	1343373.7245064112	64.77550053596497	1344558.9417016343	71.8745665550232	1343108.000983559	64.38978338241577	1342830.9534238663	
54.3037850856781	1342273.282050938	89.93931698799133	1342093.3115883383	90.16717743873596	1343857.9651179574	53.88967561721802	1334751.3469414248	62.844058990478516	1342692.645790999	91.58745050430298	1343527.9137361753	75.86175227165222	1343379.8286179034	64.80501222610474	1344535.7499745667	71.88757467269897	1343104.0968947478	64.40379476547241	1342835.8636953356	
54.31729602813721	1342269.104070002	89.9643657207489	1342658.6050514888	90.19896721839905	1343860.1002080075	53.90369486808777	1334764.5574519937	62.86407399177551	1342696.5022827971	91.62600350379944	1343516.0698435472	75.87699270248413	1343353.2684090885	64.83503842353821	1344526.9791108386	71.9010100364685	1343087.4871251106	64.4180359840393	1342837.4694995754	
54.333430767059326	1342286.1078802126	89.98859810829163	1342945.7102167583	90.2274854183197	1343854.7992742932	53.9183874130249	1334831.628466544	62.88009738922119	1342702.2830256468	91.66297340393066	1343518.6832771802	75.89205932617188	1343315.505293723	64.8615505695343	1344517.6444283002	71.91382145881653	1343150.7533713407	64.4340443611145	1342839.1388079883	
54.34654712677002	1342291.3552030653	90.01312112808228	1342607.7782142048	90.25301051139832	1343861.750212713	53.9329035282135	1334901.5546606001	62.89732766151428	1342722.4325386959	91.70316290855408	1343524.4220159634	75.9072015285492	1343306.5793592595	64.88956046104431	1344522.0057388798	71.92833828926086	1342735.3272436692	64.45073890686035	1342831.7527527416	
54.36012935638428	1342288.6494551417	90.03613066673279	1342958.592551334	90.2775309085846	1343863.541888766	53.94641327857971	1334756.8281628746	62.91134166717529	1342671.6403757273	91.74318766593933	1343513.1060708426	75.92225337028503	1343303.8359651037	64.9174234867096	1344538.2472878806	71.9414472579956	1342744.4425535097	64.46524310112	1342831.0295484553	
54.37363409996033	1342293.3058264665	90.05765008926392	1343018.9302128132	90.3015444278717	1343858.1898091729	53.95992064476013	1334747.0953104268	62.92435932159424	1342666.5347756678	91.78271627426147	1343366.885925883	75.93523263931274	1343305.343921553	64.94758200645447	1344575.7528957787	71.95545220375061	1342731.9801829748	64.47826981544495	1342848.9745917993	
54.3874614238739	1342290.5218882822	90.08067464828491	1343023.7667107892	90.32325482368469	1344117.1608428396	53.97465205192566	1334763.7514021292	62.93752098083496	1342701.3510952722	91.81387829780579	1343671.7750201412	75.95070958137512	1343289.8466746435	64.97932839393616	1343892.6710266098	71.96985244750977	1342616.7828724792	64.49228119850159	1342662.3892342104	
54.39960336685181	1342286.677481509	90.1072084903717	1343029.099887396	90.35077857971191	1344103.761662787	53.99128246307373	1334769.724115627	62.95053672790527	1342703.7325853002	91.84539341926575	1343678.6267522252	75.962810754776	1343292.8660419646	65.01012897491455	1343107.864851738	71.98335933685303	1342603.0229912647	64.50678610801697	1342682.3957921392	
54.41481852531433	1342000.8449759432	90.13474202156067	1342781.7747385728	90.37555766105652	1344125.9964255104	54.00679278373718	1334922.0747723558	62.96404504776001	1342759.5076257389	91.88010859489441	1343701.7295565212	75.97802138328552	1343541.901218355	65.03775835037231	1343094.4343459245	71.99736738204956	1342573.9356697937	64.52079367637634	1342912.565175277	
54.4288330078125	1342112.4464344245	90.1578893661499	1342666.9158274531	90.40061092376709	1344127.4217716062	54.02281427383423	1334836.2869780895	62.97706389427185	1342781.4344856741	91.91664218902588	1343686.7549736178	75.99306273460388	1343515.2229831985	65.06607031822205	1343119.5023372644	72.00989031791687	1342575.293639701	64.53529763221741	1342903.3761783938	
54.443398237228394	1342162.0198233502	90.18694376945496	1342649.4606774875	90.42847180366516	1344062.0979161735	54.03582692146301	1334857.9531308298	62.992679595947266	1342801.0649810447	91.95315885543823	1343664.1775004826	76.00833678245544	1343519.8362109961	65.09558606147766	1343899.6838865513	72.02339482307434	1342585.1924176097	64.5483033657074	1342875.421658873	
54.45742845535278	1342126.830136849	90.21619725227356	1342650.6457461054	90.45348787307739	1344112.4477724333	54.04933714866638	1334808.8645155276	63.00619316101074	1342790.34564037	91.99134016036987	1343351.68774541	76.02144074440002	1343548.5116873288	65.12310147285461	1343888.8306491163	72.03456592559814	1342574.6124057975	64.56209063529968	1342879.7703328375	
54.47157168388367	1341841.234075216	90.24071621894836	1342662.3209804266	90.47774648666382	1344107.541729609	54.06435465812683	1334858.760304959	63.02173972129822	1342814.5219301358	92.02535820007324	1343339.806349421	76.03419637680054	1343540.60521886	65.15613603591919	1343919.101345043	72.04857444763184	1342552.8268129646	64.57509875297546	1342879.363673338	
54.48566389083862	1342010.860790896	90.26595878601074	1342682.193811497	90.5057647228241	1344079.3274951852	54.078858613967896	1334852.9723178674	63.034247159957886	1342808.2892283055	92.05909943580627	1343337.1227585895	76.04944443702698	1343526.8911507274	65.1843798160553	1343928.1384802577	72.06288886070251	1342620.9714927666	64.58760285377502	1342883.118036545	
54.4982385635376	1342207.0921984112	90.28897428512573	1342680.051585285	90.53549933433533	1344072.9114735413	54.092870235443115	1334911.4218573754	63.04832172393799	1342810.5234650127	92.09563684463501	1343311.142188543	76.0640082359314	1343538.1511189067	65.21189713478088	1343941.403123966	72.07889938354492	1342620.9941620685	64.60111856460571	1342836.9364930764	
54.51258325576782	1342013.270528089	90.31549668312073	1342683.5699623225	90.55802130699158	1344073.9633296626	54.10688304901123	1334926.6925192084	63.063337326049805	1342838.7948782695	92.13635015487671	1343295.2891092624	76.07719922065735	1343537.0761410855	65.23814582824707	1343962.0377782206	72.09140515327454	1342614.6574776177	64.61829900741577	1342843.1555305514	
54.528106451034546	1342270.8709862726	90.34051060676575	1342730.2749442605	90.58287811279297	1344064.1884649193	54.121601819992065	1334915.385147722	63.075843811035156	1342843.1060436822	92.17788171768188	1343282.739981743	76.09326815605164	1343544.6048592126	65.26826357841492	1343953.2082146376	72.10417151451111	1342609.7104397505	64.63130688667297	1342830.1531975435	
54.54213905334473	1342281.8542047122	90.36592292785645	1342740.3310545902	90.61290717124939	1344080.4997336045	54.13761329650879	1334664.3551772689	63.08986473083496	1342807.1360690778	92.21440196037292	1343291.5943834707	76.10863757133484	1343558.4273944525	65.29477787017822	1343976.1655637391	72.1201798915863	1342669.5151410585	64.64481139183044	1342837.8363848778	
54.55717062950134	1342256.7756784223	90.38844585418701	1342736.7070847217	90.64244246482849	1344094.5429294943	54.15263080596924	1334683.0441441338	63.10337233543396	1342799.869846096	92.26058387756348	1343441.8913457084	76.12518835067749	1343565.7383119445	65.32329535484314	1344602.9610553833	72.13527774810791	1342672.5069821675	64.65981793403625	1342886.8766688202	
54.57170581817627	1342263.5138115713	90.41199231147766	1342733.1357483026	90.67296552658081	1344109.9637423335	54.16713857650757	1334637.9865027147	63.117395877838135	1342803.845844453	92.29260396957397	1343460.8728819003	76.14022994041443	1343576.5928870733	65.3523268699646	1344596.4144305787	72.14991044998169	1342608.5536265268	64.6748275756836	1342905.5164722363	
54.58572292327881	1342255.677444693	90.43552684783936	1343006.1672628229	90.69849467277527	1344112.3127487204	54.18124747276306	1334635.900898963	63.13042497634888	1342809.8561156294	92.33082461357117	1343451.9799293804	76.15300345420837	1343581.3357382931	65.38151812553406	1344593.6248731816	72.16341614723206	1342609.828046765	64.68833112716675	1342920.3175052723	
54.601325273513794	1342263.9083199701	90.45881986618042	1342994.567733717	90.72252345085144	1344103.4901673165	54.197256565093994	1334636.7629638403	63.1429340839386	1342844.8197522853	92.36163210868835	1343421.1055449105	76.16640090942383	1343546.6080601693	65.40952897071838	1343671.3647083484	72.17742609977722	1342614.7922719647	64.70333909988403	1342938.2276228014	
54.616135120391846	1342268.271849997	90.48284006118774	1343044.4545219091	90.74661636352539	1344116.0024018565	54.21226644515991	1334671.4085403176	63.157443046569824	1342847.4384021994	92.40126776695251	1343399.216620987	76.17966818809509	1343555.6201038677	65.44283676147461	1343672.613601237	72.19293093681335	1342601.9240245295	64.71884417533875	1342952.4797773198	
54.63070464134216	1342458.7045236714	90.51136422157288	1343077.9105908363	90.77216935157776	1344131.5102517428	54.22877383232117	1334641.2114701378	63.171968936920166	1342770.1787228785	92.43929696083069	1343406.3565163866	76.1942195892334	1342762.3663962656	65.47337913513184	1343848.362141742	72.20844841003418	1342734.5740487364	64.73185205459595	1342960.7654765302	
54.644214153289795	1342463.9039779603	90.5348870754242	1343077.0285270116	90.80036664009094	1343700.174972262	54.24229884147644	1334633.853818193	63.18603563308716	1342688.9937211897	92.48985385894775	1343401.5091355653	76.20853614807129	1342756.6385034826	65.4999029636383	1343695.2811381333	72.22195148468018	1342735.2588416329	64.74535584449768	1342975.8767062519	
54.660311222076416	1342785.876107003	90.55800271034241	1343055.8680119554	90.8258867263794	1344240.0601251735	54.255807638168335	1334643.9165204118	63.20042324066162	1342677.5098529137	92.53503274917603	1343430.6807137998	76.2220413684845	1342769.4894768225	65.52593040466309	1343660.6520529913	72.23545742034912	1342719.1991368604	64.76011109352112	1342976.782142227	
54.67534279823303	1342789.0990519337	90.58302235603333	1343042.8756391609	90.85041117668152	1344250.2416520035	54.27181267738342	1334645.4384092975	63.21543908119202	1342708.9898289843	92.57705760002136	1343420.2330748795	76.23611164093018	1342765.953477404	65.55344080924988	1343074.6832690113	72.24876117706299	1342720.2646030067	64.77710294723511	1343019.4552401088	
54.68937659263611	1342805.4112234379	90.61105012893677	1343025.1585692058	90.8819317817688	1344248.6255325302	54.28732180595398	1334667.8309291094	63.22946119308472	1342719.790251394	92.6172559261322	1343427.0413175311	76.25085592269897	1342745.6036855208	65.58473753929138	1343053.8118012021	72.26249957084656	1342744.8578555298	64.7936065196991	1343020.717246103	
54.70317268371582	1342810.0511052168	90.63322496414185	1343032.37216675	90.90845561027527	1344262.6325968937	54.301328897476196	1334862.5273264013	63.24402070045471	1342748.2780365816	92.65683341026306	1343436.773339909	76.26442384719849	1342717.9120199229	65.61975574493408	1343051.5493841812	72.27751517295837	1342721.4002238468	64.80785274505615	1343042.3444722737	
54.719155073165894	1342736.5861949557	90.65588545799255	1343039.452389983	90.93121409416199	1344264.774903363	54.3170804977417	1334929.1184111387	63.26075220108032	1342712.5230001507	92.70075392723083	1343438.063328659	76.27762699127197	1342723.5744409452	65.65092849731445	1343050.7950606586	72.29201912879944	1342715.4660009157	64.8238615989685	1343026.3394706487	
54.73265314102173	1343027.5083137995	90.67890429496765	1343045.924275608	90.95975399017334	1344238.5931401083	54.33158850669861	1334709.690245991	63.274768590927124	1342978.8339267054	92.74177408218384	1343432.1878992259	76.29113245010376	1342719.5945390845	65.68045139312744	1343917.3609670717	72.30753207206726	1342729.9218560657	64.83694005012512	1342991.2323820125	
54.746161222457886	1343028.4516102115	90.70092248916626	1343033.5998967383	90.98851227760315	1344247.465614558	54.34809899330139	1334736.7393284068	63.28727889060974	1342980.3012753634	92.78382611274719	1343453.8512313224	76.30315780639648	1342727.3135154075	65.71396541595459	1343924.0844438486	72.32203555107117	1342728.6629010222	64.8512237071991	1342995.4462938695	
54.760270833969116	1343031.8735651833	90.72545409202576	1343038.9813715562	91.01603293418884	1344125.6519699176	54.362109899520874	1334742.488960934	63.30229473114014	1342955.4641918233	92.83060073852539	1343282.402139132	76.31687831878662	1342695.1689505188	65.74848246574402	1343435.3767324022	72.33655381202698	1342592.2977675097	64.86552381515503	1342998.8969242414	
54.772483348846436	1343043.5674938362	90.75096416473389	1342943.2758616062	91.05006885528564	1344116.9453660434	54.37876892089844	1334745.48277777	63.31631135940552	1342954.4294097922	92.87665247917175	1343283.5329191296	76.33001661300659	1342686.4060365302	65.78370308876038	1343425.1238164788	72.35079312324524	1342597.9970987097	64.8810408115387	1342982.5161794936	
54.78553485870361	1343040.9155579198	90.77708125114441	1342937.4690151196	91.07513332366943	1344107.8022030047	54.39378833770752	1334711.5987751523	63.32782864570618	1342957.1347480025	92.91981863975525	1343290.8008591058	76.34509801864624	1342684.769730666	65.81821727752686	1343425.9569988844	72.36429858207703	1342554.1974548397	64.89474964141846	1343010.7492063695	
54.8000807762146	1343028.2114707148	90.80100059509277	1342924.4203652132	91.10728645324707	1344192.4796575648	54.40829563140869	1334703.7861627631	63.341867446899414	1342957.4283378092	92.95534181594849	1343287.5181482637	76.35973167419434	1342686.4523711912	65.84988832473755	1343356.5334547414	72.38130784034729	1342545.5707346946	64.90899109840393	1343002.849779974	
54.81416964530945	1343035.6834569373	90.82451844215393	1342951.905841024	91.13603329658508	1343921.743229612	54.42130637168884	1334667.638647245	63.35538601875305	1343086.856466341	92.98955035209656	1343289.3440127256	76.37291216850281	1342689.6880627207	65.88408017158508	1343324.7603876407	72.39731669425964	1342534.114311084	64.92300081253052	1343005.5536297618	
54.8266806602478	1343032.0489198829	90.85053896903992	1342958.1793420129	91.16055417060852	1343928.5007922442	54.434319496154785	1334587.3261321469	63.36967635154724	1342857.7937655319	93.03209328651428	1343291.51589233	76.38803744316101	1342674.329343913	65.92210102081299	1343613.1608454478	72.4113256931305	1342359.8544497518	64.937504529953	1343004.518912174	
54.8412024974823	1343193.2586565292	90.8767957687378	1342971.5481814144	91.1847312450409	1344013.3790948356	54.44982671737671	1334739.5013902339	63.382697105407715	1342860.2463620019	93.07012939453125	1343299.231500071	76.4022171497345	1342734.958128824	65.950918674469	1343609.670770605	72.4235577583313	1342365.7324763858	64.95511174201965	1342994.3776462467	
54.85423421859741	1343180.271923808	90.9008047580719	1342972.0635992012	91.2127628326416	1344007.4416181627	54.464839935302734	1334748.4221701282	63.39685034751892	1342739.2822502658	93.10040974617004	1343284.9895618577	76.41690015792847	1342931.8242582174	65.98194885253906	1343276.894150416	72.43656802177429	1342369.3102312495	64.97012233734131	1343003.2436234755	
54.86828565597534	1343167.8713837515	90.92432022094727	1342968.0063197687	91.24328708648682	1344001.2650374356	54.47834801673889	1334560.1005444482	63.41086506843567	1342743.8183029192	93.13596725463867	1343273.939827082	76.43097829818726	1342940.8719076118	66.0134665966034	1343241.8369899162	72.45107293128967	1342364.1476355405	64.98413181304932	1342991.911058211	
54.88243889808655	1343169.0022276281	90.947838306427	1342971.5272934719	91.2688045501709	1343996.309673877	54.49236512184143	1335415.8027350218	63.42388081550598	1342750.4890180966	93.18165159225464	1343280.2170293662	76.44596743583679	1342908.8481785571	66.0499415397644	1343229.3466561774	72.4640839099884	1342305.6453976007	64.9981369972229	1342997.8871699169	
54.8961615562439	1343173.9375916927	90.97185897827148	1342971.6783392245	91.29832768440247	1343749.3511504822	54.50587296485901	1335389.6650705775	63.438387870788574	1342849.2686931528	93.22615385055542	1343279.6375611818	76.45954203605652	1342936.4106630278	66.07777523994446	1343229.2403655648	72.47831845283508	1342276.3042774084	65.01081132888794	1343000.6103316618	
54.91218376159668	1343163.524250935	90.99537825584412	1342936.1728459143	91.32535672187805	1343750.4474199836	54.519614934921265	1335411.8574681706	63.45155715942383	1342827.8490025888	93.26617097854614	1343283.412371463	76.47324872016907	1342922.149318778	66.11079812049866	1343285.9992109535	72.49282622337341	1342310.603182757	65.02431678771973	1342966.3557455966	
54.92668890953064	1343124.1384803306	91.01991176605225	1342937.606419966	91.35363817214966	1344026.6657913784	54.5351345539093	1335405.691055913	63.465068101882935	1342830.1600404067	93.31544804573059	1343276.1442280116	76.48705744743347	1342944.933253361	66.14187622070312	1343234.6611806888	72.5073413848877	1342328.3764058023	65.03882074356079	1342979.7347903908	
54.94137644767761	1343099.0524465828	91.04498887062073	1342935.626705119	91.38117456436157	1344027.702742111	54.552146673202515	1335104.0693077468	63.47757816314697	1342832.8798406627	93.35125088691711	1343276.5192195259	76.50229096412659	1342958.603671138	66.17109060287476	1344135.648698208	72.5218460559845	1342329.475393825	65.05282974243164	1342939.2979118612	
54.956398248672485	1342778.8540077377	91.06764936447144	1342938.3289918865	91.4049940109253	1343726.5534732463	54.56665349006653	1335120.5582406104	63.49259114265442	1342819.5431319592	93.37724781036377	1343260.0116456929	76.51686763763428	1342962.0302783356	66.20460319519043	1344135.4489976661	72.53736162185669	1342332.453490192	65.06883788108826	1342954.2690490999	
54.96841502189636	1342783.3859539665	91.08865904808044	1342864.387877215	91.42769861221313	1343739.596249821	54.57984209060669	1335297.0414189931	63.50509858131409	1342868.2320807478	93.39877080917358	1343267.541039726	76.5309829711914	1342976.4625704086	66.2316267490387	1344138.3941912004	72.56039714813232	1342309.1537573144	65.0834231376648	1342966.9253585597	
54.98283910751343	1342784.6222901416	91.11467909812927	1342869.517424749	91.45659899711609	1343738.6171068358	54.594862937927246	1335299.854902637	63.519614696502686	1342845.3489422428	93.42378640174866	1343240.9925657904	76.54452872276306	1342941.1072225533	66.2595567703247	1344139.290678277	72.57640814781189	1342387.2413665769	65.09892964363098	1342978.8652486613	
54.998345136642456	1342633.8328018188	91.13725233078003	1342890.8123227335	91.48212194442749	1343756.4119158818	54.60836696624756	1335316.0036240015	63.53312873840332	1342822.5432160741	93.45030498504639	1343244.4281994924	76.5605399608612	1342947.282076974	66.28456950187683	1344139.6571872178	72.5976631641388	1342374.7957168287	65.11293935775757	1342970.6890369994	
55.011945724487305	1342642.892091901	91.1617865562439	1342866.3418089023	91.50613594055176	1343747.4899169465	54.622379302978516	1335340.595074512	63.54763579368591	1342823.195341242	93.47682857513428	1343254.3550429458	76.57703399658203	1343757.8184951292	66.3097026348114	1344149.640008868	72.61717534065247	1342373.7340616393	65.12644386291504	1343154.2153215462	
55.025049448013306	1342689.527564026	91.19032621383667	1342859.6435220526	91.52867531776428	1343741.829889994	54.63839149475098	1335171.6301695958	63.561652421951294	1342796.8834333564	93.4988784790039	1343258.6109578512	76.59314393997192	1343742.4873115912	66.3347156047821	1344100.3647803408	72.64272904396057	1342355.8295846602	65.13994836807251	1342952.254014812	
55.03929829597473	1342691.1516401856	91.21486282348633	1342862.4019331532	91.5574152469635	1343735.35052539	54.65240716934204	1335169.8124800911	63.57516050338745	1342798.510281947	93.52816557884216	1343247.8517561154	76.61015439033508	1343732.5170557606	66.35824036598206	1344096.3446875575	72.67402815818787	1342375.5818743692	65.15446186065674	1342966.1924530293	
55.05457091331482	1342694.3800759662	91.23687219619751	1342727.7602785102	91.58567476272583	1343681.363590472	54.66791224479675	1335154.6089027962	63.58818864822388	1342826.7934667831	93.55563020706177	1343243.8538406766	76.62757277488708	1343725.1276662024	66.38400626182556	1344104.6342147551	72.69715857505798	1342367.4614760044	65.16762948036194	1342941.5292510807	
55.07031035423279	1342653.6046895748	91.25903987884521	1342733.9490593355	91.61271262168884	1343672.74606978	54.68192386627197	1335167.2550630816	63.60093092918396	1342819.9173261463	93.57936072349548	1343256.7807592067	76.6431360244751	1343725.5752365633	66.41152834892273	1344092.9563755083	72.7156708240509	1342527.4194397908	65.18363952636719	1343069.3047427435	
55.08445882797241	1342595.3133993933	91.28728079795837	1342747.5932112816	91.64523601531982	1343686.9639340367	54.69643259048462	1335166.1374790114	63.613943338394165	1342829.9868150796	93.60255074501038	1343245.2811144618	76.65881609916687	1343728.0766050918	66.43754053115845	1344172.1723608754	72.74013495445251	1342536.065894857	65.20116019248962	1343057.8736222447	
55.09817171096802	1342586.9392085227	91.3128023147583	1342751.3283824362	91.67275905609131	1343704.6338359471	54.710453271865845	1335167.3014073335	63.62745547294617	1342834.8195549033	93.63006901741028	1343243.6625155127	76.6777880191803	1343532.54167556	66.46282386779785	1344190.3382090174	72.75736618041992	1342901.1479893546	65.21675443649292	1343058.4387579414	
55.11318111419678	1342398.5256309214	91.33582377433777	1342749.6451035643	91.69928097724915	1343716.7696663637	54.725202798843384	1335158.5894022316	63.642091035842896	1342835.2321287643	93.65309309959412	1343290.9770062745	76.69443535804749	1343554.7185205466	66.48783349990845	1344193.0501924579	72.77389311790466	1342935.4780102314	65.2345654964447	1343029.4199385906	
55.12719464302063	1342451.1035876542	91.36285996437073	1342306.6676453524	91.72531270980835	1343894.3778784778	54.74021792411804	1335160.8424769053	63.65664219856262	1342823.7027451086	93.69312334060669	1343307.0212079275	76.70807909965515	1343779.826683111	66.51334929466248	1344180.8600147814	72.78853511810303	1342921.7627959417	65.25007057189941	1343044.249032769	
55.142343044281006	1342380.261886309	91.38959980010986	1342347.0059116099	91.7573390007019	1343903.4004270323	54.75523281097412	1335145.0121663832	63.671887159347534	1342828.3649329366	93.71816754341125	1343312.6711440517	76.72393369674683	1343796.072208919	66.53535842895508	1344154.284613981	72.80254411697388	1342980.9976718153	65.26648831367493	1343065.0978360611	
55.1583514213562	1342347.2595656263	91.41348648071289	1342346.0583539272	91.78327989578247	1343881.2970165731	54.76974034309387	1334878.8188566105	63.68543744087219	1342820.1571177808	93.7420551776886	1343310.6243425182	76.73969340324402	1343808.9953021312	66.56188225746155	1343581.0128978533	72.81855177879333	1342883.4910738738	65.28149914741516	1343071.3864896693	
55.17449736595154	1342350.4225284604	91.43749785423279	1342333.0968892453	91.80880427360535	1343887.547103996	54.78413987159729	1335265.3621012308	63.69794154167175	1342825.9988255878	93.76757860183716	1343299.9894889777	76.75629425048828	1343809.8265486339	66.588613986969	1343624.1670125793	72.8340585231781	1342886.9094084874	65.29800367355347	1343069.0064864238	
55.18873643875122	1342362.7214351336	91.46202492713928	1342291.2736450685	91.83532691001892	1343889.165481393	54.798569440841675	1335284.7885856936	63.71046257019043	1342844.2064822635	93.79124164581299	1343308.4612330417	76.77046203613281	1343814.7477531342	66.61412954330444	1343660.1408401683	72.85232615470886	1342894.428643629	65.31357288360596	1343076.627359422	
55.20224738121033	1342554.7925101225	91.48723793029785	1342283.5466532412	91.86193132400513	1343908.8280328861	54.811763048172	1335286.3633785562	63.72622847557068	1342833.1342845454	93.81525945663452	1343312.8547417778	76.78626656532288	1343688.4223580207	66.64145970344543	1343682.573869907	72.8688383102417	1342889.5097123184	65.33058142662048	1343106.1645017797	
55.214847564697266	1342510.5349964662	91.51025199890137	1342345.4184729464	91.89145421981812	1343882.505874907	54.82622480392456	1335287.9936233254	63.74124240875244	1342843.7895499216	93.8423433303833	1343317.6674262816	76.80166578292847	1343908.8482633615	66.66768288612366	1343653.8737302993	72.8855836391449	1342898.8170079868	65.34608697891235	1342983.3619811703	
55.231271743774414	1342517.7895347679	91.5367660522461	1342330.8756571217	91.91849040985107	1343888.9787000818	54.84574365615845	1335269.889079355	63.75575065612793	1342841.2492663418	93.86708784103394	1343322.339976165	76.82167792320251	1343906.2136025052	66.70070743560791	1343530.9372627935	72.90159225463867	1342897.50338107	65.36271643638611	1342951.4911356277	
55.246790409088135	1342558.4218231791	91.55828404426575	1342302.9952589374	91.94624328613281	1343888.0304419952	54.86452865600586	1335466.1283397926	63.7707736492157	1342864.4533937518	93.8910973072052	1343325.188661918	76.8394558429718	1343976.0654126815	66.72721886634827	1343582.5796478628	72.91660475730896	1342866.1345975376	65.37753105163574	1342956.9781461507	
55.263304710388184	1342569.0995764355	91.58281755447388	1342321.512808648	91.97383856773376	1343888.66442379	54.88453912734985	1335448.5396425263	63.785287857055664	1342846.801375152	93.91528367996216	1343313.072276759	76.85632967948914	1344230.602681179	66.74830389022827	1343593.6045683373	72.93161392211914	1342887.0158667956	65.39316868782043	1342967.6651389166	
55.2795135974884	1342766.7776514248	91.60617303848267	1342322.1443532184	91.99829864501953	1344107.796997334	54.90555667877197	1335398.897020347	63.79951858520508	1342870.478897879	93.9413013458252	1343369.058442281	76.87402963638306	1344098.4252276095	66.77482533454895	1343587.2557686472	72.94631290435791	1342843.705561478	65.40895128250122	1342994.7210476063	
55.29411339759827	1342496.1306209837	91.63021802902222	1342261.2747086235	92.02381753921509	1344283.0064238207	54.92177486419678	1335412.32760104	63.81404781341553	1342733.11500396	93.96531391143799	1343360.0216284718	76.89023280143738	1344097.5047970666	66.7991714477539	1343552.5952929854	72.9608166217804	1342873.4079862102	65.42595934867859	1342999.1507369063	
55.31013035774231	1343040.5528597904	91.65527510643005	1342248.4750208403	92.04733562469482	1344300.099257533	54.94329810142517	1335483.9025705024	63.827561378479004	1342734.7428557202	93.98910236358643	1343330.1195964417	76.90524172782898	1343797.8484011753	66.82446312904358	1343558.1544724053	72.97582769393921	1342492.1464997346	65.44196915626526	1342998.1193863174	
55.323636293411255	1343054.7328418943	91.67878699302673	1342234.9620913796	92.07736682891846	1344004.1846168688	54.96330785751343	1335555.7625533906	63.84057426452637	1342737.0309447853	94.01512145996094	1343341.4712855052	76.92166876792908	1343815.8074437578	66.8514449596405	1343560.3111183923	72.99133348464966	1342529.816189312	65.45847702026367	1342997.8171789234	
55.338149547576904	1342772.76952727	91.6994137763977	1342229.3287485463	92.10107779502869	1344048.8906153059	54.982327938079834	1335558.9380589966	63.855366468429565	1342780.0976506274	94.03813552856445	1343403.5306579878	76.93653631210327	1343814.3785481718	66.87845516204834	1343572.355522554	73.00584435462952	1342550.174938817	65.475989818573	1343000.722722342	
55.3541624546051	1342747.3248549583	91.72193169593811	1342233.2353803045	92.12715864181519	1343818.4561937163	55.00113034248352	1335564.0298216448	63.86855602264404	1342783.118230158	94.06314611434937	1343405.7240284279	76.95304274559021	1343910.2534684425	66.90597414970398	1343552.2436743495	73.01935029029846	1342556.4062903365	65.49128890037537	1343003.8330098686	
55.369178771972656	1342756.7224718872	91.74745106697083	1342225.0795319409	92.15743064880371	1343790.5021917026	55.02214431762695	1335544.2004854963	63.88256907463074	1342803.8936421152	94.08918952941895	1343412.1127774073	76.9690215587616	1343637.933070745	66.93449258804321	1343565.5325047758	73.03385496139526	1342375.2542598676	65.50779438018799	1342964.0610298337	
55.384824991226196	1342753.0409424438	91.77447962760925	1342210.6110260615	92.18597269058228	1343783.2932753994	55.03915309906006	1335556.824921247	63.895076274871826	1342840.1979933672	94.1130199432373	1343357.5341737245	76.98503279685974	1343637.8184027614	66.95802855491638	1343559.2378593686	73.04751968383789	1342255.6700155195	65.52371072769165	1342993.4942940343	
55.401034116744995	1342745.9903433376	91.80035901069641	1342411.1739223632	92.21152877807617	1343650.878913279	55.05716896057129	1335561.0665307846	63.907583475112915	1342813.6185266494	94.13855743408203	1343359.6376525797	77.00153660774231	1343619.6427581739	66.98383331298828	1343566.9954320746	73.06322503089905	1342283.965019884	65.54171895980835	1342983.222907167	
55.41857600212097	1342716.2734695182	91.82287669181824	1342450.1670802215	92.24384570121765	1343622.494920706	55.07518005371094	1335576.748025057	63.92210555076599	1342904.0592984655	94.16514563560486	1343467.1702438113	77.01705718040466	1343618.7663680287	67.01011562347412	1343557.7690268026	73.07695984840393	1342283.0282856044	65.55672931671143	1342987.591789391	
55.43233132362366	1342736.368918644	91.8459038734436	1342444.1691885213	92.26937079429626	1343581.5085084976	55.09319710731506	1335507.228934162	63.93561625480652	1342903.2422049467	94.19038891792297	1343474.4348702757	77.03206896781921	1343574.9768228682	67.03325200080872	1343578.049888707	73.09046459197998	1342284.3360155916	65.57289457321167	1342983.1149698396	
55.447391748428345	1342737.8145438207	91.87172722816467	1342391.8171758035	92.29739284515381	1343593.794387746	55.111013889312744	1335386.7078856286	63.949623823165894	1342889.0408349796	94.2139024734497	1343471.2307243787	77.04547905921936	1343568.8274720095	67.05818295478821	1343566.9911526903	73.10347175598145	1342276.1548560604	65.59190320968628	1342951.878770728	
55.461575746536255	1342745.8680955158	91.89926147460938	1342544.9923580785	92.32294082641602	1343621.6098889587	55.13204097747803	1335349.3290930104	63.96313428878784	1342862.9941099992	94.23942494392395	1343454.4926340028	77.060067653656	1343586.7071359009	67.07969665527344	1343675.8172861622	73.11747980117798	1342277.766895457	65.60803651809692	1342950.1423330067	
55.475584983825684	1342754.5371899595	91.93328738212585	1342875.6826692205	92.34761691093445	1343662.909645054	55.14955496788025	1335360.8502900878	63.97764205932617	1342868.51985124	94.26709032058716	1343458.5739332137	77.07633519172668	1343584.294614831	67.10671281814575	1343697.766985858	73.132488489151	1342279.735143666	65.6256058216095	1342971.9857498242	
55.49034333229065	1342773.5810917076	91.95755124092102	1343610.392459252	92.37614226341248	1343662.898765031	55.16856622695923	1335355.2408094867	63.99086332321167	1342833.5725155124	94.29409861564636	1343456.439210949	77.09411072731018	1343617.4852652296	67.13423132896423	1343718.3998728849	73.14737701416016	1342287.9902272217	65.64461398124695	1343001.666875197	
55.50553822517395	1342760.2473571964	91.98307061195374	1343618.8165161987	92.41171956062317	1343627.9446133052	55.18629336357117	1334967.8028655269	64.00337505340576	1342817.394072098	94.32290744781494	1343482.8311627845	77.11024045944214	1343536.0172378167	67.16424942016602	1343709.232046249	73.16288113594055	1342283.9622114378	65.66012001037598	1343007.8119621358	
55.52005648612976	1342285.5500529069	92.01047158241272	1343619.4901017682	92.43524122238159	1343792.5468026241	55.20808792114258	1334978.9452216176	64.01839208602905	1342850.390443934	94.34642457962036	1343484.5668326265	77.12324690818787	1343511.3097038858	67.19140124320984	1344322.5815971554	73.1768913269043	1342904.1671572176	65.67723250389099	1342999.1874550758	
55.53556299209595	1342283.936001443	92.03722786903381	1343614.9428626886	92.46276116371155	1343797.7839785828	55.22544026374817	1335009.0052173857	64.03341102600098	1342546.705071416	94.37302041053772	1343498.0141968685	77.13875389099121	1343536.7409507455	67.21941256523132	1344324.015066249	73.19139695167542	1342932.2702387355	65.6932418346405	1343948.7250325356	
55.55159831047058	1342287.6043996126	92.06585097312927	1343622.2984220826	92.4859447479248	1343804.6625772568	55.24565315246582	1335023.9074313247	64.04923439025879	1342589.3770687487	94.40128087997437	1343331.517369213	77.15226006507874	1343512.4140187097	67.24430274963379	1344324.7465394991	73.2034056186676	1342935.8794353388	65.71024942398071	1343966.5849509959	
55.56579804420471	1342333.49190928	92.09337306022644	1343634.1183122604	92.50725984573364	1343621.4062118973	55.26383447647095	1335021.4449554614	64.06374597549438	1342577.7979987506	94.42529034614563	1343331.932270294	77.16583442687988	1343517.7017905011	67.26682734489441	1344307.7608256643	73.21841406822205	1342917.830123447	65.72775626182556	1343962.4843324416	
55.58031487464905	1342305.7304094252	92.11900353431702	1343702.9663407227	92.53495025634766	1343630.513643662	55.28384613990784	1335390.3254632999	64.07725429534912	1342837.7778202947	94.44780325889587	1343326.1037245817	77.1801586151123	1342593.271583257	67.2923412322998	1344430.681445638	73.23328971862793	1342420.2086216693	65.74376487731934	1343896.7308503315	
55.596447229385376	1342284.3367216836	92.14445447921753	1343711.123309995	92.56318378448486	1343635.3079708477	55.304428577423096	1335711.2624190392	64.09127259254456	1342812.9299525835	94.47282528877258	1343218.7131351575	77.19382977485657	1342664.2247385588	67.3163537979126	1344417.7997191795	73.24830055236816	1342420.7794108689	65.76082444190979	1343801.5297417387	
55.61082577705383	1342731.1460132191	92.17076420783997	1343450.425615938	92.58797669410706	1343682.0685043344	55.32559823989868	1335143.162758513	64.10577821731567	1342830.615305932	94.49784350395203	1343216.8918328932	77.21006631851196	1342654.2987580278	67.34286832809448	1344424.533888109	73.26280641555786	1342382.1800864933	65.77750253677368	1343800.2735056507	
55.627142906188965	1342716.259888574	92.19463205337524	1343463.4483263278	92.6230046749115	1343460.6521674204	55.34411311149597	1335254.4652601015	64.11779069900513	1342832.2670388604	94.52405643463135	1343220.3012622348	77.22407507896423	1342656.8662453545	67.36572432518005	1344426.0476164862	73.27628922462463	1342409.4928685362	65.7955117225647	1342967.0541831723	
55.64368391036987	1342305.6730824802	92.2231605052948	1343418.173977131	92.65452742576599	1343471.2369687234	55.36512327194214	1335245.6854742628	64.13380479812622	1342847.561323913	94.54958772659302	1343225.761422721	77.23857975006104	1342631.6257971989	67.39124083518982	1344477.4844582947	73.2903299331665	1342371.5301719524	65.8105194568634	1342965.4788951916	
55.65820908546448	1342255.6740891112	92.24631428718567	1343410.6360838641	92.68104887008667	1343457.5043029336	55.38179540634155	1335275.162742918	64.14732146263123	1342607.2843662929	94.57510924339294	1343221.4848506982	77.25315737724304	1342634.645908611	67.41425228118896	1344478.7676199486	73.3038923740387	1342378.315025353	65.82560324668884	1342955.8935812493	
55.67272424697876	1342262.8811111057	92.27151298522949	1343362.0833552617	92.70506525039673	1343460.9462924423	55.40012550354004	1334665.1990192314	64.15939211845398	1342781.0558433796	94.59801054000854	1343221.0226833886	77.26844811439514	1342640.4745032361	67.44027495384216	1343254.8298487607	73.31746029853821	1342378.6158056846	65.84361243247986	1342884.7684738848	
55.68743848800659	1342265.7462006328	92.29479146003723	1343368.8808129004	92.73187041282654	1343476.169448872	55.41913723945618	1334575.9439770528	64.17390251159668	1342773.3628895916	94.62654423713684	1343257.0061733888	77.28295540809631	1342650.656138623	67.46831011772156	1343226.400389353	73.33079147338867	1342378.0758995276	65.85812067985535	1342859.18524691	
55.70328450202942	1342313.825820299	92.3211076259613	1343372.6299131382	92.75660037994385	1343453.5944203245	55.43865990638733	1335347.848046607	64.19256901741028	1342925.3393772268	94.65207600593567	1343256.2438398006	77.29696393013	1342642.9916819052	67.49182534217834	1343249.457840812	73.34676313400269	1342379.0916800771	65.87263298034668	1342862.5734846487	
55.720678091049194	1342249.284822234	92.35081362724304	1343291.9985869508	92.78113794326782	1343467.486430311	55.45767569541931	1335497.1401931695	64.21509170532227	1342939.112729526	94.67959499359131	1343267.0609558732	77.31145191192627	1343205.8175135385	67.51683568954468	1343229.9514512832	73.3618094921112	1342391.5124334425	65.88813900947571	1342852.267772379	
55.735695600509644	1342252.8905448467	92.37288665771484	1343287.295764466	92.80287003517151	1343470.8150766965	55.477190017700195	1335567.9174123362	64.23810935020447	1342967.0701611375	94.70431399345398	1343270.582737607	77.32646036148071	1343246.1082037042	67.54035067558289	1343490.727383368	73.37737083435059	1342398.9351596313	65.90325212478638	1342809.8555917095	
55.75222969055176	1342252.1298414422	92.39940595626831	1343295.913502371	92.83040761947632	1343461.0006232266	55.497318506240845	1335555.7724441895	64.2682614326477	1342969.0733357496	94.73183274269104	1343274.4017866796	77.33896541595459	1343254.943950355	67.56390929222107	1343503.140514427	73.39347577095032	1342410.973091867	65.91975712776184	1342971.896030391	
55.767433166503906	1342294.5170549601	92.42568039894104	1343294.8078987736	92.85715365409851	1343450.3959313573	55.51683282852173	1335693.3974847733	64.29578518867493	1342945.5008646194	94.75867128372192	1343279.9589402925	77.35375690460205	1343255.6581328409	67.58706450462341	1343509.4511767207	73.40641856193542	1342398.139073874	65.93427348136902	1342990.8897418906	
55.784483432769775	1342298.1350909888	92.45152521133423	1343376.2818574116	92.88317370414734	1343426.7954120021	55.53702235221863	1335456.358797805	64.31982135772705	1342946.777856298	94.78749513626099	1343265.1825152908	77.36676669120789	1343322.8034812405	67.61258888244629	1343503.6081222221	73.42134475708008	1342377.9931044532	65.95028448104858	1342957.854185463	
55.79849123954773	1342294.2627516922	92.47726941108704	1343230.5275127734	92.90869426727295	1343417.394414457	55.559043407440186	1335470.6257178618	64.34084224700928	1342937.061165818	94.81501889228821	1343257.825071704	77.38291835784912	1343327.8907274464	67.6371066570282	1343431.1050169747	73.43741250038147	1342383.229365835	65.96380019187927	1342963.4118801574	
55.81310176849365	1342288.584673428	92.49728298187256	1343231.89209935	92.93622660636902	1343419.3895434984	55.578572511672974	1334857.6389993364	64.36385583877563	1342902.6853195443	94.84354829788208	1343230.9676994544	77.39669299125671	1343344.1294702203	67.66438817977905	1343398.5808306881	73.45291924476624	1342392.3855056001	65.97998404502869	1343016.2778994942	
55.82732796669006	1342289.6381632637	92.5202989578247	1343234.0311463892	92.96865367889404	1343371.676522828	55.59729027748108	1334893.2382148306	64.38603377342224	1342900.9751191936	94.87225437164307	1343232.0504477436	77.41093182563782	1343344.5140014433	67.6918773651123	1343413.4821748207	73.46492552757263	1342392.9192091026	65.99449038505554	1343015.6988168298	
55.84337282180786	1342275.4486880803	92.54482936859131	1343094.0711256543	92.9984974861145	1343371.7987138692	55.62000560760498	1334849.2177135332	64.41709089279175	1343123.5050917063	94.8981294631958	1343233.4902648628	77.42594075202942	1343340.1171720827	67.71649622917175	1343418.616425169	73.47962522506714	1342453.5000853066	66.0097451210022	1343027.8588442446	
55.86153507232666	1342230.5206780508	92.56838178634644	1343098.3673025933	93.0295250415802	1343373.4614478832	55.6405234336853	1334867.4375976205	64.4396140575409	1343132.5262010475	94.9289481639862	1343194.2263705549	77.44019675254822	1343641.4468277295	67.7410147190094	1343390.914763916	73.49412965774536	1342453.7444597632	66.02593326568604	1343022.243351158	
55.87474036216736	1342195.4238756408	92.59582090377808	1343065.6984128735	93.05653882026672	1343463.1675659919	55.658538579940796	1334710.0663346942	64.46327042579651	1343136.7977783813	94.95396256446838	1343204.0130036338	77.45574736595154	1343624.762236842	67.76503682136536	1343392.5432581792	73.50864267349243	1342474.5879332789	66.04094219207764	1343051.7858334722	
55.891483783721924	1342242.5467250284	92.61882710456848	1343071.2825793652	93.08406162261963	1343416.774936428	55.67554974555969	1334884.7368183827	64.48979234695435	1342732.7310273494	94.97762966156006	1343202.473165501	77.47152876853943	1343618.793480693	67.78863048553467	1343373.71696218	73.5241470336914	1342478.751267073	66.05502367019653	1343044.4909109573	
55.91064262390137	1342246.452767675	92.63985919952393	1343071.4408676312	93.1106607913971	1343435.8260809856	55.696563959121704	1334893.8330192892	64.51732039451599	1342747.5888493718	95.00345087051392	1343197.646931554	77.48619508743286	1343624.275629855	67.8141462802887	1343472.2771712344	73.53666138648987	1342505.6723212355	66.07076787948608	1343028.581659784	
55.925716161727905	1342235.613788847	92.66590142250061	1343105.8721842356	93.13548636436462	1343436.8413230537	55.71508431434631	1334896.9144322635	64.54084038734436	1342883.248823963	95.02896761894226	1343188.689103789	77.50069808959961	1343579.8288193536	67.84083676338196	1343481.9190648398	73.55084872245789	1342510.468449935	66.08827209472656	1343039.925095519	
55.9486243724823	1342239.9948326645	92.68776845932007	1343133.8989635592	93.15900921821594	1343431.2982927007	55.73135209083557	1334912.0049255127	64.56586241722107	1342868.6536494512	95.05558061599731	1343223.6479923045	77.51692175865173	1343584.218328483	67.86735248565674	1343473.6100878476	73.56435346603394	1342507.3030959668	66.10259056091309	1343029.2734557411	
55.97369718551636	1342214.0018270717	92.71078133583069	1343130.1355774289	93.18604755401611	1343618.2117802473	55.74986457824707	1334915.9956041493	64.5874924659729	1343044.8973003074	95.07959914207458	1343228.9064859538	77.5304274559021	1343601.631218416	67.88986539840698	1343397.5633969512	73.57791662216187	1342510.3205639848	66.11909556388855	1343038.651496961	
56.00134062767029	1342370.0387513584	92.73531436920166	1343140.5728465093	93.20930075645447	1343559.434260989	55.76987552642822	1334834.4762267135	64.61301827430725	1343650.6188586114	95.10815453529358	1343221.41059813	77.54643726348877	1343652.4209672457	67.91764545440674	1343422.9296269459	73.59242296218872	1342479.7373869899	66.13585662841797	1342990.3208068472	
56.018571853637695	1342366.2964019913	92.75883460044861	1343303.8814292923	93.23581957817078	1343559.8909208388	55.78889989852905	1334347.602709205	64.6375412940979	1343708.1407052518	95.1365110874176	1343211.0951620576	77.56144690513611	1343636.0675884825	67.94467949867249	1343422.5671098179	73.60687208175659	1342466.8889457989	66.14993977546692	1342990.1072176564	
56.03540921211243	1342344.322934092	92.78142070770264	1343551.8245817858	93.26334047317505	1343629.1706710632	55.80791902542114	1334346.5798732918	64.66108512878418	1343709.0674231132	95.15954780578613	1343241.1500183463	77.57751703262329	1343717.9715640557	67.9713020324707	1343405.7270872986	73.62092971801758	1342458.387969468	66.166015625	1342895.4881483398	
56.05256366729736	1342118.410499676	92.80617308616638	1343555.7284789518	93.2888605594635	1343628.8044169014	55.826937437057495	1334824.0277037031	64.68611359596252	1343712.7658201945	95.18406248092651	1343231.8165099337	77.59021139144897	1343796.717469877	67.99802923202515	1343297.624601045	73.63552355766296	1342548.573345446	66.1809151172638	1342886.0233008002	
56.0667998790741	1342122.474613746	92.83524823188782	1343337.440761241	93.3118748664856	1343641.675264199	55.8464674949646	1334810.634138493	64.71337509155273	1343716.50832251	95.21074652671814	1343225.272045181	77.60522246360779	1343807.8728175904	68.02437734603882	1343299.9873767814	73.6507203578949	1342588.5711522708	66.19798469543457	1342877.0366974978	
56.08400321006775	1342145.475528968	92.85901188850403	1343325.7453642488	93.33758068084717	1343555.4573650598	55.86647987365723	1334820.9493910044	64.737548828125	1343491.7673741751	95.23627734184265	1343221.0508600168	77.61872863769531	1343767.257822603	68.0465235710144	1343280.1382419916	73.66468024253845	1342542.5053884895	66.21299457550049	1342887.4630395581	
56.09870910644531	1342139.3994835066	92.88179922103882	1343321.5474683861	93.36159992218018	1343558.2227776519	55.88449001312256	1334820.990056483	64.76407504081726	1343652.8497240723	95.26679992675781	1343195.2304375956	77.63353252410889	1343743.3557083588	68.07040786743164	1343296.7481539233	73.67975044250488	1342532.3243619082	66.22970509529114	1342887.4771912328	
56.11187243461609	1342429.3608192864	92.91031742095947	1343318.645534243	93.38792181015015	1343549.5591935879	55.90453386306763	1334809.3898355635	64.7891035079956	1343642.0244504176	95.29282546043396	1343197.664018014	77.64821743965149	1343734.9544444703	68.09341669082642	1343547.750034533	73.69373345375061	1342605.2669589464	66.24574947357178	1342650.5811028406	
56.1273775100708	1342435.5962811399	92.93636107444763	1343331.7202754281	93.41519284248352	1343446.9142725854	55.92405319213867	1334836.753934047	64.81626057624817	1343449.9349771368	95.31814217567444	1343203.1283745074	77.6622085571289	1343727.6308304241	68.11596012115479	1343554.1122146836	73.70818781852722	1342606.186125517	66.2606086730957	1342810.7715207026	
56.14362359046936	1342433.1460580672	92.96493339538574	1343355.4426623238	93.44271564483643	1343440.216605992	55.94457221031189	1334843.0657168839	64.83328652381897	1342954.238429309	95.34415626525879	1343189.8214394855	77.67599654197693	1343715.496384525	68.13947176933289	1343399.1442857753	73.72370338439941	1342725.4769865035	66.27562069892883	1342858.2749978073	
56.160635232925415	1342605.5359598435	92.99357509613037	1343354.9097922477	93.47055792808533	1343427.9178355963	55.9675829410553	1334856.298830279	64.84780383110046	1342946.355833628	95.37067437171936	1343171.8968239399	77.69104361534119	1343733.3433061545	68.1659893989563	1343276.317409787	73.73822164535522	1342782.176460577	66.28962659835815	1342864.0425377027	
56.17474889755249	1342606.963466467	93.01890683174133	1343360.226767877	93.49472403526306	1343432.0960397937	55.98627686500549	1334823.822388937	64.86447477340698	1342931.960713097	95.39848685264587	1343172.811167646	77.70615148544312	1343773.0095039282	68.18921041488647	1343282.3846485028	73.75248503684998	1343020.3645075872	66.30375266075134	1342682.4264680522	
56.190884590148926	1342634.0437580978	93.03991484642029	1343359.5031765809	93.52275156974792	1343415.1134251347	56.00429034233093	1334816.0828888633	64.8779845237732	1343347.7150558054	95.42704510688782	1343380.1927278617	77.72065687179565	1343769.264944386	68.2132260799408	1343160.2676564355	73.76832222938538	1342977.246452451	66.31825757026672	1342694.6316627045	
56.2063889503479	1342610.3120895107	93.06295132637024	1343363.5859397883	93.55156326293945	1343404.3333910706	56.02130150794983	1334811.260164174	64.89603304862976	1343313.8532448555	95.45115351676941	1343376.2361062171	77.73863959312439	1343760.5257754477	68.23773956298828	1343156.3852346877	73.78306221961975	1342756.9153222279	66.33406209945679	1342705.6322998453	
56.222508907318115	1342592.8804615524	93.09649729728699	1343348.017172897	93.5775933265686	1343630.9081185106	56.04282832145691	1334810.1511033878	64.91004824638367	1343249.6689681795	95.48067665100098	1343349.7526821285	77.75119304656982	1343764.5083344516	68.26078772544861	1343710.912963007	73.79854655265808	1342734.0096340354	66.34856581687927	1342814.721383286	
56.23701620101929	1342459.4879036562	93.13523817062378	1343352.264298909	93.6035647392273	1343596.6757912037	56.061840534210205	1334781.756564128	64.92707371711731	1343244.3057935508	95.51554036140442	1343232.8267297095	77.76690649986267	1343735.888630672	68.28479743003845	1343663.176402377	73.81308126449585	1342674.996890604	66.36608123779297	1342824.3082812233	
56.25402808189392	1342545.1643097913	93.16611456871033	1343361.5493787576	93.63181805610657	1343620.8705609948	56.08135008811951	1334792.5863412023	64.94284343719482	1343259.0483952416	95.5405821800232	1343236.310973207	77.78304052352905	1343724.1435301548	68.3123128414154	1343638.5409978803	73.82896423339844	1342658.7120957298	66.38076996803284	1342788.9145238746	
56.270575761795044	1342404.4607980635	93.2047827243805	1343362.780925283	93.66134095191956	1343666.606289505	56.1028733253479	1334790.925747105	64.95735502243042	1343266.5590787027	95.56919312477112	1343251.2863862277	77.79767918586731	1343708.7813114964	68.33832216262817	1343631.7227811615	73.84161615371704	1342632.7260200789	66.39627408981323	1342736.3798859129	
56.285263776779175	1342429.6514779758	93.23905920982361	1343316.4957918378	93.68577337265015	1343671.6737302325	56.12404441833496	1334777.706356718	64.97337317466736	1343289.513289354	95.59703254699707	1343248.2730145464	77.8091869354248	1343709.0745430544	68.3663420677185	1343640.2096032994	73.85557889938354	1342688.1446244218	66.40991377830505	1342893.4748444967	
56.30230951309204	1342396.661240516	93.28408408164978	1343304.0854815517	93.71155166625977	1343655.1733754214	56.14262771606445	1335000.7615467806	64.98838591575623	1343272.6394716683	95.62156081199646	1343287.1970950211	77.82269263267517	1343726.9025411352	68.39360499382019	1343640.94527152	73.86936855316162	1342703.3729856617	66.42542052268982	1342794.154916015	
56.31581115722656	1342354.530174538	93.31703639030457	1343256.1933511177	93.73805499076843	1343655.4032030953	56.15913367271423	1335002.8120249691	65.00358939170837	1343406.892758147	95.64617705345154	1343190.271514344	77.83721113204956	1343697.5109421348	68.42312240600586	1343635.6558784791	73.88506197929382	1342739.6999186291	66.43892502784729	1342801.349287933	
56.32881951332092	1342345.7071591518	93.35482549667358	1343258.4035984785	93.76269912719727	1343582.9171431372	56.18015766143799	1335026.9422074482	65.01911091804504	1343175.129208912	95.67152810096741	1343190.991019857	77.85172772407532	1343690.7091822028	68.44785928726196	1343644.52181545	73.89951992034912	1342727.2418165593	66.45393514633179	1342805.8917517487	
56.34485220909119	1342340.594105271	93.38793230056763	1343277.8843084546	93.78967666625977	1343574.7622531943	56.20435166358948	1335074.024799728	65.03423619270325	1343190.5008082055	95.69704675674438	1343189.905405458	77.8640627861023	1343689.219368442	68.47306418418884	1343644.2190418628	73.9140145778656	1342714.8968199736	66.46894431114197	1342800.9805734204	
56.36044669151306	1342343.8365640342	93.42097234725952	1343276.8220444417	93.81757736206055	1343599.7266757044	56.22135925292969	1335343.530194204	65.04775857925415	1343183.1939529614	95.72359085083008	1343166.1578172809	77.8784408569336	1343690.8029069966	68.49807476997375	1343637.7492100047	73.9304826259613	1342710.0504541406	66.48547744750977	1342768.0407129189	
56.37619209289551	1342347.3461264274	93.4611668586731	1343283.352952537	93.84323596954346	1343566.3969531425	56.24088382720947	1335297.0979573566	65.06339740753174	1343187.4736178678	95.74982833862305	1343146.5959379864	77.89495587348938	1343745.6993925106	68.51958751678467	1343668.1480829292	73.94411420822144	1342738.4946586841	66.4999828338623	1342882.083724302	
56.39072942733765	1342347.3482174259	93.49760580062866	1343284.5376924453	93.86875915527344	1343594.0892464032	56.26050901412964	1335299.4303570385	65.07790493965149	1343182.4643704954	95.77535128593445	1343148.1068451605	77.9119861125946	1343729.793888664	68.54259991645813	1343661.4401690685	73.95955920219421	1342722.9036578066	66.51603937149048	1342913.1774942384	
56.40679860115051	1342356.7327645612	93.53766369819641	1343292.5628123211	93.8947765827179	1343136.0917152371	56.277517795562744	1335286.7447662114	65.09291768074036	1343117.9744498234	95.80088233947754	1343370.851804907	77.9290235042572	1343663.5381950638	68.56811809539795	1343662.8926611128	73.97359848022461	1342737.7195773597	66.53177189826965	1342892.7148523412	
56.423389196395874	1342032.0250744212	93.57703518867493	1343294.5580295962	93.91629767417908	1343142.3352056902	56.295533418655396	1335307.2428997443	65.10842514038086	1343110.6562432956	95.82542586326599	1343293.0462123882	77.94491600990295	1343678.6912756711	68.59263515472412	1343670.1365725815	73.99014616012573	1342730.1665912499	66.5458562374115	1342920.6377410365	
56.437520265579224	1342041.9633882844	93.61073207855225	1343289.627344984	93.9449954032898	1343230.5791787691	56.317052125930786	1335552.7435256103	65.12295961380005	1342988.1765014909	95.84906697273254	1343121.7092237603	77.96140480041504	1343670.366839462	68.61464500427246	1343731.6351917079	74.00413656234741	1342675.1086371106	66.56110572814941	1342891.3327484427	
56.45029401779175	1342050.023190781	93.64697670936584	1343282.0080149742	93.97352194786072	1343235.8303621542	56.33457541465759	1335558.0561526571	65.13870811462402	1342996.5319223064	95.87361311912537	1343123.0572500492	77.98019337654114	1343653.7227215786	68.63915944099426	1343723.520846472	74.01911568641663	1342685.9614621203	66.57625913619995	1342891.7547189894	
56.463799238204956	1342035.3524064291	93.69504833221436	1343280.3021215252	93.99814081192017	1342654.7470919748	56.35458421707153	1335528.0492957695	65.15342164039612	1342982.9713307722	95.89914202690125	1343136.0589899062	77.99689888954163	1343655.3623159644	68.66286182403564	1343730.3699703247	74.03213667869568	1342666.2959646846	66.59222102165222	1342864.5408047368	
56.47731828689575	1342037.4131395451	93.73028111457825	1343241.1676898906	94.0228180885315	1342648.4495799625	56.37359547615051	1335516.4615043376	65.16976046562195	1343000.39439151	95.92139267921448	1343129.7920104153	78.01228332519531	1343651.5054394547	68.68787121772766	1343642.03199311	74.04519414901733	1342694.5675193588	66.6068365573883	1342864.5536299604	
56.4915246963501	1342458.7680470047	93.77110314369202	1343260.9415648072	94.05115699768066	1343463.9678516742	56.39326810836792	1335555.7263178825	65.18286037445068	1343041.1817161785	95.94591474533081	1343131.2961000719	78.02702474594116	1343543.046916567	68.71338605880737	1343665.290311059	74.06972098350525	1342659.0876794034	66.62184548377991	1342828.3700377578	
56.5064492225647	1342091.7686089217	93.81780195236206	1343279.3928050152	94.0741708278656	1343474.1900980633	56.412280559539795	1335557.8825483501	65.19703125953674	1343039.387406476	95.97300839424133	1343169.7497786232	78.04164361953735	1343811.8817505513	68.73839545249939	1343647.629519888	74.09033799171448	1342659.606568185	66.63705277442932	1342891.9874792027	
56.5215208530426	1342011.6081425392	93.84998798370361	1343267.5219932967	94.0984582901001	1343451.3815847535	56.43179893493652	1335569.051949233	65.21156144142151	1343037.525682297	96.00097632408142	1342944.056287376	78.0564284324646	1343865.6082264995	68.76391911506653	1343644.8786223654	74.12035465240479	1342660.7810849948	66.65122389793396	1342893.4101083272	
56.537025690078735	1342016.7782187478	93.88603138923645	1343319.244211205	94.12198114395142	1343439.5330678828	56.45281648635864	1335300.2477834956	65.22811937332153	1343018.2370990315	96.03101539611816	1343543.8233786107	78.07177066802979	1343868.1416018836	68.7879331111908	1343657.6792919445	74.15186762809753	1342618.9633339122	66.66773295402527	1342897.3255712453	
56.55249738693237	1341907.0924136932	93.9170663356781	1343348.9906372507	94.14970779418945	1343438.0868791307	56.4693238735199	1335756.3297325245	65.24487018585205	1343019.5709106708	96.05755972862244	1343547.792158944	78.08588242530823	1343935.1836065236	68.81145000457764	1343669.297642046	74.17538070678711	1342676.7827547009	66.6844334602356	1342901.1862559302	
56.56578850746155	1341908.4849452318	93.94458818435669	1343331.654152258	94.17823100090027	1343475.7225515062	56.488340616226196	1335745.9555818343	65.25769782066345	1343025.4603276644	96.08607077598572	1343547.2251757092	78.10096907615662	1343922.8301220238	68.83774280548096	1343672.1556362323	74.19939255714417	1342686.2065206051	66.69793844223022	1342903.5810014852	
56.58341121673584	1342017.2206552722	93.97438073158264	1343337.9785358768	94.20550322532654	1343512.3361260286	56.506354331970215	1335783.953440151	65.27272248268127	1343023.6996576765	96.11389970779419	1343585.5099272823	78.11597990989685	1343913.8526013792	68.86134648323059	1343651.778138909	74.22090601921082	1342701.002402599	66.71394753456116	1342855.793156922	
56.60452461242676	1342028.1399284545	94.00595355033875	1343345.3987073742	94.22953152656555	1343512.5229995463	56.52656865119934	1335784.6981729632	65.28824138641357	1343521.2003195626	96.14044547080994	1343543.8407577812	78.12900996208191	1343908.0938238532	68.88535523414612	1343701.6054875096	74.24542450904846	1342674.4970787936	66.72895574569702	1342797.5660610383	
56.62078523635864	1341901.6893218444	94.03648638725281	1343336.803079193	94.25268936157227	1343499.9108263673	56.54809808731079	1335766.603374659	65.30408906936646	1343522.8653793903	96.16982173919678	1343498.047735789	78.14275312423706	1343937.7603904586	68.90836548805237	1343685.3009046447	74.27829933166504	1342671.3522503888	66.74464654922485	1342799.1882465442	
56.63661456108093	1341900.6253992056	94.06682085990906	1343307.5964159835	94.27670454978943	1343581.1396340362	56.56511688232422	1335722.5950377674	65.31926798820496	1343539.6055797723	96.19748640060425	1343504.098400622	78.1552619934082	1343963.5609677394	68.93087935447693	1343692.1379814672	74.29930853843689	1342666.3510682932	66.7618408203125	1342799.5911467732	
56.658740282058716	1341643.076104951	94.09535026550293	1343474.109248979	94.30254030227661	1343587.8327624332	56.58390831947327	1335790.7183898191	65.33430790901184	1343540.333822997	96.21999955177307	1343408.1956822542	78.16988921165466	1343951.1165462094	68.95443558692932	1343257.8450129551	74.32182168960571	1342821.53514479	66.7768611907959	1342803.1692486813	
56.677327156066895	1341629.239365703	94.12005686759949	1343416.7902000835	94.32605957984924	1343596.216136246	56.60009813308716	1335791.632225368	65.34781742095947	1343558.8240148432	96.24602937698364	1343399.5371207565	78.1841368675232	1343955.3636818705	68.98592019081116	1343348.8951798861	74.34107995033264	1342844.0837796377	66.79186964035034	1343070.6117321143	
56.690547943115234	1341937.2658313143	94.14765644073486	1343505.901808297	94.34884786605835	1343721.9000345569	56.62011408805847	1335797.7885043696	65.36583256721497	1343542.5162288214	96.27220964431763	1343405.4747984011	78.19595456123352	1343956.3066253343	69.01211786270142	1343350.1503410602	74.36408734321594	1342850.639551942	66.80698418617249	1343054.6533503653	
56.70578193664551	1341947.2483197497	94.17569947242737	1343509.7141053455	94.37286496162415	1343742.1589132717	56.63662886619568	1335799.3968893597	65.38206481933594	1343947.740941953	96.29760074615479	1343403.7806669422	78.2096688747406	1343976.9195144346	69.05163669586182	1343351.4326609753	74.39064574241638	1342847.4356566789	66.82300424575806	1343009.420243675	
56.72220540046692	1341941.6744046041	94.20255899429321	1343180.7172860038	94.3980782032013	1343764.8300855837	56.654643535614014	1335834.442481292	65.39758801460266	1343950.5233292924	96.32138466835022	1343408.8421633341	78.22288966178894	1343984.5778885116	69.08002376556396	1343350.436906608	74.41451621055603	1342852.4777355562	66.83925437927246	1342991.097962182	
56.73771142959595	1341711.7580841063	94.23305487632751	1343149.4567907585	94.4281108379364	1343728.1096094437	56.67365884780884	1335668.5846798727	65.41461038589478	1343534.2978763445	96.34690403938293	1343387.9026383765	78.23713636398315	1343170.7494636478	69.10479640960693	1343345.7287847002	74.43860602378845	1342650.144140828	66.85520768165588	1342988.6118791166	
56.752880811691284	1341690.9581388787	94.26007747650146	1343135.0514349972	94.4551272392273	1343834.9050767592	56.69367527961731	1335406.0657697855	65.4301404953003	1343524.1383397898	96.37010049819946	1343399.3067529954	78.25129199028015	1343257.4714537845	69.13131070137024	1343049.550208144	74.46325659751892	1342674.2299962002	66.8684389591217	1342995.367996274	
56.769577741622925	1342060.6502370557	94.28675532341003	1343134.3439999467	94.48264956474304	1343856.1901063013	56.7121946811676	1335115.5229422047	65.44564986228943	1343528.3669379072	96.39950013160706	1343407.3002988095	78.26384091377258	1343254.2133169477	69.15650653839111	1343069.4147397792	74.48533129692078	1342665.1716843413	66.88407588005066	1342980.8500002578	
56.78412103652954	1342039.4916365352	94.3158974647522	1343113.0904042083	94.50816941261292	1343930.0279130954	56.7299063205719	1335077.9307100193	65.46069765090942	1343485.2572099315	96.4240312576294	1343424.0020415762	78.27952790260315	1343937.6334203086	69.1796498298645	1343068.822682595	74.5067126750946	1342627.9745022976	66.89886331558228	1342996.5367796342	
56.80033493041992	1342051.7454024043	94.34090614318848	1343116.0353654828	94.53220582008362	1343900.0220962695	56.7479407787323	1335081.299940673	65.47520518302917	1343489.3589303014	96.44956183433533	1343442.40042746	78.29511904716492	1343902.3294269512	69.2034707069397	1343079.6075999206	74.531733751297	1342596.2452322901	66.91344237327576	1342995.1750345922	
56.813441038131714	1342068.5641438188	94.3740508556366	1343189.1542033567	94.55947494506836	1343914.4570000004	56.76666331291199	1335084.9583203506	65.49022030830383	1343490.8137436165	96.48309707641602	1343438.2385304915	78.31017422676086	1343887.5229014286	69.22671818733215	1342892.856692749	74.55527639389038	1342666.5304276133	66.92664980888367	1342998.978552617	
56.82978010177612	1342065.3073962198	94.39756536483765	1343193.8502041397	94.58140850067139	1343897.4066578883	56.78194284439087	1335135.429149949	65.50472688674927	1343484.411501767	96.50615096092224	1343438.2413130454	78.32167863845825	1343955.818145943	69.25277614593506	1342854.500219496	74.57770252227783	1342648.584055057	66.94065761566162	1343009.5746738093	
56.84591841697693	1342070.6256296572	94.42661833763123	1343172.6601292873	94.60541129112244	1343941.6563260506	56.7969605922699	1335180.5855732786	65.52125477790833	1343496.9014567796	96.53391361236572	1343476.4311984133	78.33619713783264	1343948.5793931573	69.27739191055298	1342864.1431571678	74.60389828681946	1343421.7337049118	66.95516347885132	1342978.3553430024	
56.86154270172119	1342075.4931390537	94.4544153213501	1342996.7785798009	94.62994956970215	1343811.9449056971	56.81016182899475	1335197.9743991324	65.53776121139526	1343500.1946366385	96.56518197059631	1343480.9625721306	78.35023593902588	1343945.2448096245	69.30542993545532	1342865.4648145041	74.62706875801086	1342906.58814148	66.96984934806824	1342974.4010119063	
56.87561082839966	1342099.608608201	94.48763513565063	1343000.455794919	94.6574695110321	1343809.5024264576	56.82618856430054	1335206.9937332228	65.5537850856781	1343497.4551953	96.59405159950256	1343418.146103013	78.36379885673523	1343931.6808283806	69.32707691192627	1342885.7644192276	74.64807748794556	1342880.9988058482	66.98335647583008	1342976.5030862195	
56.88981556892395	1342093.1675434527	94.51565647125244	1343000.5519902785	94.68349599838257	1343811.770362116	56.8428840637207	1335210.1033030583	65.56728529930115	1343496.2921657185	96.622727394104	1343430.222586968	78.37678861618042	1343940.2388477207	69.35359311103821	1342865.646767952	74.66708874702454	1342858.6569629835	67.00086307525635	1342968.6219234003	
56.90656232833862	1342078.7971303728	94.5441780090332	1342999.871093741	94.70550560951233	1343825.5561978633	56.85842847824097	1335154.2249184607	65.58557748794556	1343471.4201708497	96.64624547958374	1343432.6181537511	78.38903403282166	1343887.6809731652	69.37839698791504	1342870.4768070686	74.68862581253052	1342864.2901507432	67.01602840423584	1343018.281632148	
56.919572591781616	1342084.5860208068	94.5684404373169	1342987.8175408908	94.7260274887085	1343824.9252959425	56.87436842918396	1335161.4013945379	65.60160231590271	1343705.1367659818	96.67125678062439	1343439.759096075	78.40319442749023	1343912.5705588278	69.40466046333313	1342870.8222797567	74.71414160728455	1342892.9555267098	67.03103685379028	1342972.168725623	
56.937591791152954	1342516.9790891274	94.59749364852905	1343064.745001961	94.75278449058533	1343747.4549899674	56.8888783454895	1335162.1859791202	65.62013578414917	1343704.86870376	96.69578099250793	1343480.7313929375	78.41672992706299	1343935.081684856	69.43218064308167	1342880.0906755328	74.73560166358948	1342908.4330394524	67.04554176330566	1342972.4691412954	
56.95460295677185	1342499.4789633534	94.63997840881348	1343068.8573252617	94.78381657600403	1343746.1937710969	56.90514254570007	1335165.1098472115	65.63563871383667	1343707.1506628033	96.7214994430542	1343432.158962032	78.43139791488647	1343938.6710450598	69.45686101913452	1342878.299388289	74.76328039169312	1342895.7938674297	67.06155037879944	1342988.1211184275	
56.967774629592896	1342459.856191408	94.66640138626099	1343283.9652617557	94.80804300308228	1344154.9766731164	56.920324087142944	1335068.7050309526	65.6494390964508	1343747.9841022918	96.75124096870422	1343441.3367312597	78.44546890258789	1343884.4339963912	69.48137903213501	1342909.3511123713	74.79219937324524	1343038.8662935656	67.07605576515198	1342965.113596499	
56.980777740478516	1342468.1246018517	94.69520354270935	1343462.8555931845	94.83508157730103	1344145.6412835596	56.93585181236267	1335085.9472256089	65.66595077514648	1343752.8245587607	96.77992129325867	1343440.0244186579	78.46120834350586	1343939.9037443304	69.5053882598877	1342911.9300431777	74.81821584701538	1343086.946022331	67.09006214141846	1342755.0781808554	
56.995792627334595	1342480.5432894875	94.71871781349182	1343490.8986688703	94.86360573768616	1344168.5368406037	56.950361251831055	1335080.1360667644	65.68196868896484	1343753.097249489	96.80569791793823	1343433.5210621436	78.47522521018982	1343930.5348561623	69.52985835075378	1342893.929685139	74.84022760391235	1343082.3438422403	67.10656929016113	1342736.1488626814	
57.01001739501953	1342475.1708936861	94.747239112854	1343366.679413097	94.8891294002533	1344161.6610060502	56.96610999107361	1335227.5559938357	65.6999864578247	1343464.5797470256	96.82971525192261	1343423.8344158921	78.48994660377502	1343971.969691058	69.55437779426575	1342892.7041256719	74.86849474906921	1343106.9491710349	67.12057709693909	1342734.6237389816	
57.02457046508789	1342463.7728352335	94.7752833366394	1343459.2621716843	94.91114330291748	1344156.3954884603	56.98026418685913	1335223.8081541567	65.71585249900818	1343433.4491952679	96.85372972488403	1343422.3340601153	78.5040078163147	1344005.4417535781	69.58115792274475	1342895.193158797	74.88824391365051	1343092.5941794682	67.1330840587616	1342781.563385873	
57.040772914886475	1342787.4397074468	94.80180096626282	1343501.6495586368	94.93401980400085	1344164.01434242	56.99610185623169	1335147.7083530743	65.7368814945221	1343694.8877524151	96.8827600479126	1343503.2750992784	78.51807999610901	1343993.7395642407	69.60715937614441	1342924.3055199531	74.91427612304688	1343107.2232769644	67.14758634567261	1342789.490098959	
57.05486559867859	1342786.2924598847	94.8256664276123	1343499.4552324915	94.9585440158844	1345060.978400099	57.0116126537323	1335125.9388498496	65.76126980781555	1343693.3595003576	96.9083206653595	1343503.1114366543	78.54425430297852	1343994.4866688282	69.63342499732971	1342890.1781456019	74.93229007720947	1343148.2572162133	67.16410255432129	1342776.9572909037	
57.069742918014526	1342776.12573773	94.8502414226532	1343490.8401636556	94.9830710887909	1344724.470254664	57.02762794494629	1335560.7583776242	65.77930736541748	1343696.605478797	96.93208384513855	1343515.5435566688	78.5708498954773	1343997.8598572717	69.65645170211792	1342884.092820203	74.95305633544922	1343154.8472601436	67.17834067344666	1342790.6205498397	
57.08327841758728	1342790.0983576723	94.88082456588745	1343773.1003437617	95.00834035873413	1344730.1854621044	57.043153524398804	1335585.5991480304	65.79796028137207	1343692.7445440113	96.95866060256958	1343517.3110772758	78.59618711471558	1343996.1955838827	69.67791843414307	1342892.9526183838	74.97406506538391	1343158.465956589	67.19334959983826	1342966.1822641273	
57.0969340801239	1342818.0356623044	94.91010117530823	1343003.6056949254	95.03264451026917	1344755.8404082595	57.05766177177429	1335879.7254979536	65.81998658180237	1343704.8887961488	96.98367428779602	1343500.85784509	78.62178659439087	1344013.5999782712	69.70252680778503	1342896.5442220406	74.99758052825928	1343088.330751583	67.20836448669434	1342971.6626472445	
57.1120982170105	1343024.9299159753	94.93962931632996	1343747.890296569	95.06076288223267	1344751.2200671528	57.07267904281616	1335591.4314299296	65.83949613571167	1343420.2545194677	97.00939130783081	1343441.3958862342	78.64485216140747	1344034.506615311	69.72972798347473	1342887.3230160966	75.02109503746033	1343099.9065243744	67.22295880317688	1342727.7579462908	
57.12910556793213	1342807.9273481714	94.96405339241028	1343773.3792548906	95.08828377723694	1344720.4504219834	57.08718538284302	1335566.2399355976	65.85852909088135	1343424.475637989	97.03900003433228	1343554.825587701	78.67005324363708	1344037.4839094644	69.75742506980896	1342891.923801439	75.04939866065979	1343106.4145007993	67.2374632358551	1342961.8850680906	
57.142619609832764	1342900.1042267894	94.99085450172424	1343772.2000317175	95.11831188201904	1344726.8522387384	57.1022002696991	1335542.045547229	65.87854647636414	1343436.8605944847	97.07094717025757	1343561.0781074436	78.70297718048096	1343964.422411458	69.78944754600525	1342905.0239573924	75.07914447784424	1343104.8005963697	67.2511796951294	1342955.8650495335	
57.15862774848938	1342898.1623055998	95.02446246147156	1343765.2633314205	95.14655828475952	1344725.219433713	57.11692667007446	1335526.5499805517	65.9040834903717	1343432.044379842	97.09495830535889	1343561.4332055748	78.73109769821167	1343936.443057263	69.81865215301514	1342910.442167344	75.10666513442993	1343088.7210495367	67.26768398284912	1342946.2570081528	
57.172139406204224	1342891.3361738161	95.05623531341553	1343766.7417933848	95.17108178138733	1344687.8775148597	57.132457971572876	1335246.3580811846	65.92564272880554	1343437.7285064035	97.11675977706909	1343555.0046730968	78.75881814956665	1343951.4695160307	69.84277939796448	1342921.8925326376	75.12728571891785	1343087.3643462025	67.28069162368774	1342949.1222859302	
57.187697887420654	1342881.9858983348	95.0840015411377	1343816.1206316997	95.1956136226654	1344820.1365521206	57.14795899391174	1335152.5434674202	65.94366383552551	1343407.6436663838	97.14377570152283	1343544.6014539432	78.78413414955139	1343896.0525031416	69.86722326278687	1342936.9760303292	75.15214395523071	1343071.0031153925	67.29619836807251	1342868.3298686405	
57.20187330245972	1342811.8648730936	95.10778665542603	1343683.6919525755	95.22135639190674	1344836.739365233	57.16397762298584	1335428.1851090277	65.96352505683899	1343499.988227681	97.16829895973206	1343546.3173258617	78.81102538108826	1343913.0429728753	69.88962388038635	1342942.1028722608	75.174968957901	1343042.4442612806	67.31075477600098	1342884.8496301735	
57.215885639190674	1342806.4380927277	95.1328227519989	1343711.5239093853	95.24746465682983	1344834.35453188	57.178112268447876	1335402.3901486716	65.98503637313843	1343460.296355632	97.19886898994446	1343061.3571808843	78.83807373046875	1343902.0820704824	69.91843128204346	1342920.9375622184	75.20025563240051	1343056.443643025	67.32525992393494	1342888.030813823	
57.22983384132385	1342923.2028541425	95.15787267684937	1343383.0565720766	95.27498483657837	1344840.623180175	57.1922390460968	1335429.743469913	66.0036768913269	1343719.8205968444	97.2266194820404	1343096.013139124	78.86164212226868	1343909.5414562195	69.94168043136597	1342915.3639395132	75.22140717506409	1343050.828336834	67.34126925468445	1342695.458620238	
57.24534344673157	1342939.3364669387	95.18333506584167	1343240.1520665335	95.30651140213013	1344480.031818866	57.207748889923096	1335348.964950841	66.02220416069031	1343736.6011412807	97.25515007972717	1343105.2571985575	78.88690114021301	1343880.1584870073	69.96669554710388	1342970.9184629596	75.24666857719421	1343018.2103188972	67.35596132278442	1342698.4785963409	
57.25836801528931	1342971.3544504938	95.20640468597412	1343242.2061349822	95.3330488204956	1344469.539463369	57.22176694869995	1335357.9310421543	66.0412244796753	1344194.446195185	97.27916550636292	1343093.0281414203	78.91313767433167	1343883.3814269286	69.99144387245178	1342978.6007035756	75.26821517944336	1343061.1689292032	67.37119555473328	1342693.5423218042	
57.2737922668457	1343116.6663158059	95.23166108131409	1343042.4835668562	95.35827445983887	1344502.538877987	57.23678398132324	1335495.090951043	66.06025648117065	1343436.5886925808	97.30292248725891	1343088.6595341363	78.94209909439087	1343800.700677054	70.01745510101318	1342965.636147524	75.29102492332458	1343054.8484671284	67.38473439216614	1342692.2765659178	
57.292726278305054	1343145.301654485	95.25701975822449	1343024.181472988	95.38379073143005	1344455.4144365124	57.2518036365509	1335250.5269897513	66.07776546478271	1343436.7602451346	97.32579922676086	1343096.270235932	78.96697115898132	1343730.8522637582	70.04426145553589	1342961.9326042202	75.31202864646912	1343083.179548408	67.39924192428589	1342724.0887365255	
57.314435958862305	1343139.4728824075	95.28091478347778	1343044.400090847	95.40772533416748	1344457.101325061	57.266313314437866	1335243.0498141826	66.0978274345398	1343432.5619819947	97.35081791877747	1343093.9113527723	78.9969961643219	1343774.6863573177	70.07052898406982	1342958.557399631	75.34170842170715	1343083.4336774459	67.41344428062439	1342702.893306575	
57.33879804611206	1342892.551553871	95.30574417114258	1343045.3553365343	95.43126130104065	1344456.3804939485	57.28288960456848	1335197.3881408393	66.1208598613739	1343404.975069843	97.37835359573364	1343104.8887697766	79.02789759635925	1343794.2587726435	70.09659790992737	1342955.5372516746	75.36649179458618	1343076.038788094	67.42795205116272	1342710.4935704872	
57.36339521408081	1342886.705152977	95.32876944541931	1343059.6634721095	95.45944690704346	1344434.8083937382	57.29796838760376	1335205.5837645296	66.13987612724304	1343408.2915373906	97.40210700035095	1343103.1571898835	79.05574250221252	1343785.6431059549	70.12313413619995	1342976.7591590402	75.38956212997437	1343053.9044118773	67.44018483161926	1342745.0919444999	
57.38747453689575	1343043.706831991	95.35277962684631	1343038.3450125332	95.48924279212952	1344441.6188544724	57.31157732009888	1335200.5647559864	66.15938401222229	1343399.8171283384	97.42709422111511	1343103.8488128828	79.08387303352356	1343716.8716600186	70.14785265922546	1342953.09880753	75.4126079082489	1343073.5075445103	67.45519375801086	1342750.0208300068	
57.42143273353577	1343054.0841784338	95.376953125	1342435.7810894798	95.51768279075623	1344431.2161403443	57.32879304885864	1335263.4043525087	66.17839813232422	1343427.040492896	97.45280241966248	1343060.0250232872	79.11184358596802	1343729.839962595	70.17144703865051	1342993.3918261565	75.43420910835266	1343063.9129692393	67.46820402145386	1342752.5683619585	
57.44530272483826	1343052.4187734262	95.40147805213928	1342430.833790231	95.54532861709595	1344414.3837148342	57.34332060813904	1335267.3448519001	66.19771099090576	1343421.4391877016	97.4778401851654	1343085.8779323762	79.14269089698792	1343848.9433688512	70.19501399993896	1342984.099614107	75.46632075309753	1343108.592125487	67.48230457305908	1342928.098294591	
57.472485303878784	1343062.5457595494	95.42499375343323	1342432.6115098298	95.57157802581787	1344407.757405577	57.35978698730469	1335289.831357729	66.22074341773987	1343422.8507278862	97.50336694717407	1343097.0804616343	79.16796207427979	1343851.3994335963	70.21753597259521	1342963.0447395844	75.4931972026825	1343000.945821009	67.49780797958374	1342936.435493661	
57.501941442489624	1343053.2931382442	95.45209050178528	1342423.1100714593	95.59334754943848	1344419.7215404357	57.37680625915527	1335296.9389974487	66.24275732040405	1343426.9029031107	97.52915978431702	1343093.2149616487	79.19764828681946	1343852.869823728	70.24110555648804	1342878.3908877538	75.51402449607849	1343040.0091980037	67.51155114173889	1342936.4849141147	
57.52650785446167	1342842.743424698	95.47652220726013	1342474.8805198635	95.61799502372742	1344432.8121333378	57.39032173156738	1335243.2175631828	66.26466155052185	1343421.0514088646	97.5531702041626	1343095.724170663	79.23156809806824	1343871.8238856192	70.26849818229675	1342882.8370346865	75.53403496742249	1343047.276278623	67.52505612373352	1342945.7933144928	
57.55286145210266	1342845.0760340246	95.50097298622131	1342667.1048976677	95.66002655029297	1344344.4872747744	57.40633821487427	1335113.6713579274	66.28467917442322	1343454.0782000222	97.58071804046631	1343105.4502675228	79.25811886787415	1343893.4449299872	70.29359459877014	1342879.6688772212	75.56271862983704	1343053.5321786904	67.53856039047241	1342966.7634475783	
57.57688617706299	1342848.167376232	95.52380895614624	1342624.7682191746	95.68754839897156	1344322.8348661016	57.421348333358765	1335126.0930856254	66.2981870174408	1343459.8959386386	97.6089837551117	1343080.9776446954	79.28388595581055	1343331.1781772987	70.31960368156433	1342886.620521334	75.58534479141235	1343052.9883191218	67.55208373069763	1342966.3459843968	
57.60161638259888	1342853.3476284943	95.5482428073883	1342627.7996180106	95.70856952667236	1344374.8469603062	57.43566393852234	1335130.303129705	66.31220555305481	1343459.6590851124	97.63399887084961	1343089.8690760531	79.31487512588501	1343629.5611804985	70.3433690071106	1342892.045756111	75.60588049888611	1343077.2186425256	67.56609559059143	1342962.0218576067	
57.62653183937073	1342872.4748473715	95.57077240943909	1342631.3466379663	95.73359370231628	1344351.2946318274	57.449169874191284	1335143.7050580357	66.32721972465515	1343147.1358861418	97.66253662109375	1343086.4985005374	79.34166502952576	1343682.6881294814	70.36934614181519	1343180.0883452462	75.63089203834534	1343046.5839228404	67.58066511154175	1342962.6343847096	
57.64854431152344	1342872.4372606147	95.59653782844543	1343474.7380343254	95.75783133506775	1344382.9460996154	57.46618962287903	1335140.8751085678	66.341233253479	1343136.1267590965	97.68906116485596	1343101.104727089	79.36888146400452	1343703.0118862814	70.39657664299011	1343182.895069625	75.65640950202942	1343018.3677369354	67.59461116790771	1342962.1272545336	
57.67467451095581	1342867.8586939322	95.62683534622192	1343329.1813558305	95.7817006111145	1344383.1167385255	57.48119831085205	1335132.0258172462	66.35473895072937	1343126.508743603	97.71346664428711	1343115.113120836	79.39306354522705	1343705.4819682913	70.42161202430725	1343176.3714138432	75.67827415466309	1343034.7594350008	67.6086196899414	1342978.343311079	
57.698296308517456	1342840.6667167686	95.6509301662445	1343339.5018504483	95.80855298042297	1344415.2188883827	57.49470829963684	1335133.6092236706	66.36924695968628	1343124.9113586463	97.74011564254761	1343115.3782852257	79.42026281356812	1343736.4679809383	70.44963479042053	1343181.7258690037	75.7011079788208	1343025.7159083562	67.6239128112793	1343080.3845773698	
57.725751638412476	1342797.5131364004	95.67361950874329	1343340.8655848806	95.83407616615295	1344422.3221299828	57.50821661949158	1335134.7820906849	66.38476729393005	1343133.267668224	97.7641236782074	1343109.913056896	79.44855618476868	1343737.9795835786	70.47480654716492	1343182.0304782866	75.72653818130493	1343025.0005403308	67.6404824256897	1343057.4470709728	
57.74827337265015	1342801.662759258	95.69963908195496	1343326.6512948147	95.85758924484253	1344458.0352145084	57.52394652366638	1335348.646894916	66.3994517326355	1343133.1603342444	97.78742146492004	1343118.1230308516	79.48188781738281	1343741.1850886638	70.49737024307251	1343183.6031235002	75.7537841796875	1343028.3000581325	67.65498971939087	1343054.7603986927	
57.77609920501709	1342785.139696884	95.72315812110901	1343444.9233042223	95.88361048698425	1344444.3949112908	57.5369598865509	1335368.2698565288	66.41474199295044	1343132.875972959	97.81246209144592	1343062.0030474993	79.50596261024475	1343829.2374603697	70.52288937568665	1343181.2061233069	75.77800393104553	1342883.8014994953	67.66949415206909	1343065.3334605023	
57.802279233932495	1342763.8203960261	95.74665188789368	1343446.311631388	95.90663170814514	1344439.167952859	57.55147337913513	1335365.8091526183	66.42800235748291	1343117.1614700097	97.83347415924072	1343059.2925016687	79.5341694355011	1343888.8206112676	70.54995942115784	1343290.8548060057	75.80248880386353	1342895.4729732056	67.6835036277771	1343063.876616543	
57.827073097229004	1342807.5341497033	95.77124404907227	1343454.157813214	95.93240690231323	1344479.8539544037	57.56648921966553	1335075.970234648	66.44301676750183	1343382.9532211672	97.86099553108215	1342485.3937444137	79.56502771377563	1343888.3137506926	70.57558870315552	1343259.7995516958	75.83194613456726	1342887.6624087163	67.69700860977173	1342984.414477661	
57.852720737457275	1342770.5695419288	95.79726815223694	1343471.118926041	95.95771670341492	1344426.9341761756	57.57849931716919	1335085.6287673651	66.45758628845215	1343340.686681398	97.88651943206787	1342477.137258682	79.5891170501709	1344307.3653765712	70.59959769248962	1343261.8255331777	75.85395550727844	1342905.1408309028	67.7101309299469	1343438.9834697265	
57.88047194480896	1342295.158804245	95.82620573043823	1343450.7905999243	95.98273253440857	1344420.2170321047	57.59227228164673	1335091.464564683	66.47259998321533	1343604.3101422281	97.90897750854492	1342484.3261987364	79.61799502372742	1344300.366575384	70.62282824516296	1343260.135394744	75.87625646591187	1343166.5310254095	67.72606468200684	1343424.7678617008	
57.90539789199829	1342336.1890736448	95.85168361663818	1343436.7799338729	96.0074315071106	1344475.8755814657	57.60477948188782	1335074.7065329785	66.48910856246948	1343599.3697208876	97.93282008171082	1342489.6517176277	79.64422941207886	1344253.100581277	70.64538836479187	1343278.5136753526	75.90105700492859	1343187.0392209205	67.74057626724243	1343421.077579672	
57.931556940078735	1342265.1030453744	95.87617039680481	1343435.4245624568	96.03495526313782	1344470.1403384733	57.62128758430481	1335059.410248555	66.50312876701355	1343602.1944976302	97.95506548881531	1342460.3904517791	79.67195630073547	1343833.6834501594	70.67170977592468	1343271.6229810612	75.92456245422363	1343189.653908592	67.75576639175415	1343345.9516943241	
57.956804037094116	1342278.063510128	95.90118527412415	1343431.3804743278	96.06047868728638	1344474.384799886	57.63481020927429	1335063.4729727982	66.51814556121826	1343496.2011398321	97.97916173934937	1342426.5279428544	79.69512152671814	1343818.1638056727	70.695396900177	1343273.8318936478	75.94861388206482	1343281.6512690105	67.77115249633789	1343365.5303947616	
57.98564147949219	1342258.2579084202	95.92441582679749	1343336.9734772234	96.08349847793579	1344491.0892831248	57.649317502975464	1335065.0430617416	66.54066705703735	1343510.787964875	98.00266361236572	1342431.3039686498	79.72179436683655	1343799.8343006663	70.72076034545898	1343326.5672802588	75.97425627708435	1343853.5276082817	67.78621912002563	1343360.1280177527	
58.01576066017151	1342294.0655287618	95.95093393325806	1343339.7477461577	96.11141324043274	1344483.8469168846	57.66443419456482	1335042.5735124	66.56568169593811	1343433.0593592501	98.0301787853241	1342440.5112972143	79.74606132507324	1343803.8181997996	70.74657273292542	1343300.4589479815	76.0005874633789	1343847.2025219277	67.80122900009155	1343361.04555662	
58.04572153091431	1342293.991782691	95.97445321083069	1343356.4619620761	96.13601541519165	1344446.1158273679	57.67931914329529	1335044.0694823756	66.5943648815155	1343424.1979734274	98.0541889667511	1342450.1925335948	79.76995182037354	1343753.6206797443	70.77391600608826	1343277.9840647895	76.02167749404907	1343854.2733612617	67.81694722175598	1343165.6127002018	
58.07245850563049	1342308.5259546584	95.99899458885193	1343366.6930112827	96.16254138946533	1344431.9758617757	57.69434189796448	1335030.8826769954	66.61688375473022	1343504.0562268249	98.08622097969055	1342512.6927953067	79.79589176177979	1343744.6001208394	70.8013870716095	1343295.4672807178	76.04368829727173	1343839.4529038062	67.83168601989746	1343090.0569107973	
58.098368883132935	1342299.443861118	96.02178406715393	1343374.655918405	96.18656969070435	1344440.053495322	57.70684742927551	1335044.454696769	66.64540982246399	1343491.0966148693	98.11225748062134	1342504.466589452	79.82102656364441	1343761.959549437	70.82710003852844	1343242.0382249146	76.07020092010498	1343830.945478041	67.84570598602295	1343098.101171455	
58.125009298324585	1342300.0830866925	96.04980492591858	1343230.6666995096	96.2133207321167	1344383.9427488209	57.72137403488159	1335205.3613544232	66.67049646377563	1343484.992153509	98.13645315170288	1342511.8219547048	79.85165023803711	1343771.4528232832	70.85509610176086	1343240.8594818162	76.09140038490295	1343841.879291562	67.8599443435669	1343103.4859076145	
58.14854049682617	1342328.126676596	96.07563877105713	1343225.0831360717	96.23935222625732	1344388.6755161826	57.73710870742798	1335203.869342269	66.70202136039734	1343532.9319841412	98.1616644859314	1342510.9217522605	79.87908911705017	1343606.60726712	70.88041400909424	1343228.356431521	76.1164162158966	1343854.233930085	67.87395310401917	1343106.3537568536	
58.17324709892273	1342320.8710449291	96.10376572608948	1343067.8452556804	96.26536774635315	1344400.1487766716	57.75062298774719	1335221.5776596267	66.72655129432678	1343531.3755654898	98.19214415550232	1342399.8008208477	79.90848064422607	1343646.731851292	70.90380644798279	1343249.9293662817	76.13767313957214	1343904.9971898175	67.88845729827881	1343117.1905616743	
58.19739484786987	1342322.7339200734	96.13084983825684	1343094.6660120862	96.29304695129395	1344400.634564485	57.76463556289673	1335141.4075833731	66.74807405471802	1343537.5786697397	98.21706867218018	1342409.0840572997	79.9361641407013	1343617.7971779082	70.92942261695862	1343243.5891789575	76.16163730621338	1343904.3196778526	67.90291976928711	1343128.5631486198	
58.221261978149414	1342330.429440626	96.15599489212036	1342737.935683067	96.32033228874207	1344414.909187804	57.7787184715271	1335211.1822536467	66.77227640151978	1343545.748310636	98.24508786201477	1342414.9732276767	79.96230149269104	1343619.5224421516	70.95694375038147	1343253.1543383116	76.1872045993805	1343937.1985015518	67.91642546653748	1343127.6471252462	
58.24673771858215	1342352.1382728384	96.17656683921814	1342748.9919327078	96.34491634368896	1344432.7022515538	57.79287672042847	1335203.3513137125	66.79593849182129	1343526.0712510692	98.27160692214966	1342422.7534400062	79.98970293998718	1343898.1510100362	70.98217010498047	1343246.359899418	76.21038556098938	1343846.217988957	67.93096494674683	1343125.778056821	
58.27324104309082	1342353.7022283364	96.20110630989075	1342704.0652466388	96.38913655281067	1344427.4295163865	57.80789375305176	1334842.2619800027	66.81811094284058	1343549.5406024433	98.29813575744629	1342429.2110851172	80.01680445671082	1343617.7611223664	71.00680088996887	1343227.7826729736	76.23066329956055	1343922.319461162	67.94525814056396	1343140.7985111764	
58.29729890823364	1342265.0880640415	96.22615361213684	1342706.2121519775	96.43138265609741	1344392.0854091933	57.821744203567505	1334631.60264773	66.83812808990479	1343546.695275165	98.3238434791565	1342653.4323307883	80.04181361198425	1343616.2679642958	71.02986073493958	1343234.418505092	76.2566978931427	1343902.1409531012	67.96013331413269	1343139.8335807833	
58.31925296783447	1342271.743367726	96.24816846847534	1342717.408292464	96.46841812133789	1344398.2696558114	57.837255239486694	1334629.8847515695	66.86037492752075	1343434.3035606386	98.35189151763916	1342618.7455992452	80.07733488082886	1343587.3683075868	71.05510783195496	1343205.3202223417	76.28023338317871	1343908.3146111686	67.97314310073853	1343158.9068266002	
58.34557604789734	1342279.9418472436	96.27397418022156	1342817.5025361816	96.51745295524597	1344398.7112348718	57.85126543045044	1334477.9328960937	66.89091897010803	1343446.979104142	98.37763094902039	1342645.2098049629	80.10553574562073	1343588.8515294986	71.08478140830994	1343219.5655487685	76.30177855491638	1343905.4535057826	67.98764705657959	1343144.2049376112	
58.370245695114136	1342303.3427113297	96.29698896408081	1342830.5724515626	96.56176161766052	1344400.5719268306	57.867775440216064	1334483.2823362194	66.91247463226318	1343449.4197351136	98.40675115585327	1342639.5206543242	80.13301539421082	1343596.444597803	71.10952019691467	1343185.5527162089	76.32855796813965	1343894.933653604	68.00220155715942	1343147.9393054931	
58.392664670944214	1342307.5717152848	96.32200765609741	1342825.7417942665	96.60157179832458	1344401.5119537327	57.88129138946533	1334489.9590486614	66.93949699401855	1343452.9344431506	98.43276166915894	1342642.3571450345	80.15904974937439	1343622.357525257	71.13673138618469	1343212.2640465582	76.35225653648376	1343900.7348872577	68.01839208602905	1343173.9277955883	
58.41730356216431	1342294.9273838275	96.3485324382782	1342828.3833193644	96.6356041431427	1344403.8091018337	57.89630603790283	1334509.3953905883	66.96851849555969	1343462.0005140293	98.45527863502502	1342691.6827863804	80.19085454940796	1343615.9322658966	71.16560482978821	1343227.96792092	76.37426686286926	1343891.7428362607	68.03240132331848	1343174.446158508	
58.43847131729126	1342302.0483974672	96.37105250358582	1342676.0209637876	96.68333840370178	1344400.1631805713	57.91382813453674	1334472.55286766	66.99015402793884	1343461.3224304477	98.48030400276184	1342667.8205813745	80.21805953979492	1343615.0337622492	71.19084239006042	1343239.0239808029	76.40434193611145	1343895.0969440949	68.04790616035461	1343190.6007797678	
58.46257996559143	1342836.9556275383	96.39727592468262	1342998.7697327775	96.71987748146057	1344417.9981005373	57.92706489562988	1334483.3916195114	67.01329398155212	1343416.9843524983	98.50883269309998	1342606.7746271612	80.24615359306335	1343615.9459221647	71.21845006942749	1343278.3511358027	76.42885446548462	1343908.0988079768	68.0629153251648	1343139.6025113908	
58.48429989814758	1342873.1048854487	96.42163395881653	1342999.6402761904	96.75923180580139	1344414.6072498597	57.94007587432861	1334514.0885362553	67.04432535171509	1343420.1313889932	98.53360986709595	1342606.8578509458	80.27274227142334	1343617.7930824524	71.24135327339172	1343298.1257538607	76.45424795150757	1343909.7342792882	68.07542037963867	1343167.6573267172	
58.51272249221802	1343010.787842363	96.4456672668457	1343001.3515340611	96.80452132225037	1344405.290553104	57.95408844947815	1334501.675821948	67.07515406608582	1343422.3086787653	98.56062722206116	1342593.0834456312	80.30091524124146	1343658.4628091876	71.26724863052368	1343287.94998055	76.47854924201965	1343964.0608506482	68.08992600440979	1343158.9880244592	
58.53927135467529	1343002.3314982262	96.46891498565674	1342984.1124619576	96.84975862503052	1344392.667513858	57.9695930480957	1334482.4984870218	67.0991702079773	1343420.0047611278	98.5836443901062	1342842.790318356	80.33093643188477	1343662.2832450916	71.29376244544983	1343310.1422500997	76.50227737426758	1343945.1937658188	68.1059365272522	1343196.4359583154	
58.56248760223389	1343018.0336557871	96.49443912506104	1342983.675185797	96.89181208610535	1344392.6683565928	57.98160123825073	1334482.1929704356	67.1231939792633	1343408.8012634004	98.61569356918335	1342662.3664377902	80.35928845405579	1343662.843340478	71.31892490386963	1343301.8776085817	76.53133964538574	1343946.6742344769	68.12194514274597	1343168.1021830856	
58.587276458740234	1343030.966978298	96.5194640159607	1342997.2371508682	96.93836402893066	1344329.5639780608	57.994351387023926	1334482.178046856	67.15124607086182	1343424.0637785718	98.63894271850586	1342707.9560950687	80.38487386703491	1344110.4443057382	71.34762072563171	1343299.5801609105	76.5542562007904	1343938.3895771943	68.13505220413208	1343179.2402786158	
58.61145234107971	1343163.0368186475	96.54298424720764	1342742.3645365953	96.97824263572693	1344344.8344886112	58.009859561920166	1334484.6282515991	67.166752576828	1343420.5179648912	98.66172790527344	1342709.1839803676	80.40921473503113	1344122.2486533981	71.37519311904907	1343308.7333774604	76.57922720909119	1343945.645124015	68.14855599403381	1343157.0594688058	
58.63673996925354	1343181.7898291878	96.56812787055969	1342637.6930842607	97.02941036224365	1344343.0579830715	58.02287578582764	1334445.0442134363	67.1797661781311	1343420.5504684055	98.68824815750122	1342711.430037579	80.43832492828369	1344114.625201294	71.4023015499115	1343368.9616657635	76.60457873344421	1344091.0937464223	68.16383671760559	1343144.5622134698	
58.661349058151245	1343157.0471867488	96.59114265441895	1342644.232052066	97.07044124603271	1344316.4738334205	58.03888726234436	1334414.677010933	67.19472765922546	1343404.568686384	98.71382594108582	1342712.3869639584	80.46256518363953	1344128.1331839238	71.42985963821411	1343380.1899111832	76.62609457969666	1344113.2876607918	68.17734146118164	1343140.5862146455	
58.684446573257446	1343118.0059416546	96.62112188339233	1342697.5042266054	97.10746622085571	1344342.2975898385	58.05390000343323	1334438.7876253556	67.20974445343018	1343462.497571119	98.74337124824524	1342921.3920387803	80.48877501487732	1344083.4297402978	71.45587301254272	1343393.2091428952	76.65110445022583	1344113.4503059196	68.19135046005249	1343144.3805996694	
58.71265721321106	1343127.7730224628	96.64664316177368	1342597.4392731655	97.14666724205017	1344351.75533486	58.069406032562256	1334463.485989839	67.22376084327698	1343521.1366364255	98.76711463928223	1342936.3477844878	80.51685047149658	1344092.1750136646	71.48262405395508	1343374.6444238133	76.67461824417114	1344114.5325114187	68.20831394195557	1343122.4548834753	
58.73673939704895	1343128.2886942942	96.6732017993927	1342591.5539054738	97.18769478797913	1343919.5185079053	58.0854172706604	1333731.5513726147	67.23626756668091	1343535.537753913	98.79513883590698	1342960.2660013665	80.54205203056335	1344092.9781312477	71.50957226753235	1343454.7389805615	76.70215964317322	1344140.944961989	68.22283029556274	1343105.8078308322	
58.76230525970459	1343128.1637678335	96.69806551933289	1342556.1835034625	97.23572945594788	1343909.4028001702	58.099923610687256	1333691.6399964236	67.25180244445801	1343548.3314230395	98.82032585144043	1342962.7446581475	80.56710934638977	1344095.8098773705	71.53711557388306	1343466.4819259706	76.72818970680237	1344135.2187791478	68.23533487319946	1343108.242342662	
58.786370515823364	1343136.0282375067	96.72418093681335	1342731.1427469526	97.29084610939026	1343968.3140572684	58.116169929504395	1333701.1236837865	67.26599645614624	1343559.0813078864	98.845858335495	1342942.8828955917	80.5917637348175	1344099.7365847302	71.56178712844849	1343452.5308423399	76.75552940368652	1344126.5451678196	68.24884152412415	1343118.6814464072	
58.81243085861206	1343122.4969782254	96.74920010566711	1342721.522428171	97.33638310432434	1343977.9609643738	58.12967562675476	1333701.8403921067	67.28002667427063	1343549.9928427911	98.87216925621033	1342978.8295163778	80.61996841430664	1344105.229665136	71.58749890327454	1343459.87376958	76.78204202651978	1344121.0818556496	68.2644715309143	1343131.0856527118	
58.83832025527954	1343125.5828043323	96.77722787857056	1342716.7848621611	97.38242673873901	1343946.7454019282	58.14469242095947	1333704.058450747	67.2992308139801	1343552.7889515068	98.89760851860046	1342940.282131623	80.64948892593384	1344135.1021518281	71.61276340484619	1343458.5510558812	76.8045551776886	1344099.1350521639	68.27853918075562	1343145.4631034748	
58.86459159851074	1343130.6998960094	96.80856895446777	1342748.894009759	97.42137217521667	1343965.0139472377	58.16570210456848	1333536.6311469018	67.31774711608887	1343571.8741245458	98.92346692085266	1342932.934740201	80.67811036109924	1344135.3862287994	71.64038681983948	1343443.656186535	76.8300678730011	1344104.1916259653	68.29354739189148	1343147.0116139827	
58.892043352127075	1343272.2349934662	96.84208655357361	1342080.1557668943	97.46803021430969	1343981.7920770939	58.18973159790039	1333544.989398842	67.33381128311157	1343591.9967454607	98.94798302650452	1343107.9346092273	80.7061779499054	1344144.5023790277	71.66631412506104	1343438.8917981132	76.84782147407532	1344097.032534332	68.30905294418335	1343164.2580824029	
58.91769862174988	1343033.003976318	96.87144422531128	1342026.3600892287	97.50355291366577	1344001.2649216715	58.211872816085815	1333562.8361343434	67.35433578491211	1343592.188610304	98.9731514453888	1343113.8734223677	80.7333493232727	1344130.783113347	71.69453454017639	1343427.9936666444	76.86232590675354	1344099.9616003754	68.32406163215637	1343163.7564248538	
58.94132709503174	1343050.139735582	96.89285778999329	1342020.11452651	97.54058742523193	1344016.965215116	58.23840856552124	1334065.3578965298	67.37186551094055	1343588.5489109121	98.99719500541687	1343367.4895548963	80.76097345352173	1344125.7259639732	71.72062277793884	1343445.9659967667	76.87683868408203	1344082.8796329985	68.34006834030151	1343211.1095340704	
58.96741461753845	1343847.7347390633	96.91561031341553	1342327.2396304146	97.57614207267761	1344010.053779506	58.261919260025024	1334321.3527933946	67.38788342475891	1343624.417350785	99.0217297077179	1343409.780196627	80.78698110580444	1344126.77146201	71.74813866615295	1343452.4505020091	76.894522190094	1344085.9931591516	68.35557317733765	1343210.3563432486	
58.99158024787903	1343846.2607970582	96.93788599967957	1342304.6334574004	97.62145066261292	1344006.967828095	58.28593611717224	1334135.6832973177	67.40545177459717	1343610.1141518413	99.0472457408905	1343125.8316805295	80.81304097175598	1344121.5966790423	71.77943682670593	1343440.9857822226	76.91134285926819	1343910.930640811	68.36981749534607	1343222.9411912907	
59.020421743392944	1343856.3119337335	96.96168518066406	1342321.8007136215	97.66648292541504	1344009.2546692446	58.31145787239075	1334121.933509472	67.42297768592834	1343650.2093520297	99.0722553730011	1343175.5241046096	80.83629536628723	1344021.267066848	71.80162262916565	1343422.488171915	76.92839169502258	1343920.3528415435	68.38538575172424	1343237.8154644822	
59.04564595222473	1343864.0269680931	96.98611211776733	1342346.4121857686	97.7050211429596	1343956.981901535	58.33256220817566	1334094.8982063637	67.44099402427673	1343624.8483022065	99.0967698097229	1343163.2935220287	80.86089205741882	1344004.4789894116	71.82981586456299	1343458.6558475932	76.94421219825745	1343939.7015072554	68.3988904953003	1343237.838855571	
59.069761514663696	1343930.9255166806	97.01336669921875	1342316.3884526098	97.75508689880371	1343948.9472250114	58.356576681137085	1334113.8113538031	67.46254634857178	1343619.4269754793	99.11878967285156	1343264.2950724072	80.88616013526917	1343961.9327192476	71.85551762580872	1343469.8648904792	76.95722508430481	1343454.6818746536	68.41559267044067	1342996.8702562188	
59.09523010253906	1343958.529400542	97.04188251495361	1343087.556670169	97.79184579849243	1343808.1558150977	58.38160276412964	1334343.135053989	67.47805309295654	1343623.9555256732	99.14380264282227	1343251.6466078744	80.91022801399231	1343979.5516954807	71.87975430488586	1343464.7816446102	76.97172975540161	1343432.3951263842	68.4329240322113	1342991.0856827314	
59.12068486213684	1343945.489135237	97.06586933135986	1343202.1106554808	97.83123779296875	1343784.4086269925	58.4029176235199	1334358.4496054873	67.49308204650879	1343628.8045302792	99.17331886291504	1343223.9310914113	80.93418669700623	1343838.7320083682	71.90372109413147	1343464.6827903143	76.98789262771606	1343431.7903633763	68.44992971420288	1342981.8204592091	
59.1487090587616	1343785.4747803053	97.09139108657837	1343219.1696673755	97.87493634223938	1343772.1490429055	58.4204261302948	1334267.8511713857	67.51109480857849	1343597.0214354934	99.19669246673584	1343241.006731173	80.96399235725403	1343847.0131347214	71.92976689338684	1343461.5181725987	77.00256657600403	1343488.214016725	68.46343660354614	1343012.5753729644	
59.172452449798584	1343789.855894903	97.1189067363739	1343218.2808293293	97.91772556304932	1343784.89220189	58.43844509124756	1334300.4384091378	67.52710819244385	1343601.2500382971	99.22771763801575	1343255.5161807532	80.99078679084778	1343844.7723108928	71.95790410041809	1343455.4610753146	77.015629529953	1343498.297524443	68.47895050048828	1342995.7446515919	
59.194642543792725	1343783.2813911259	97.14291739463806	1343127.157337775	97.96141457557678	1343782.924618385	58.45345592498779	1334128.7907197902	67.54412984848022	1343615.8979671367	99.25724196434021	1343222.9044715853	81.01630640029907	1343882.917551042	71.98345565795898	1343456.8345180699	77.02963852882385	1343488.7910115013	68.49446487426758	1342968.4256466746	
59.2217493057251	1343460.151868765	97.16807985305786	1343143.5009502652	98.00017309188843	1343792.508117608	58.46995973587036	1334125.3528715258	67.560142993927	1343616.8199588482	99.28327298164368	1343193.9502110684	81.04328083992004	1343898.26639959	72.00818967819214	1343461.937140017	77.04414248466492	1343482.629883912	68.5104730129242	1342931.4199087895	
59.247528076171875	1343448.2920986172	97.19202756881714	1343142.6759751462	98.04228281974792	1343788.2929324536	58.48597073554993	1334134.960039883	67.57765316963196	1343654.348521392	99.30982232093811	1343207.5213404049	81.07023978233337	1343900.1965467264	72.03470468521118	1343548.6148055138	77.05669951438904	1343497.1115966807	68.52697968482971	1342970.655659696	
59.27599501609802	1343490.3703969044	97.2171745300293	1343102.177310037	98.09044766426086	1343794.1546313642	58.50198173522949	1334135.5666480835	67.59717988967896	1343656.1914558383	99.33358097076416	1343479.5819753248	81.10153889656067	1343917.7287327582	72.06439709663391	1343560.3868530013	77.07220339775085	1343531.9824929633	68.54252171516418	1342986.9613810265	
59.30047297477722	1343437.7405325545	97.2448832988739	1342744.283657038	98.13140630722046	1343801.9653996448	58.51799154281616	1334136.3266278668	67.6163923740387	1343661.4981135845	99.3591136932373	1343246.337057729	81.13020634651184	1343892.273924687	72.08689713478088	1343630.841037688	77.08836245536804	1343525.9587609135	68.55853128433228	1343016.8216903051	
59.329803228378296	1343880.8745956316	97.2696783542633	1342744.5779049443	98.17638611793518	1343809.0884900312	58.53661751747131	1334146.7257498745	67.63141369819641	1343657.2708187203	99.38015699386597	1343254.6796177067	81.15327882766724	1343893.9670788045	72.10976386070251	1343633.6024097225	77.10286617279053	1343523.2289326494	68.57368469238281	1343039.2623602278	
59.35771632194519	1343870.2186149743	97.29281711578369	1342744.8082942814	98.21645164489746	1343816.7398456675	58.55262899398804	1334150.3722121809	67.64692068099976	1343648.5977576682	99.40929889678955	1343270.9515396806	81.17957282066345	1343905.0669366668	72.13342499732971	1343631.8317095137	77.1174328327179	1343514.3145787695	68.59018921852112	1343048.342753715	
59.38441586494446	1343860.2470802986	97.31611847877502	1342747.005265288	98.26375961303711	1343826.69142078	58.569135665893555	1334145.9915423607	67.66308403015137	1343634.63271828	99.43783068656921	1343279.7840657444	81.20768237113953	1343912.9348456147	72.1618504524231	1343636.9083869157	77.13193798065186	1343495.7939029878	68.60433745384216	1343243.1611771078	
59.40860986709595	1343921.589904399	97.33801007270813	1342782.706721913	98.31330013275146	1343790.7996992087	58.58700108528137	1335132.4299408896	67.68009686470032	1343636.9458726528	99.46657514572144	1343271.7941268391	81.24636793136597	1343902.2130647264	72.18772196769714	1343670.1184296866	77.14608669281006	1342713.528686563	68.62147068977356	1343248.506034102	
59.43743181228638	1343919.4452043183	97.36108684539795	1342788.1042597336	98.35266757011414	1343774.197306503	58.60272669792175	1335115.866711382	67.69659876823425	1343631.266800683	99.48961138725281	1343287.5843775324	81.27155709266663	1343900.0930470692	72.2133297920227	1343673.9824319866	77.1583662033081	1342692.651393277	68.63697552680969	1343233.2596816754	
59.46669864654541	1343927.841541883	97.3849630355835	1342782.5274990827	98.39471340179443	1343671.144545835	58.62023639678955	1334333.1244366325	67.71476912498474	1343624.0608704637	99.5161280632019	1343293.642045622	81.29530048370361	1343922.8890069046	72.23646545410156	1343656.7254235726	77.1728789806366	1342699.829925349	68.6519844532013	1343218.9797820628	
59.49248218536377	1343913.638947286	97.40810370445251	1342780.5991364268	98.44538927078247	1343676.8595780786	58.63576579093933	1334357.2944191275	67.73529195785522	1343653.434084116	99.54184913635254	1343299.783980693	81.32025241851807	1343927.1787594303	72.262371301651	1343636.6610880925	77.1869158744812	1342946.7029852727	68.6684889793396	1343167.8834381734	
59.521738052368164	1343897.9862315834	97.43422961235046	1342787.5007424164	98.48792099952698	1343676.380615843	58.6527841091156	1334369.6903224925	67.7533311843872	1343656.9475591294	99.56966805458069	1343302.6421741014	81.34552526473999	1343928.7859841976	72.28860688209534	1343626.8019334201	77.20141935348511	1342952.9125155024	68.68301343917847	1343174.4144885335	
59.54697251319885	1343872.3592460079	97.4592490196228	1343249.2579534089	98.52545499801636	1343674.8779942337	58.6727979183197	1334418.4958161393	67.76954770088196	1343663.2791239324	99.59671878814697	1343277.6998728912	81.37125492095947	1343945.6272691325	72.31219458580017	1343631.3089226757	77.21593046188354	1342955.0152742618	68.69910383224487	1343128.4791716922	
59.575918436050415	1343870.9817118377	97.48549032211304	1343180.1748057911	98.5755410194397	1344196.8973949137	58.68630313873291	1334415.3338761665	67.78847742080688	1343665.8700385236	99.62029433250427	1343292.5645186347	81.39803719520569	1343933.3596850496	72.33935689926147	1343626.5402804392	77.23043751716614	1343170.6492076493	68.71411657333374	1343141.6824540794	
59.602508783340454	1343879.4831394388	97.50750231742859	1343189.0751252251	98.61236619949341	1344209.674105776	58.702316999435425	1334390.1149860062	67.80558133125305	1343639.2552724872	99.64881610870361	1343276.2708624413	81.42472648620605	1343993.5836826991	72.36689710617065	1343184.524531119	77.2442934513092	1343143.0944357119	68.73112607002258	1343170.0898483652	
59.6280882358551	1343865.8201748035	97.53179693222046	1343167.9680066279	98.65890121459961	1344154.4932255042	58.721834897994995	1334461.4462640623	67.82110571861267	1343638.0498836236	99.67634844779968	1343255.1736368465	81.4528877735138	1343975.4303152855	72.39023494720459	1343188.9085507519	77.25830268859863	1343143.4486020869	68.7466299533844	1343165.1249988643	
59.654792070388794	1344024.933187099	97.55590271949768	1343168.605119024	98.69993424415588	1344242.5365167118	58.74034786224365	1334451.0451263722	67.8411192893982	1343531.154381584	99.71211385726929	1343262.2313959782	81.48487496376038	1343982.9384216785	72.41797232627869	1343195.621716705	77.27180624008179	1343136.3034658553	68.76114439964294	1342936.287863341	
59.68049216270447	1344031.8492281393	97.58504724502563	1342751.5334858506	98.73855543136597	1342996.6064944584	58.757364988327026	1334461.4008635995	67.86129379272461	1343531.7111539212	99.73529124259949	1343533.2886335177	81.51124858856201	1343982.8914245826	72.44249439239502	1343189.3303089668	77.28590297698975	1343143.6128706648	68.77533435821533	1342929.8685636148	
59.70669507980347	1343906.9527601618	97.61928868293762	1342749.7538836254	98.78531622886658	1343246.6000579628	58.77638554573059	1334454.488321713	67.87744617462158	1343719.3337962166	99.76130557060242	1343562.1317493105	81.53732538223267	1343996.7429711854	72.46524024009705	1343205.6945162949	77.30120635032654	1343148.7938228878	68.79004883766174	1342927.798925028	
59.73602771759033	1343912.8966157685	97.64680576324463	1342775.4806158203	98.82458138465881	1343228.9126606735	58.79614734649658	1334471.2044943504	67.89645957946777	1343693.4444330249	99.78982949256897	1343549.2536118985	81.56388664245605	1344006.5294047056	72.4903347492218	1343596.9195887845	77.31561326980591	1343199.6443264494	68.80425834655762	1342926.0760491372	
59.7645480632782	1343922.0041156795	97.67944526672363	1342777.3307911525	98.86361002922058	1343229.4609671046	58.81784963607788	1334469.8709943928	67.9124743938446	1343688.3166828584	99.81580877304077	1343555.7163515617	81.58744263648987	1343997.264978755	72.51434564590454	1343860.1159042416	77.33165836334229	1343190.2719339004	68.81894135475159	1342957.5883642095	
59.791908979415894	1343934.9360618226	97.70713496208191	1342785.536967164	98.89963817596436	1343227.2498366414	58.83786940574646	1334467.3153263477	67.92648935317993	1343694.7442706681	99.84254002571106	1343537.9307930707	81.61350345611572	1343986.7460888473	72.5415153503418	1343859.0842502902	77.34540963172913	1342954.1092912613	68.83395051956177	1342945.1965737354	
59.81963276863098	1343950.3273340445	97.74182415008545	1342773.7430966846	98.9400224685669	1343273.7188292714	58.85588884353638	1334397.397834357	67.94050073623657	1343697.60525193	99.86660671234131	1343249.9370577936	81.64014267921448	1343977.8157434023	72.56945061683655	1343963.988287605	77.36085486412048	1342956.543588175	68.84995698928833	1343013.702454811	
59.847517013549805	1343934.880873421	97.77407598495483	1342762.770032045	98.97564959526062	1343276.2456234843	58.8749053478241	1334402.4371346114	67.95500636100769	1343691.2706937715	99.89512062072754	1343256.5107235028	81.6651177406311	1343979.2668428435	72.59361338615417	1343984.6536577547	77.37959098815918	1342888.3722972665	68.86346197128296	1343015.6954315486	
59.875149726867676	1343934.129419309	97.80208992958069	1342758.713268487	99.02269124984741	1343274.157698633	58.891416788101196	1334420.257123648	67.97102999687195	1343688.22330916	99.92736864089966	1343260.9366244744	81.6908552646637	1343973.677869683	72.62413811683655	1343987.9999356791	77.39412188529968	1342885.100546337	68.88068914413452	1343018.8665923534	
59.89881467819214	1343958.510729856	97.83138847351074	1342790.3621146881	99.05872130393982	1343233.4312375404	58.90946078300476	1334503.5663716584	67.98706793785095	1343694.3554054496	99.95852136611938	1343264.2915305602	81.7190101146698	1343988.2615705677	72.65099120140076	1344001.0049163126	77.4089286327362	1342835.5900313272	68.89678001403809	1343027.8299874982	
59.92451286315918	1343962.090506535	97.8596601486206	1342746.9182996813	99.09540724754333	1343228.2167978706	58.92649722099304	1334500.8363470687	68.0031795501709	1343699.2245869136	99.98553395271301	1343274.2604267506	81.744131565094	1343995.1596924355	72.67856311798096	1344022.1260866257	77.42259883880615	1342822.4714218655	68.91334009170532	1343022.560371128	
59.950576066970825	1343963.5574686253	97.8906946182251	1342834.7316185755	99.12941074371338	1343278.094950573	58.94544959068298	1335054.8789217805	68.02073574066162	1343702.3040553327	100.01296162605286	1343248.100396218	81.76725482940674	1343114.0713984638	72.7024986743927	1343991.3254089423	77.43459057807922	1342856.6416777303	68.92934083938599	1343032.5344617509	
59.976757526397705	1343966.980114642	97.91990923881531	1342772.9293789405	99.1698956489563	1342799.8754992778	58.96746277809143	1334876.6814493223	68.03726291656494	1343689.209157125	100.03818464279175	1343253.685574659	81.79159235954285	1343117.777597176	72.72650814056396	1344025.5251745142	77.44865775108337	1342865.6328105424	68.94495105743408	1343035.981697325	
60.002259731292725	1343975.53620394	97.94808149337769	1342777.3596691338	99.22862768173218	1342774.2344240488	58.98500680923462	1334572.8345002395	68.05282187461853	1343702.1256559207	100.06370997428894	1343250.4779423787	81.82011008262634	1343083.609913973	72.74946904182434	1343843.6307521195	77.4618775844574	1342885.2941273372	68.96103954315186	1343678.9301797093	
60.02997064590454	1343965.9264406993	97.979656457901	1342780.2795386456	99.27465724945068	1342800.9746048655	59.004228830337524	1334574.6755427313	68.07051587104797	1343482.4683881772	100.08796715736389	1342815.1477740332	81.84141445159912	1343100.5502048119	72.77317380905151	1343815.8409626982	77.47588682174683	1342886.2154261763	68.97526955604553	1343674.650220569	
60.058493852615356	1343966.6343622934	98.00909566879272	1342895.7621409323	99.32333302497864	1342802.4956336147	59.021734952926636	1334575.5604254154	68.08702301979065	1343481.4301952124	100.11360549926758	1342808.6968712602	81.8660979270935	1343108.5319654644	72.79796528816223	1343514.0603353416	77.49059200286865	1342844.849647535	68.99269556999207	1343683.9908483205	
60.084596395492554	1343939.971325397	98.04388189315796	1342896.324021678	99.35775899887085	1342788.2219824872	59.03774857521057	1334584.556357908	68.10304689407349	1343476.7930233125	100.13812303543091	1342761.814295753	81.89407134056091	1343128.4994345228	72.82047653198242	1343552.0919526771	77.50509905815125	1342845.0311701284	69.0072705745697	1343682.7549487874	
60.118508100509644	1343351.9275778637	98.07995462417603	1342976.0248324466	99.39829730987549	1342786.7484865265	59.05026125907898	1334591.3915496063	68.12157320976257	1343474.1443331586	100.16513895988464	1342362.6418666658	81.91638779640198	1343130.4364344273	72.8456084728241	1343544.7802884073	77.5191080570221	1342857.454724363	69.02190899848938	1343670.8695765934	
60.14667844772339	1343348.4896298714	98.10986137390137	1343000.998835893	99.45161843299866	1342797.4890774107	59.06527853012085	1334616.348323641	68.13508343696594	1343477.7218102054	100.1866683959961	1342371.5172322425	81.94366717338562	1343106.5810116436	72.86967515945435	1343566.311934821	77.53261375427246	1342847.6968788276	69.03692245483398	1343671.2689591327	
60.17468190193176	1343367.5119385754	98.13838911056519	1343013.334493055	99.49664497375488	1342798.696973125	59.07978439331055	1334654.6804784609	68.1495885848999	1343461.3308856725	100.21993494033813	1342320.5782927112	81.96918511390686	1343110.087581615	72.8964455127716	1343212.3219069934	77.54670310020447	1342862.5775071268	69.05207920074463	1343677.8078069696	
60.20657730102539	1343327.2421038856	98.16843247413635	1342978.3231496906	99.53417706489563	1342775.5126059214	59.095802783966064	1334651.7824451015	68.16360664367676	1343473.3988881381	100.24945855140686	1342323.9228580946	81.99800658226013	1344354.7790269863	72.92418575286865	1343218.7691043986	77.5613853931427	1342873.860997508	69.06715941429138	1343687.5690073825	
60.2357702255249	1343576.1539828912	98.2015609741211	1342969.709609983	99.57251214981079	1342775.4711509263	59.11031246185303	1334738.3682583978	68.17811369895935	1343485.1465740537	100.27448177337646	1342294.7985626885	82.02406644821167	1344362.7954206981	72.94936180114746	1342934.80701166	77.57637882232666	1342901.468698359	69.08168363571167	1343673.385155264	
60.26468110084534	1343573.2490790887	98.23523807525635	1342971.9800534209	99.60605263710022	1342787.9479675216	59.122836112976074	1334735.8655655556	68.19438290596008	1343828.5653588965	100.30150103569031	1342288.801199931	82.05614137649536	1344382.106627256	72.97458362579346	1342933.274951915	77.59188413619995	1342907.4150828714	69.09718322753906	1343681.6823436131	
60.2955117225647	1343617.1902512254	98.26931500434875	1342975.1755237433	99.63734436035156	1342776.5061392747	59.13697576522827	1334201.463238825	68.20941114425659	1343777.062133896	100.3238217830658	1342298.5631668125	82.08073425292969	1344386.4869185253	72.99855065345764	1342961.2632227514	77.6058919429779	1342900.0811663182	69.11408138275146	1343671.1804688761	
60.32170796394348	1343611.6795966423	98.303546667099	1343023.1100793811	99.66736340522766	1342758.3223102763	59.15399360656738	1333845.9443492987	68.224454164505	1343778.3247992108	100.34634566307068	1342336.3376953257	82.1090407371521	1344377.4923227387	73.02312731742859	1343574.6542838113	77.61839771270752	1342908.198982976	69.12816882133484	1343695.6850002257	
60.34777021408081	1343658.920215685	98.33806538581848	1343027.4826815182	99.69588732719421	1342715.2033158592	59.16750168800354	1333850.0619419648	68.24046993255615	1343790.458533872	100.36950826644897	1342762.2071476583	82.13625001907349	1344372.5444919155	73.04514980316162	1343570.3912070708	77.63290357589722	1342887.8324014614	69.14417695999146	1343694.5625443899	
60.37851595878601	1343684.5859086812	98.3660888671875	1342969.2177184543	99.72597932815552	1342687.366815967	59.18151354789734	1333845.5185680606	68.25448369979858	1343791.6649858844	100.401535987854	1342750.014066986	82.16543388366699	1344388.7499217242	73.07087874412537	1343593.8801973509	77.6463680267334	1342869.4265156146	69.15768194198608	1343706.2857876683	
60.40667152404785	1343422.7366169146	98.39109992980957	1343006.3668939592	99.75570178031921	1342767.9148641306	59.195167779922485	1333911.7278960682	68.2711706161499	1343819.2147895854	100.42773938179016	1342729.5124899314	82.1906795501709	1344399.7828110247	73.09488868713379	1343520.739491974	77.66104125976562	1342918.959971907	69.17438507080078	1343699.0632225086	
60.43985915184021	1343426.523911668	98.41894340515137	1342918.4611351413	99.78522372245789	1342786.229776574	59.208672523498535	1333782.3163474344	68.28667688369751	1343817.9136959305	100.45375490188599	1342741.4699930572	82.21493792533875	1344372.7983049979	73.12093210220337	1343505.862975381	77.67540216445923	1342925.91723102	69.19114804267883	1343728.5927994081	
60.46748208999634	1343420.7949564266	98.44496464729309	1342910.8914989508	99.81257128715515	1342834.3666238852	59.22269058227539	1333786.3900875512	68.30268931388855	1343765.16250532	100.47871518135071	1342729.5054305543	82.23966550827026	1344355.8088396583	73.14694213867188	1343505.6661150246	77.68917798995972	1342978.273799647	69.20721220970154	1343669.3206701165	
60.49506330490112	1343436.1154640445	98.4685001373291	1342914.700243646	99.84025287628174	1342837.5564193751	59.23719882965088	1333810.9376599982	68.31519532203674	1343788.2183750903	100.50322914123535	1342727.5754925257	82.26602578163147	1344331.0918148716	73.17045712471008	1343548.279026475	77.70417094230652	1342998.2692949178	69.22084474563599	1343663.625420706	
60.52079200744629	1343443.764521408	98.49302983283997	1342904.2829553243	99.87177658081055	1342847.1253019816	59.25221610069275	1333888.0416888648	68.3297369480133	1343807.0838091169	100.52645111083984	1342728.2036956022	82.29095792770386	1344310.3931549205	73.19463682174683	1343500.9225144486	77.71833300590515	1343003.2566803296	69.2362072467804	1343666.3729599298	
60.55086541175842	1343434.844108976	98.52179312705994	1342989.5788560163	99.9022958278656	1342849.1371304258	59.26672601699829	1333894.9472892282	68.34524655342102	1343820.6426036	100.54845952987671	1342737.176994302	82.32122778892517	1344315.8700558315	73.22182607650757	1343471.9626455286	77.73134708404541	1343012.0924319697	69.25121545791626	1343671.8645150901	
60.57843828201294	1343405.3296297495	98.54585385322571	1342995.8692730316	99.9328236579895	1342848.4313089577	59.28023290634155	1333896.9875461198	68.36126017570496	1343822.6357282808	100.56846785545349	1342732.456535272	82.34632182121277	1344309.503101759	73.24747896194458	1343472.588833388	77.74530172348022	1343000.4515424531	69.26672053337097	1343687.8792874345	
60.605541944503784	1343710.6431855767	98.5728828907013	1343001.9497051393	99.95816731452942	1342971.251347958	59.2952516078949	1333878.2804637046	68.37679743766785	1343944.0639256088	100.58947730064392	1342747.4653487005	82.37283539772034	1344013.77644407	73.272540807724	1343141.3516871152	77.76185059547424	1342992.9923181655	69.28173184394836	1343647.8106766397	
60.63239073753357	1343706.7896950818	98.60425519943237	1343195.9152050351	99.98625874519348	1342960.1047714443	59.3113853931427	1333868.3852349143	68.3923454284668	1343943.265700065	100.61356973648071	1342777.4755578153	82.4055814743042	1344028.9459485968	73.2969298362732	1343202.1067195009	77.77631139755249	1343006.6071954349	69.29974699020386	1343459.5980076452	
60.655916929244995	1343518.0094871745	98.63302683830261	1343531.059515565	100.01199746131897	1343002.7623985352	59.32557225227356	1333919.3902397552	68.40744853019714	1343925.5385924825	100.64210319519043	1342750.1841652975	82.4300286769867	1344034.7987187968	73.32066750526428	1343215.0280103378	77.79025936126709	1342992.0130129582	69.31425404548645	1343451.8557025352	
60.68304085731506	1343746.1753199608	98.6585488319397	1343540.288842073	100.03963804244995	1342956.4248867454	59.33858013153076	1333934.8497256804	68.42196798324585	1343939.4043703093	100.66649079322815	1342759.3262536193	82.45657348632812	1344075.9569105553	73.34376454353333	1343161.5232768278	77.80427241325378	1343074.7296377197	69.33153557777405	1343343.582454299	
60.71188473701477	1343474.2876077334	98.68175983428955	1343541.8691092823	100.06365323066711	1342963.6285678989	59.351850748062134	1333932.649420107	68.43847918510437	1343917.3248478505	100.69003319740295	1342746.1571151023	82.48376989364624	1344065.258106303	73.37620854377747	1343153.038563872	77.8164587020874	1343058.444990568	69.34704375267029	1343352.4431298673	
60.73842430114746	1343416.9760905132	98.70701551437378	1343450.0780967628	100.09117770195007	1342923.2239024148	59.36682057380676	1333966.2564631158	68.45568084716797	1344206.8280909704	100.72061681747437	1342738.619821432	82.51715660095215	1344051.1969251214	73.40334153175354	1343533.4251760538	77.83197355270386	1343041.9928571	69.36299300193787	1343308.4848607043	
60.764657735824585	1343447.4404652382	98.73302865028381	1343433.8766261719	100.11769556999207	1342938.6328930177	59.37992000579834	1333960.9591782808	68.47168922424316	1344217.917428468	100.7454035282135	1342732.0311796744	82.54809069633484	1344048.6767977572	73.428870677948	1343571.9296012118	77.84598278999329	1343036.8462294084	69.37834978103638	1343312.0620250755	
60.793516874313354	1343466.2067985386	98.75605821609497	1343443.9142982215	100.14222359657288	1342940.8480615509	59.39422583580017	1333953.8670944625	68.48719453811646	1344210.7655304193	100.76915645599365	1342682.9152261405	82.58072304725647	1344163.7362680957	73.45323896408081	1343580.265324132	77.86048936843872	1343052.2261324704	69.39435887336731	1343299.180770893	
60.82061505317688	1343456.477215549	98.78191328048706	1343445.7472994535	100.16792321205139	1342865.261948819	59.408738136291504	1333917.4224472914	68.50221109390259	1344202.4132923163	100.79116678237915	1342701.9515854616	82.60984134674072	1344052.008035248	73.4799416065216	1343562.2769054011	77.87549996376038	1343035.7782717708	69.40836882591248	1343289.9893263448	
60.84755611419678	1343438.8270844624	98.80173826217651	1343461.87607323	100.1929395198822	1342865.320577777	59.42376160621643	1333918.1654800489	68.51822447776794	1344186.9574254998	100.81531167030334	1342710.138168527	82.63635587692261	1344063.5384006451	73.50294995307922	1343573.354975472	77.88975930213928	1343051.0161373648	69.42192554473877	1343291.8386894881	
60.875765323638916	1343379.0980815291	98.82423210144043	1343464.5396171964	100.21968126296997	1342855.6965620383	59.43778586387634	1333921.7948461855	68.53378582000732	1344195.1207113788	100.83832621574402	1342711.3966831295	82.66529154777527	1344070.7163075113	73.52969670295715	1343580.7591929345	77.90226435661316	1343052.1067527563	69.43642950057983	1343290.899096715	
60.90559434890747	1343375.934867973	98.84824800491333	1343465.1389626763	100.24170327186584	1342861.1295067999	59.451802492141724	1333889.027489782	68.5493311882019	1344209.9258348015	100.86354351043701	1342593.0640869823	82.69801735877991	1344056.1310678031	73.55374956130981	1343596.3055791217	77.9152717590332	1343048.9221023514	69.45143961906433	1343182.6452460925	
60.93547177314758	1343365.7500385058	98.87261366844177	1343442.72722103	100.27302241325378	1342887.01381123	59.46731376647949	1334097.2872527193	68.56484246253967	1344198.5643655483	100.88706135749817	1342682.6786452592	82.72453689575195	1343927.6544122999	73.58086514472961	1343603.94519692	77.92827773094177	1343052.647872473	69.46594452857971	1343199.0171527395	
60.96757102012634	1343375.438233511	98.89341640472412	1343121.6217246857	100.29785227775574	1343381.3387831366	59.479957818984985	1334095.3876897495	68.58160042762756	1343942.0699415223	100.90957689285278	1342634.4499978374	82.74818420410156	1343597.6899022032	73.60773706436157	1343609.1123093618	77.94384098052979	1343044.0633572289	69.48095631599426	1343189.262280379	
60.992760181427	1343353.6147172945	98.9173436164856	1343109.5576440478	100.32127046585083	1342662.584463464	59.494969606399536	1334104.9035397216	68.59624338150024	1343951.9103582078	100.93058919906616	1342634.907900213	82.77992987632751	1343597.599065037	73.63276863098145	1343608.129265341	77.95833969116211	1343052.8188710506	69.4954605102539	1343210.607629825	
61.022544145584106	1343359.995964407	98.94152212142944	1343138.3901566055	100.34579539299011	1342676.3065035858	59.50847673416138	1334083.6254594815	68.61216044425964	1343966.2554053662	100.95359945297241	1342627.5784536884	82.8070375919342	1343604.2034280912	73.6549973487854	1343609.7260816179	77.97243857383728	1343052.4281172697	69.50796556472778	1343271.3098643313	
61.05079412460327	1343238.0311161284	98.9665732383728	1343099.4039441163	100.3680260181427	1342660.7805008397	59.522756814956665	1334095.628991008	68.62717485427856	1343969.7822504889	100.9771203994751	1342650.8777631656	82.83955502510071	1343547.8419405217	73.68093943595886	1343592.9492234993	77.98544502258301	1343049.3452733066	69.52097415924072	1343276.2641053468	
61.07916235923767	1343061.4726266721	98.98986530303955	1343103.3369750285	100.38904213905334	1342651.7417958009	59.53778266906738	1333799.8555509797	68.64219307899475	1343973.702477222	100.99863362312317	1342663.5938367664	82.86706614494324	1343548.637700699	73.70849514007568	1343605.1966612767	78.00195264816284	1343050.4804183003	69.53447818756104	1343274.941201624	
61.10713744163513	1343083.7032860299	99.01388812065125	1343119.3568891997	100.41574048995972	1342656.2451349455	59.55279755592346	1333691.4331454202	68.65720391273499	1343979.5002417595	101.02665376663208	1342661.2209574294	82.90080046653748	1343539.2192920262	73.73657369613647	1343711.006244289	78.01558351516724	1343047.203993312	69.55052256584167	1343276.8522901088	
61.13927698135376	1343070.7849005405	99.03554153442383	1343112.735469276	100.44577074050903	1342648.2365244124	59.56530523300171	1333638.8620285294	68.67295455932617	1344012.53683717	101.04866790771484	1342672.13132926	82.93790912628174	1343602.4904827173	73.76179361343384	1343707.8480881487	78.02946496009827	1343693.387119104	69.56422996520996	1343263.7530979586	
61.168559074401855	1343024.4419006507	99.0580985546112	1343137.2714502097	100.47329616546631	1342593.282959658	59.57980966567993	1333639.998089369	68.68997263908386	1344018.9019711765	101.07268190383911	1342666.0612259714	82.96944284439087	1343776.8920941988	73.78661942481995	1343704.6946321973	78.04397082328796	1343693.4855590365	69.5803611278534	1343290.4365121708	
61.19662046432495	1343026.8125789918	99.08367919921875	1343202.5706243438	100.4963104724884	1342595.8646191934	59.59294843673706	1333697.5249328357	68.70448398590088	1344024.1274547358	101.09620332717896	1342744.898107652	83.00497055053711	1343767.4119960142	73.8112108707428	1343685.9832555584	78.0571939945221	1343674.3023409792	69.5938663482666	1343327.1545760264	
61.224933385849	1343028.0405881468	99.10869216918945	1342951.8328499764	100.52084827423096	1342598.1323590735	59.60735082626343	1333680.4105951914	68.7200026512146	1344020.6875672685	101.12423062324524	1342754.3855805632	83.03548669815063	1343779.302738243	73.83822798728943	1343720.380155052	78.07048487663269	1343653.5777322692	69.60861849784851	1343333.8263329	
61.24981236457825	1343106.8384240754	99.13620901107788	1342946.3628616717	100.54887986183167	1342596.1157162797	59.6204891204834	1333606.4637394303	68.73551607131958	1344018.6575470995	101.15093088150024	1342754.518367763	83.06570553779602	1343787.3326385478	73.86641335487366	1343806.3267294993	78.08520150184631	1343687.1450633872	69.62362766265869	1343345.879023538	
61.27489376068115	1343079.037188199	99.16575169563293	1342932.0601981047	100.57363796234131	1342665.0932157887	59.63602423667908	1333622.79976994	68.75052952766418	1344016.3673557213	101.17947030067444	1342754.569910961	83.10420322418213	1343813.0124413779	73.89262461662292	1343828.018660087	78.09821105003357	1343678.4863901208	69.63830161094666	1343353.670601744	
61.303922176361084	1343077.3387165992	99.19076919555664	1342934.5079154037	100.60166668891907	1342570.3927272283	59.64753293991089	1334300.3619542818	68.76703572273254	1344018.4699483882	101.20556354522705	1342736.108099316	83.13672614097595	1343791.3624666391	73.91669774055481	1343833.1305996585	78.11221957206726	1343702.3587290836	69.65283036231995	1343368.2391430985	
61.33405113220215	1343068.9450293533	99.21587562561035	1342911.5294371815	100.6264271736145	1342582.5125045134	59.66154742240906	1334289.6422822478	68.782053232193	1344002.7165067536	101.23386335372925	1342741.1842217052	83.17148303985596	1343801.4531194933	73.93879532814026	1343844.0568876632	78.12741661071777	1343676.0759081147	69.66533493995667	1343352.32131071	
61.358574867248535	1343071.9310269498	99.2428240776062	1342909.0619263928	100.65594983100891	1342586.8590726398	59.67606019973755	1334262.8884573176	68.79706835746765	1344010.568656989	101.26070618629456	1342760.0253629545	83.19717216491699	1343816.2352792106	73.96095752716064	1343842.188288382	78.14192128181458	1343697.4164021048	69.67985343933105	1343347.7030338554	
61.38483262062073	1343086.655307832	99.26554155349731	1342805.2234065032	100.68047428131104	1342588.327082762	59.68857026100159	1334272.0304456914	68.81538224220276	1344006.3558622196	101.28622198104858	1342759.5493227046	83.22468781471252	1343818.922043697	73.98546743392944	1343810.9500616495	78.15793061256409	1343693.8384933427	69.69336009025574	1343413.0219454116	
61.411102294921875	1343098.412736756	99.29079556465149	1342806.8550719752	100.70549082756042	1342588.9596134785	59.70466637611389	1334347.2194447687	68.83290314674377	1344001.4539004988	101.31231689453125	1342751.5317041078	83.25622773170471	1343812.7277661809	74.0080931186676	1343843.0452428656	78.1697747707367	1343675.4817388116	69.70786714553833	1343350.3505494932	
61.4342782497406	1343236.417241522	99.31533122062683	1342792.3871189	100.72975754737854	1343488.6819552206	59.720674991607666	1334339.733327467	68.84841084480286	1343972.8627608628	101.33560824394226	1342744.823008081	83.29413938522339	1343827.0302679038	74.0366141796112	1343846.9361245923	78.1834168434143	1343625.1160020975	69.72186732292175	1343339.6467051704	
61.460293769836426	1343240.3514111482	99.34198832511902	1342846.0048342347	100.75927805900574	1343472.3926990633	59.735193490982056	1334326.655515515	68.8655936717987	1343961.6860391316	101.35928058624268	1342720.4202662692	83.32665610313416	1343827.9273985599	74.06465554237366	1343866.574484867	78.19842600822449	1343634.2298692982	69.7349123954773	1343364.5540464811	
61.48862934112549	1343264.7584030563	99.36787414550781	1342871.1284310126	100.78771662712097	1343489.3337174957	59.75170350074768	1334329.780178206	68.88261079788208	1343982.8509364938	101.38358211517334	1342733.2836505014	83.35817670822144	1343831.2228067592	74.0918755531311	1343865.9793883131	78.21043419837952	1343634.2298692982	69.74841642379761	1343386.0666129836	
61.516408920288086	1343329.1689390813	99.39180302619934	1342860.0457729367	100.81519937515259	1343499.593721196	59.76489496231079	1334336.9414644395	68.90103816986084	1343985.0130451869	101.41017365455627	1342730.7570544612	83.38888359069824	1343825.517075543	74.11789035797119	1343875.0173836793	78.22393822669983	1343629.8735364494	69.76242566108704	1343372.6037138575	
61.54192781448364	1343311.8129814602	99.41582703590393	1342862.925992824	100.8396577835083	1343489.0653989562	59.778400897979736	1334358.7833208826	68.9165551662445	1343979.2379917917	101.43178868293762	1342738.7540721514	83.41940140724182	1343823.5793787942	74.14377450942993	1343890.93161388	78.23794674873352	1343613.8326150088	69.77716135978699	1343349.8028786879	
61.56794261932373	1343491.8408319433	99.439462184906	1342840.7907987598	100.86521053314209	1343505.0447940044	59.79512000083923	1334331.202571151	68.93207597732544	1343990.310827124	101.45607209205627	1342748.2107186408	83.44391512870789	1344138.9381047534	74.16788983345032	1343893.9443496224	78.25245118141174	1343621.7866560225	69.79117012023926	1343275.4235363444	
61.59973907470703	1343488.10255219	99.46711134910583	1342993.3590238325	100.89373540878296	1342633.021684138	59.80838871002197	1334362.5448730069	68.94958639144897	1344042.7831070353	101.47766613960266	1342744.654303174	83.47359848022461	1344137.0612613023	74.19615316390991	1343312.6872680997	78.26719832420349	1343635.9677336353	69.80429005622864	1343273.3659576036	
61.6274049282074	1343481.4583744498	99.49136900901794	1343010.250054528	100.91825652122498	1342670.712673789	59.82139253616333	1334355.2780416163	68.96560049057007	1344041.1663974924	101.50318002700806	1342682.3660585952	83.5001049041748	1344231.178272398	74.2226665019989	1343314.7374735328	78.2812066078186	1343622.6216048591	69.81829905509949	1343262.415542944	
61.652421951293945	1343479.8800983664	99.51543593406677	1343075.7180763523	100.94628357887268	1342671.8889167365	59.835405349731445	1334358.6950189339	68.98162388801575	1344052.9444449756	101.52725267410278	1342667.1560874772	83.53062176704407	1344233.2820939112	74.24688363075256	1343265.323791023	78.29436564445496	1343600.962188849	69.83305263519287	1343187.2828355823	
61.68018317222595	1343478.9676569253	99.53937101364136	1343076.1733711408	100.96901226043701	1342673.8831891618	59.85141372680664	1334460.2171667016	68.99664664268494	1344019.8474632264	101.55301570892334	1342642.4960194146	83.56015157699585	1344237.2336937648	74.27046322822571	1343269.8922736375	78.31087732315063	1343590.7469217714	69.84755611419678	1343108.4983969221	
61.70851969718933	1343482.9268258496	99.56454205513	1343089.5376641217	100.99402856826782	1342680.2268741596	59.867924213409424	1334476.7634025407	69.01037645339966	1344005.7131806652	101.5785539150238	1343077.6380230982	83.58417892456055	1344222.3331975993	74.29874396324158	1343266.2839078691	78.32338261604309	1343597.872053393	69.86156439781189	1343115.6460699646	
61.734814167022705	1343472.7975904814	99.59706473350525	1343093.3223343235	101.01819801330566	1342619.1850453378	59.88294744491577	1334476.771657053	69.02840042114258	1344009.8726920278	101.60359621047974	1343098.9813443865	83.6154854297638	1344219.454530498	74.32046365737915	1343177.9391535015	78.33649778366089	1343594.3591363013	69.8765823841095	1343183.3100671466	
61.7621214389801	1343466.9322513132	99.62410759925842	1343108.5773680634	101.04272294044495	1342450.3168569927	59.89745354652405	1334496.1734749244	69.04442167282104	1344028.7807838751	101.63742780685425	1343100.4424868696	83.64400720596313	1344225.1463185127	74.34507179260254	1343214.3643334855	78.35000729560852	1343575.4364743012	69.88975548744202	1343207.8581408134	
61.788654804229736	1343472.0145253583	99.64762377738953	1343110.8249761742	101.07046675682068	1342438.5670219462	59.91146445274353	1334506.5563528647	69.05943727493286	1344032.4610978083	101.6669499874115	1343103.2245572265	83.67119073867798	1344210.9109807056	74.36959290504456	1343201.0863498969	78.3655116558075	1343577.2937642785	69.90426230430603	1343035.1574164599	
61.816511154174805	1343483.9967780511	99.67214941978455	1343117.4878610934	101.09456515312195	1342652.3106140625	59.927141189575195	1334482.500862518	69.07620882987976	1344034.5735890057	101.69341969490051	1343119.987913497	83.69947290420532	1344232.3032521033	74.39343452453613	1343191.5211577455	78.3802490234375	1343591.2014326223	69.91776752471924	1343010.097572712	
61.84757161140442	1343460.5617328994	99.69669914245605	1343082.6841657488	101.1181857585907	1342645.1729214455	59.941656827926636	1334472.8540720993	69.09122562408447	1344018.2926220803	101.71567940711975	1343099.1504619354	83.73549795150757	1344231.1609064387	74.41744470596313	1343180.8553207803	78.39525580406189	1343633.3138313526	69.93077683448792	1343015.8815230047	
61.87374496459961	1343452.2000631674	99.71870732307434	1343091.1398044443	101.14370775222778	1342639.6813821841	59.95716881752014	1334465.8364734552	69.10573267936707	1344019.8988766742	101.74238324165344	1343109.7263502907	83.76453304290771	1344247.9207685315	74.4403886795044	1343143.6172287513	78.41026663780212	1343635.006442783	69.94428062438965	1343006.5531498436	
61.89702081680298	1343443.1207852156	99.74035215377808	1343083.4896858803	101.16848969459534	1342638.863813958	59.97617506980896	1334471.6659447667	69.12025475502014	1343856.8960947848	101.76890230178833	1343100.7763807832	83.79176783561707	1344224.974975362	74.46362495422363	1343174.1813113235	78.42434906959534	1343647.1911503917	69.95878648757935	1343002.643139497	
61.9254105091095	1343448.2065015852	99.76287913322449	1343149.8422458526	101.19650506973267	1342595.1174338683	59.99289059638977	1334506.6496320956	69.13576054573059	1343857.8782337029	101.7939178943634	1343109.9560338834	83.81929993629456	1344217.0392556824	74.48863410949707	1343175.6579441943	78.43688774108887	1343646.6558405438	69.9725399017334	1343020.5837770368	
61.95347023010254	1343469.8777418805	99.78791618347168	1343146.119313487	101.21875262260437	1342608.0899443906	60.01009821891785	1334514.3104181697	69.14977502822876	1343860.7303445311	101.82137823104858	1343660.234732221	83.84981369972229	1344215.8428239145	74.51172137260437	1343139.848768463	78.45139265060425	1343650.7726135133	69.9860451221466	1343059.7019518276	
61.984620094299316	1343462.9965443646	99.81143522262573	1343163.1885150634	101.24327874183655	1342532.9214187104	60.02611184120178	1334494.4504154352	69.16528558731079	1343887.7390160374	101.84690403938293	1343100.965620944	83.87407946586609	1344200.191394884	74.53573155403137	1343170.115040027	78.46640348434448	1343567.6594203357	69.9991204738617	1343064.5299618081	
62.01563286781311	1343437.5854197298	99.83875703811646	1343188.7459094354	101.26780033111572	1342585.1059530862	60.041627645492554	1334519.128587057	69.18129920959473	1343869.5499147538	101.87091517448425	1343114.9285587764	83.89197778701782	1344201.0169918642	74.56140899658203	1343139.834704987	78.4805474281311	1343566.3717624606	70.01233005523682	1343145.2992244042	
62.04133915901184	1343423.330754599	99.86431360244751	1343178.987430317	101.29582118988037	1342629.025458701	60.05714130401611	1334458.84062495	69.19680547714233	1343871.099789983	101.89725494384766	1343130.6874382254	83.90799164772034	1344215.0743315977	74.58457922935486	1343154.1786293283	78.49567985534668	1343571.2605159453	70.02783441543579	1343065.342843651	
62.070751667022705	1343227.460705372	99.88616991043091	1343170.5545560587	101.31943607330322	1342611.2219326354	60.072152853012085	1334464.4210040367	69.21283102035522	1343299.2667305646	101.92530059814453	1343649.4984708952	83.92640852928162	1344459.3844247551	74.61040163040161	1343130.017681869	78.50918459892273	1343568.336846207	70.04084324836731	1342412.2928926328	
62.093783378601074	1343225.2322230597	99.91616630554199	1343358.0411077628	101.34596228599548	1342599.6480334864	60.08966612815857	1334455.4455583228	69.22948622703552	1343282.1625291307	101.94781851768494	1343646.654365369	83.94442415237427	1344145.2833203804	74.63961744308472	1343130.1906036614	78.52322125434875	1343361.560202119	70.05416965484619	1342409.2506422163	
62.1206579208374	1343225.1592899105	99.94318461418152	1343357.3711736123	101.37324571609497	1342588.6598426912	60.10468530654907	1334435.792299542	69.24399662017822	1343280.4460628165	101.96883082389832	1343653.0465684754	83.95993685722351	1344112.8330658567	74.66475319862366	1343214.7772119269	78.53627228736877	1343366.282778474	70.06767463684082	1342422.037290639	
62.143877029418945	1343053.786445638	99.96623063087463	1343356.4805799066	101.39626097679138	1342602.6178100652	60.11969566345215	1334488.259664728	69.25951480865479	1343751.1345800662	101.99550986289978	1343049.7858083893	83.9774522781372	1344231.123460697	74.6912317276001	1343209.8338290493	78.55107975006104	1343391.3832377635	70.08218574523926	1342400.949590713	
62.16778564453125	1343059.9297805023	99.99347281455994	1343355.8009395555	101.42063641548157	1342612.0621110678	60.13788652420044	1334444.5738138459	69.27575373649597	1343860.9169252573	102.01853823661804	1343040.1973233307	83.99412655830383	1344230.3145972693	74.71457481384277	1343228.6958221812	78.56455945968628	1343386.6802222626	70.0946912765503	1342421.5799234563	
62.19200420379639	1343082.1869821448	100.01581931114197	1343522.9063502941	101.44478631019592	1342597.8058170038	60.15690612792969	1334453.3211067568	69.29076743125916	1343835.1203653293	102.03954911231995	1343040.8929367168	84.01069521903992	1344229.4746592203	74.73752188682556	1343261.1177549215	78.57841086387634	1343350.524543422	70.10774517059326	1342422.872246881	
62.217607736587524	1343102.1803391268	100.04126381874084	1343528.5013348435	101.46779489517212	1342604.6936589915	60.17393732070923	1334472.759266555	69.30827808380127	1343848.2123011032	102.06217551231384	1343054.928014314	84.02870631217957	1344231.5795077747	74.76215147972107	1343283.877219448	78.593022108078	1343336.8271416652	70.12175464630127	1342641.2866306417	
62.244481801986694	1343103.2680022619	100.06729650497437	1343504.576579944	101.49331974983215	1342610.770934336	60.18794655799866	1334500.3352976236	69.32647776603699	1343810.686304733	102.0873453617096	1343087.3108365217	84.04371476173401	1344219.1899019983	74.79044842720032	1343333.3003013337	78.60729885101318	1343210.8810825632	70.135258436203	1342636.7091650697	
62.26849913597107	1343120.1275681737	100.09019613265991	1343511.0581198048	101.51791453361511	1342608.725608455	60.20247220993042	1334502.3035124368	69.34310293197632	1343808.1213259115	102.1153826713562	1343082.0435714151	84.05872893333435	1344219.8353916411	74.81340622901917	1343398.959608534	78.62132740020752	1343210.2573583883	70.14876294136047	1342628.949050502	
62.2936327457428	1343082.3477559125	100.11717057228088	1343500.0055698005	101.54394388198853	1342655.8847192286	60.2199764251709	1334590.786119545	69.35996508598328	1343877.7889002354	102.14053893089294	1343089.8453597398	84.07440328598022	1344111.5894290246	74.83641600608826	1343386.335655108	78.63522839546204	1343206.8404450666	70.1624526977539	1342584.7937097084	
62.31682085990906	1343089.1429302387	100.14118385314941	1343539.213567769	101.56817841529846	1342642.8898933947	60.238495111465454	1334612.1803032602	69.3777129650116	1343880.6789812795	102.16305613517761	1343101.5572736354	84.08913230895996	1344114.2006810387	74.8583927154541	1343411.5992191045	78.64723753929138	1343207.8262310175	70.17412567138672	1342586.257930966	
62.340545892715454	1343105.8398005434	100.16983962059021	1343539.7015088683	101.59319806098938	1342652.5560722023	60.25351119041443	1333894.930042239	69.39431738853455	1343932.9374033872	102.18757796287537	1343107.0954476977	84.10314273834229	1344116.6050670345	74.88304781913757	1343385.4652496057	78.66274166107178	1343213.9916182298	70.18736147880554	1342588.6661161592	
62.365612745285034	1343103.8439653688	100.1933605670929	1343371.909392617	101.6197190284729	1342658.2859745896	60.269177198410034	1333897.730833803	69.41129040718079	1343932.9375919118	102.21271347999573	1343043.0562821084	84.11765122413635	1344116.167461129	74.9106695652008	1343359.6990574526	78.67575073242188	1343409.7123536149	70.20097136497498	1342592.147889931	
62.38669204711914	1343103.9012687537	100.22062492370605	1343356.9515517347	101.66001915931702	1342913.5727141425	60.28472352027893	1333900.6103032813	69.42834162712097	1343586.7571243441	102.23445725440979	1343061.961443138	84.13367581367493	1344121.440553216	74.9396800994873	1343374.2984906964	78.69057512283325	1343771.5197341684	70.21470737457275	1342595.387724315	
62.41319918632507	1343146.348555189	100.24310445785522	1343356.9577647832	101.68303918838501	1342929.2738718207	60.301234006881714	1334612.2951166898	69.44335699081421	1343560.863276728	102.25748896598816	1343056.1582444191	84.14918279647827	1344056.4660590612	74.96536254882812	1343381.5717073353	78.70550727844238	1343790.274995035	70.22821140289307	1343403.3236097912	
62.43856644630432	1343150.7602204066	100.27148818969727	1343358.3027286013	101.71056151390076	1342914.3766891118	60.31675457954407	1334613.2991739768	69.45738363265991	1343566.6771241222	102.2812032699585	1343062.2803355297	84.16569542884827	1344057.4554547786	74.98955607414246	1343375.9375164588	78.72005677223206	1343820.4573190717	70.24222087860107	1343145.858469556	
62.46365189552307	1343157.5388399253	100.30320596694946	1343337.4248458508	101.73608160018921	1342910.116575157	60.3315794467926	1334606.2773615317	69.4721314907074	1343564.5474561097	102.3072144985199	1343057.7616334287	84.17920160293579	1344043.9573320944	75.0184154510498	1343376.7365473565	78.73256254196167	1343896.859802762	70.2537271976471	1343154.9358952898	
62.4853298664093	1343167.1168422266	100.3286406993866	1343353.7557885468	101.76681709289551	1342853.4147857206	60.349459171295166	1334619.9296864315	69.48763871192932	1343547.8868083786	102.33138227462769	1343044.365711001	84.19321537017822	1344042.6902438398	75.04320502281189	1343383.526594861	78.74789810180664	1343894.247283702	70.26775527000427	1343157.3724662303	
62.513792514801025	1343163.8963437844	100.35377764701843	1343433.02457129	101.79633927345276	1342837.5275891817	60.364959716796875	1334618.6812291315	69.50616431236267	1343527.2519634026	102.358163356781	1342999.200899563	84.20794343948364	1344079.5676993586	75.0679075717926	1343378.0939927397	78.76093912124634	1343890.510893925	70.28126668930054	1343139.1382388044	
62.53850340843201	1343142.5508481236	100.37862348556519	1343433.599422859	101.82586550712585	1342834.8970193563	60.38222360610962	1334609.9871569984	69.52144074440002	1343526.8937767998	102.38217449188232	1343011.662609557	84.22352242469788	1344088.6920965016	75.09378695487976	1343416.583312239	78.77594900131226	1343903.299770445	70.29477214813232	1343142.4875691903	
62.56076645851135	1343150.2827098768	100.41539025306702	1343421.4721022926	101.84989714622498	1342845.4206662572	60.39686989784241	1334587.500348589	69.54248428344727	1343513.3103299306	102.40853762626648	1343440.7630956806	84.23741555213928	1344072.7502159616	75.1238899230957	1343428.5856722207	78.78945589065552	1343904.8016374484	70.30822515487671	1343153.4806597924	
62.586501121520996	1343032.4950275056	100.44369769096375	1343432.6223294558	101.87856531143188	1342823.3537411522	60.4119176864624	1334690.312284985	69.55950808525085	1343519.8150099765	102.43355226516724	1343423.9279999349	84.25171494483948	1344039.9363926912	75.15190529823303	1343427.0396225376	78.80348801612854	1343903.2868301827	70.32223415374756	1343093.9131468958	
62.61055541038513	1343072.6429865544	100.47228717803955	1343445.8574192342	101.90457940101624	1342804.1788950781	60.42614197731018	1334725.7033252418	69.57703995704651	1343548.891190949	102.45808148384094	1343425.6846215432	84.26685976982117	1344137.5804529556	75.17969298362732	1343435.7907736336	78.81656908988953	1343905.4358197763	70.3367383480072	1343097.592762207	
62.63448667526245	1343022.8531775575	100.50204229354858	1343426.5917718501	101.93161010742188	1342810.8300950627	60.44166135787964	1334740.6884710172	69.59365940093994	1343551.3904078046	102.48258924484253	1343408.181618102	84.28037166595459	1344140.8365333653	75.20471096038818	1343449.5348121128	78.82961916923523	1343901.214434383	70.3517472743988	1343406.5906997742	
62.660664796829224	1343019.2995482	100.528555393219	1343387.7885259849	101.96160340309143	1342818.8503823748	60.456753730773926	1334740.9181377767	69.61067652702332	1343589.22733892	102.51335453987122	1343434.4430319092	84.29494452476501	1344108.573238331	75.23079323768616	1343442.2218044894	78.84515380859375	1343521.5049079896	70.36475467681885	1343408.0320138556	
62.68528699874878	1343353.3676154998	100.55057072639465	1343384.8029243443	101.98601984977722	1342813.389108337	60.47215986251831	1334759.2401802994	69.62919163703918	1343603.6609248943	102.53810405731201	1343433.7377635944	84.30744886398315	1344134.0682504538	75.25574374198914	1343452.2410935704	78.86066317558289	1343490.3251238668	70.37843155860901	1343414.1171505128	
62.70988392829895	1343365.1277494929	100.57303261756897	1343362.4236753755	102.01273989677429	1342971.8959522124	60.48588514328003	1334741.8321561096	69.64587044715881	1343608.8536266931	102.56440615653992	1343431.9216513778	84.3219542503357	1343752.7243947305	75.28165221214294	1343452.5516401883	78.87416577339172	1343455.8738064766	70.39380550384521	1343179.6855333298	
62.736414432525635	1343363.9999958598	100.61766314506531	1343342.4594702674	102.03781747817993	1342973.5041366792	60.50066328048706	1334717.1787738402	69.66474533081055	1343605.2282874184	102.59122085571289	1343473.8269469675	84.33496499061584	1343752.7660391037	75.30585598945618	1343441.9830581725	78.88919520378113	1343513.417978354	70.40793967247009	1343184.3323331547	
62.7636194229126	1343031.4680561682	100.64487648010254	1343307.2662580695	102.06444907188416	1342950.9438603963	60.51639986038208	1334748.7417592471	69.6828842163086	1343588.0449334919	102.61414861679077	1343500.3527619669	84.34946799278259	1343783.4969829922	75.3291847705841	1343437.4047478682	78.90455913543701	1343519.8067274133	70.42165780067444	1343194.0771605202	
62.78949308395386	1343016.0009667443	100.6684045791626	1343323.9052865629	102.08968472480774	1342950.0673020717	60.533103704452515	1335304.2023462642	69.70631742477417	1344073.6938392345	102.63669300079346	1343500.4202559774	84.36347675323486	1343786.5030167652	75.35688042640686	1343430.747031435	78.91907048225403	1343538.8758446213	70.43468642234802	1343199.623663805	
62.81586480140686	1343018.6782161524	100.70127844810486	1343362.2054782347	102.11658239364624	1342930.4851057983	60.54887938499451	1335421.1414000527	69.72325611114502	1343651.1400748272	102.66257214546204	1343063.8763978	84.37648558616638	1343792.890705076	75.38221502304077	1343428.3887494828	78.93257570266724	1343508.2114849603	70.44973683357239	1343174.432950838	
62.84464478492737	1343017.838631933	100.72841954231262	1343350.3753935166	102.14277625083923	1342934.4646784998	60.56394863128662	1335343.4117100304	69.7391471862793	1343709.7543700275	102.68809747695923	1343074.8350316382	84.3914954662323	1343788.2001455056	75.40644860267639	1343447.7360212186	78.9455816745758	1343503.5044803498	70.46341037750244	1343098.4137740955	
62.86671304702759	1342993.426932245	100.75144481658936	1343325.414868029	102.1710889339447	1342940.9331648985	60.579524993896484	1335362.2282562256	69.76001238822937	1343719.6924553646	102.71241116523743	1343093.925633448	84.40665364265442	1343423.8021460786	75.43061208724976	1343457.3131977136	78.95930647850037	1343381.6655669145	70.4764199256897	1343107.5363955738	
62.89266800880432	1342980.7810932763	100.7766478061676	1343377.68479141	102.20061135292053	1342923.4015183293	60.59558176994324	1335348.7189100906	69.77999258041382	1343718.8254582563	102.7378556728363	1343087.604232447	84.42143416404724	1343428.5243037932	75.45963788032532	1343445.880574161	78.97244763374329	1343405.2904735024	70.48892426490784	1343100.2857823365	
62.91935706138611	1342993.0961663832	100.79966640472412	1343379.73390773	102.22635626792908	1342928.7756057505	60.61257314682007	1335493.5819154729	69.79923558235168	1343736.2953393508	102.76063275337219	1343071.2986611067	84.43644332885742	1343422.9519104343	75.48585653305054	1343440.098699151	78.98745727539062	1343414.5930694726	70.50062084197998	1343101.9316261031	
62.943475008010864	1342985.4911010102	100.82369685173035	1342770.8979104126	102.25387763977051	1342944.4768099783	60.629952907562256	1335560.8748408314	69.81317377090454	1343719.6218668348	102.78214430809021	1343066.9852539252	84.45194935798645	1343846.1093533516	75.51084733009338	1343432.0613907124	79.00096130371094	1343419.262743639	70.51312446594238	1343104.7810882682	
62.96858620643616	1342980.284501939	100.84603953361511	1342499.5580531142	102.28113055229187	1342962.3842137917	60.64668393135071	1335582.4054487087	69.82702684402466	1343724.2503812402	102.80534243583679	1343078.1304267435	84.46550178527832	1343819.093605371	75.5374801158905	1343459.3029956874	79.01392102241516	1343322.892951432	70.52662920951843	1343112.9596016791	
62.993605613708496	1342984.6427723933	100.87035751342773	1342451.318808222	102.30869197845459	1342969.760262613	60.66254901885986	1335455.3844213255	69.84185552597046	1343727.8782004805	102.8305172920227	1343045.491704466	84.48026823997498	1343807.5540401826	75.56064295768738	1343445.9513724318	79.02792954444885	1343344.0704382188	70.54063749313354	1343041.5283386668	
63.01780819892883	1342999.1881230748	100.89366793632507	1342473.3582489153	102.33621406555176	1342965.089679389	60.67848753929138	1335457.0094289063	69.85719680786133	1343738.9043548626	102.85757660865784	1343065.3200997915	84.49425530433655	1343831.5820093916	75.58439922332764	1343460.292972924	79.04143571853638	1343354.9283435957	70.55481600761414	1343039.898775783	
63.0454261302948	1342995.6206862074	100.91821622848511	1342477.9966693919	102.36560273170471	1342956.3189914532	60.6968514919281	1335446.3291903487	69.87156009674072	1343747.6643341407	102.88306736946106	1343543.8036175545	84.51283860206604	1343823.9887289908	75.60840964317322	1343479.4397348426	79.05644416809082	1343402.1331580062	70.56848049163818	1343040.0028569163	
63.06955170631409	1342995.0809047692	100.9412431716919	1342483.321150485	102.39247870445251	1343003.2710504392	60.712162256240845	1335451.0451908915	69.88531374931335	1343734.936744004	102.9081609249115	1343553.4281755567	84.53485321998596	1343811.6589337154	75.63283777236938	1343317.972889446	79.06994819641113	1343364.942619149	70.5819935798645	1343047.4674101342	
63.09188628196716	1342996.6105691134	100.96733546257019	1343693.6198765256	102.41876244544983	1343002.4629816061	60.7279486656189	1334883.2925603068	69.90023589134216	1343740.3717610254	102.93318963050842	1343543.2164920021	84.55786609649658	1343810.019827105	75.66334438323975	1343389.968302128	79.08445477485657	1343339.826015955	70.59649682044983	1343019.29315844	
63.1175103187561	1342996.1043881983	100.99135565757751	1343686.0495032738	102.4422881603241	1343048.4700579988	60.745166301727295	1334902.082467634	69.9156973361969	1343746.1078972218	102.95793461799622	1343554.9880477998	84.58037877082825	1343821.3102587226	75.68792176246643	1343370.8121959653	79.09673881530762	1343353.8840625773	70.60900354385376	1343064.183051873	
63.14239740371704	1343001.7691444713	101.0163938999176	1343667.058931949	102.46880865097046	1343049.1541657078	60.7631561756134	1334882.0410786641	69.93048787117004	1343750.8167533576	102.98045492172241	1343066.8502090126	84.6035680770874	1343818.5220256771	75.7145254611969	1343398.8897352715	79.11075353622437	1343293.754966246	70.62235426902771	1343080.471184976	
63.166460275650024	1342993.8186566401	101.037282705307	1343677.927726579	102.4948239326477	1343050.382200136	60.78099012374878	1334847.5326108441	69.9471321105957	1343748.317654885	103.0037910938263	1343068.6865861616	84.62357759475708	1343711.2103497074	75.74226665496826	1343427.5695975788	79.12526369094849	1343281.295173186	70.63585901260376	1343082.6849977518	
63.18966627120972	1343305.61563471	101.06130170822144	1343677.1622692535	102.52835536003113	1343040.0327100104	60.798569202423096	1335316.2007221312	69.96320366859436	1343737.0507611812	103.02745294570923	1343030.5086260235	84.64108443260193	1343654.2328250345	75.76678252220154	1343433.098107461	79.1388807296753	1343229.5229841513	70.64836311340332	1343090.9701284422	
63.21569561958313	1342969.2624561437	101.08531022071838	1343680.522299181	102.56085205078125	1343058.642868905	60.81619095802307	1335288.1284272615	69.97739505767822	1343764.2812136852	103.05219030380249	1343078.2998457775	84.65809607505798	1343658.8729988586	75.79845476150513	1343422.3449425816	79.15389013290405	1343233.2951794285	70.66337442398071	1343084.8764570274	
63.237457275390625	1342985.405873052	101.1089859008789	1343698.8970452899	102.58817386627197	1343034.14041388	60.83224177360535	1335304.587578584	69.99265813827515	1343843.9433160434	103.07859110832214	1343065.1398551227	84.67333889007568	1343671.3294737346	75.82111430168152	1343384.4155406153	79.16748332977295	1343232.6610983615	70.67738270759583	1343087.1281808992	
63.25965738296509	1342986.7569885757	101.13303875923157	1343460.5790153441	102.61901879310608	1343039.002745528	60.84786534309387	1335218.2486632222	70.00764679908752	1343798.9008673928	103.1044933795929	1343050.8742486425	84.68863916397095	1343671.236005595	75.84714484214783	1343389.4175772048	79.18198776245117	1343227.1411101772	70.69039154052734	1343091.5007003245	
63.283689737319946	1342971.4083820232	101.15405249595642	1343469.5421868365	102.64764332771301	1343009.0327312923	60.864330530166626	1335200.397459665	70.0221860408783	1343578.4792214348	103.1335825920105	1343040.85667606	84.70649099349976	1343718.833001319	75.8714063167572	1343394.98986916	79.19549202919006	1343236.853973235	70.7048978805542	1343091.8682854145	
63.30953359603882	1342971.3625095068	101.17806434631348	1343471.7808607616	102.67337846755981	1343008.2168410737	60.87907862663269	1335201.9895258492	70.03615999221802	1343561.7978100097	103.15963387489319	1343041.568262282	84.72408843040466	1343673.5830653228	75.89722990989685	1343330.6062783676	79.21025705337524	1343241.7383675328	70.7184009552002	1343103.007685425	
63.33594083786011	1342979.5565004193	101.20107460021973	1343438.727150817	102.6966187953949	1343008.0501874855	60.89563012123108	1334827.8628853865	70.05196452140808	1343581.3974740747	103.18616557121277	1343036.7184933096	84.74809741973877	1343675.6267941936	75.9227442741394	1343350.6583045844	79.2227668762207	1343226.2735224077	70.73440980911255	1343108.1923227317	
63.35958504676819	1342990.9229935466	101.22881746292114	1343444.0200145273	102.71676468849182	1343012.3208900336	60.910998821258545	1334843.8906077754	70.06666421890259	1343550.312310785	103.21259713172913	1343005.9393031367	84.76410722732544	1343676.7702351112	75.95548224449158	1343374.8964936847	79.23651003837585	1343211.0292164953	70.74991512298584	1343094.6842535494	
63.38711428642273	1342984.5041299856	101.25183939933777	1343445.909369293	102.74569416046143	1343012.0156543562	60.92594003677368	1334827.9221779434	70.08144402503967	1343543.460001955	103.23777914047241	1343004.0954195766	84.78211712837219	1343783.6353590766	75.98550415039062	1343528.191896082	79.25055146217346	1343229.2577962333	70.76374006271362	1343097.2615249993	
63.41383695602417	1342941.062791578	101.27652168273926	1343408.1374546667	102.78004264831543	1343043.0243484392	60.94228792190552	1334829.0447577513	70.09607982635498	1343539.673631446	103.26404428482056	1343008.6772968548	84.80084347724915	1343782.7819494836	76.00978493690491	1343594.4109869227	79.26555824279785	1343231.403584732	70.77863693237305	1343101.814288617	
63.439417600631714	1342936.3064305629	101.30070519447327	1343403.8458066862	102.80656433105469	1343021.8391534362	60.95710754394531	1334828.610376161	70.11115407943726	1343551.656753087	103.29176926612854	1342974.291225716	84.8168556690216	1343785.13889863	76.03358268737793	1343596.006069331	79.27806544303894	1343243.9170065422	70.79264497756958	1343095.8197276292	
63.466428995132446	1342929.922758879	101.32443451881409	1343464.6776560957	102.83160161972046	1343011.1000483222	60.97167372703552	1334857.6880882536	70.12428259849548	1343543.1333981194	103.31530404090881	1342984.8784165613	84.83486437797546	1343820.2299147067	76.05982255935669	1343604.4670910055	79.29216384887695	1343223.3405768296	70.80651569366455	1343060.837352641	
63.491883516311646	1342927.659441699	101.34503269195557	1343737.0145362595	102.85840201377869	1343010.5299925483	60.98745608329773	1334859.206392726	70.13914489746094	1343542.607016215	103.33813762664795	1343011.9696940808	84.8503692150116	1343802.2811689763	76.08596658706665	1343699.2566125419	79.30594682693481	1343171.8589188876	70.82165169715881	1343112.6843044444	
63.51855707168579	1342934.8508575803	101.36804366111755	1343733.4687752014	102.88543748855591	1343003.290321779	61.00216269493103	1334849.6945774078	70.15486478805542	1343544.188167974	103.3644552230835	1343013.5664541814	84.86688685417175	1343808.2722730276	76.11248421669006	1343718.1927826358	79.32095527648926	1343188.9823184076	70.83515667915344	1343116.2772638306	
63.54257106781006	1342762.3669450292	101.39150381088257	1343756.6596378589	102.91448640823364	1343014.9995741362	61.01606607437134	1334836.6894181157	70.17148852348328	1343551.704877961	103.38708162307739	1343320.4791315203	84.8830726146698	1343821.3594579957	76.13880944252014	1343698.5235135118	79.33446049690247	1343372.3568179645	70.85016250610352	1343108.0834756573	
63.57143950462341	1342752.7625411772	101.41611528396606	1343753.2619503983	102.93902134895325	1343012.750823791	61.02940773963928	1334828.1214487944	70.18645572662354	1343538.8403419002	103.41419291496277	1343301.116291271	84.90151143074036	1343815.048052123	76.16390180587769	1343706.5506661409	79.34897589683533	1343358.6290891673	70.86366891860962	1343068.8600642409	
63.59853768348694	1342741.5177057495	101.44397020339966	1343766.6989694047	102.96180629730225	1343161.340775134	61.04423952102661	1334843.591677254	70.20146775245667	1343921.9120730734	103.44370794296265	1343287.2746793586	84.91652154922485	1343819.5725512828	76.18540954589844	1343716.2560971712	79.36325240135193	1343372.9363497961	70.87867879867554	1343069.0334267574	
63.62370705604553	1342748.0484879876	101.47084879875183	1343803.6044725806	102.98750638961792	1342881.7303083395	61.05912804603577	1334870.8141966108	70.21532154083252	1343756.6247728583	103.46910834312439	1343253.8033012617	84.93353009223938	1343822.802734297	76.20963883399963	1343438.8795488302	79.3765230178833	1343375.3385083228	70.89268755912781	1343076.7164226698	
63.648964166641235	1342736.3238003838	101.4951708316803	1343812.2319477377	103.01083064079285	1342885.6318041596	61.07363414764404	1335216.2694862892	70.22913599014282	1344174.850208507	103.49413466453552	1343235.6154791126	84.95216822624207	1343735.4490214703	76.23217868804932	1343456.596348877	79.39102745056152	1343366.7541181701	70.9061918258667	1343080.413932051	
63.67349457740784	1342754.8672102585	101.51823377609253	1343804.7889133065	103.04107737541199	1342885.278225499	61.08711361885071	1335177.366533557	70.24364447593689	1344172.6822887438	103.52066397666931	1343272.6354762188	84.96814179420471	1343719.5786130785	76.2562563419342	1343450.0837925803	79.40603518486023	1343336.588352149	70.92020034790039	1343088.533384788	
63.699422121047974	1342750.7913834625	101.54496788978577	1343801.108662965	103.06609320640564	1342873.6377638653	61.102131605148315	1334886.2343801626	70.25757217407227	1344199.2237527533	103.54626083374023	1342960.4704848654	84.98209381103516	1343722.0396446919	76.28655529022217	1343426.98932026	79.42116355895996	1343372.5179490736	70.9347083568573	1343390.4365989692	
63.72502040863037	1342748.0156093182	101.56930327415466	1343798.305790165	103.09161877632141	1342891.9889915148	61.114837884902954	1334857.4867134867	70.27187752723694	1344215.9091334888	103.5703375339508	1342947.197502198	84.99833416938782	1343729.591408951	76.3071517944336	1343429.8074532792	79.43617105484009	1343416.4874928908	70.95120525360107	1343403.4299277668	
63.751458406448364	1342738.1292175322	101.59398460388184	1343792.737934667	103.12126898765564	1342899.1111879246	61.12970805168152	1334869.5767043987	70.28780508041382	1344214.312785545	103.5995020866394	1342949.3536521036	85.0153443813324	1343728.9329443732	76.33879375457764	1343701.9459148725	79.45017719268799	1343450.6664964175	70.96764254570007	1343276.1924058918	
63.77555584907532	1342743.2662484765	101.62320017814636	1343443.1873546597	103.15380549430847	1342895.6110549108	61.145246267318726	1334891.3473979752	70.30229759216309	1344200.2539140848	103.62210702896118	1342918.7919961126	85.0323600769043	1343724.8146227768	76.3724217414856	1343687.780236172	79.46468162536621	1343444.966643138	70.98177671432495	1343269.69695423	
63.7998583316803	1342727.5268946034	101.64704394340515	1343448.904612318	103.17810797691345	1342897.162048228	61.1597261428833	1334828.7529747696	70.31649494171143	1344202.9764853246	103.64642858505249	1342917.0695883662	85.0483705997467	1343722.7833864903	76.39987516403198	1343687.802495612	79.47969198226929	1343462.0788794884	70.99570679664612	1343368.8736453885	
63.826120138168335	1342727.8350377092	101.6708734035492	1343453.5984586137	103.20312905311584	1342896.474789968	61.176650047302246	1334831.175787868	70.33129644393921	1344194.8713022918	103.67108345031738	1342889.4552433626	85.06625962257385	1343709.6898588059	76.42849349975586	1343710.2468739187	79.49469876289368	1343451.903815085	71.01134586334229	1343349.6791156563	
63.85088872909546	1342736.6002600472	101.69199919700623	1343455.2909511244	103.23042941093445	1343076.556924192	61.1912579536438	1334800.7437516428	70.34467720985413	1343185.4372064094	103.69389772415161	1342892.6224997304	85.08205819129944	1343714.5267806833	76.4597237110138	1344138.6656678992	79.50884914398193	1343462.0644991025	71.0242567062378	1343316.488830407	
63.87651705741882	1342765.5275578278	101.71551442146301	1343457.7679131743	103.25544309616089	1343097.1725852673	61.2087767124176	1334792.4219622721	70.35858869552612	1343237.5039161376	103.71993136405945	1342997.3532772355	85.10307455062866	1343813.8677511923	76.48643946647644	1344139.0359127463	79.52335357666016	1343470.5659174689	71.04026460647583	1343319.177128007	
63.903860092163086	1342742.2912582085	101.73752474784851	1343452.567529799	103.2869644165039	1343099.5511067654	61.22146725654602	1334778.804723436	70.37265634536743	1343231.7628069308	103.74405217170715	1343016.0062969718	85.12055230140686	1343806.8252352	76.52113628387451	1344090.6446003818	79.53736782073975	1343260.7599552427	71.05377316474915	1343324.3239435467	
63.93081498146057	1342806.843851783	101.76601314544678	1343505.2349236696	103.31548738479614	1343066.2027564277	61.23389029502869	1334781.549047132	70.38618087768555	1343232.9020083188	103.76812601089478	1343015.1549708454	85.13656377792358	1343808.1017983134	76.55492353439331	1344102.1749022526	79.55041170120239	1343260.867710372	71.06727766990662	1343318.4825614165	
63.95761060714722	1342805.1384826999	101.7920274734497	1343481.7712960683	103.34202265739441	1343106.6697230525	61.24745011329651	1334790.5708108891	70.40027689933777	1343184.6007901335	103.79113912582397	1343043.8694424354	85.15206909179688	1343838.0589872934	76.60268688201904	1344096.5106035194	79.56650805473328	1343262.1924247015	71.08079051971436	1343306.926267855	
63.98291635513306	1342817.576683012	101.81693696975708	1343450.2804146907	103.37079071998596	1343076.2871299854	61.261887311935425	1334796.62270984	70.41607069969177	1343202.823014301	103.81397342681885	1343040.2602715695	85.16858434677124	1343838.7356392366	76.6387152671814	1344495.1713993873	79.58101320266724	1343267.3910408663	71.09729480743408	1343331.0077391553	
64.0118989944458	1342764.681589566	101.84745693206787	1343458.2413945384	103.40231084823608	1343104.7500060084	61.27739381790161	1334954.1499014369	70.43203163146973	1343203.998129945	103.84045791625977	1343041.7226586035	85.18509864807129	1343864.9646892431	76.66630959510803	1344495.2521119441	79.59602093696594	1343238.970727692	71.11187243461609	1343368.4953692942	
64.04060387611389	1342775.718162484	101.87600302696228	1343442.5548678876	103.42886018753052	1343146.3402210576	61.292213678359985	1335054.2062357345	70.4466700553894	1343217.1836200764	103.86547231674194	1343032.5827800462	85.20126938819885	1343864.7838604506	76.69704675674438	1344521.3410108704	79.61003136634827	1343250.7202916837	71.12591767311096	1343374.903824953	
64.06762552261353	1342794.5447307269	101.90129590034485	1343445.2029938994	103.46301293373108	1343181.5742847237	61.3076753616333	1335065.6227265883	70.4608256816864	1342581.3265851748	103.89251589775085	1342999.6430307175	85.2162766456604	1343824.0649126954	76.73088502883911	1344260.4387757266	79.62353587150574	1343269.1423422545	71.14043021202087	1343409.0562650668	
64.09276962280273	1342784.6773169257	101.92533326148987	1343442.7946786678	103.49053907394409	1343209.2832856935	61.321924924850464	1336029.7865227452	70.47282886505127	1342600.9266027135	103.91895294189453	1342956.5994006011	85.23428630828857	1343773.790734629	76.76172518730164	1344251.0128665103	79.63681554794312	1343276.626812142	71.15393829345703	1343419.3790991555	
64.11982107162476	1342794.0678513132	101.94995951652527	1343419.8242581491	103.5155873298645	1343292.3451394287	61.33762884140015	1336036.7976172229	70.48809146881104	1342590.5294923447	103.94649887084961	1342994.526912819	85.25131177902222	1343843.513395195	76.79601693153381	1344506.3203842877	79.64967656135559	1343283.1361749705	71.16894674301147	1343486.1151037305	
64.14407300949097	1342806.6333276238	101.97510242462158	1343424.8986103798	103.54471278190613	1343285.2513729902	61.35269355773926	1336066.784281569	70.50194668769836	1342585.5260663012	103.97199821472168	1343004.8061699928	85.26482844352722	1343885.45400656	76.82504963874817	1344492.8868472248	79.66370224952698	1343256.1591860831	71.18310642242432	1343451.709009283	
64.17112493515015	1342797.8613200632	101.99911975860596	1343410.0628282835	103.57243394851685	1343189.7348235259	61.3684720993042	1336107.075481123	70.51680731773376	1342587.7568896937	103.9982168674469	1343104.943960122	85.27955102920532	1344058.230762614	76.85457348823547	1344465.1426275866	79.67971181869507	1343310.5035593177	71.1982696056366	1342869.8300098432	
64.19765019416809	1342798.6946979505	102.02281975746155	1343415.6311918509	103.60195755958557	1343194.0153504496	61.383342027664185	1336091.5666479606	70.53114771842957	1342600.3003830297	104.02150511741638	1343045.6982352512	85.29626035690308	1344059.0752611766	76.88629531860352	1344122.2837388013	79.69240641593933	1343258.387026092	71.2142813205719	1342883.685383258	
64.2315514087677	1342780.952817165	102.04676556587219	1343425.5799819408	103.6346218585968	1343216.77120288	61.398348569869995	1336092.8787461848	70.54510354995728	1342602.744734484	104.0455162525177	1343078.5286925156	85.31143045425415	1344060.9450435215	76.92161130905151	1343604.6272354112	79.70670247077942	1343247.4544239652	71.22743487358093	1342902.749245589	
64.26572036743164	1342777.744148057	102.07278370857239	1343441.796098833	103.66465139389038	1343221.0714973996	61.413068532943726	1336094.1616055432	70.56052255630493	1342606.4831826745	104.0706524848938	1343077.9130582998	85.32744026184082	1344083.1260424561	76.95463037490845	1343404.7054551486	79.72071242332458	1343241.0467449867	71.24148297309875	1342897.7211064885	
64.29726982116699	1342763.8668838532	102.0977737903595	1343526.2213608755	103.69017457962036	1343222.131885725	61.42867946624756	1336197.9628850287	70.57447791099548	1342557.5971290627	104.09330248832703	1343090.5956189453	85.34413647651672	1344089.9807027867	76.98515605926514	1343465.4137765318	79.73571920394897	1343250.7697716798	71.25463461875916	1342906.3486993292	
64.32750487327576	1342770.9892742578	102.12295746803284	1343513.0410257082	103.71318936347961	1343240.6034247156	61.44407677650452	1336202.9992763824	70.58805513381958	1342550.376609171	104.11977624893188	1343066.9961809982	85.36164236068726	1343914.2559407048	77.01607728004456	1343711.4449220425	79.74923205375671	1343257.6362621489	71.2681393623352	1342920.3475032516	
64.3556535243988	1342754.3922979098	102.15115451812744	1343531.4946913577	103.73921728134155	1343051.3226733769	61.458476543426514	1336240.0169609669	70.60232949256897	1342552.4880226993	104.14301204681396	1343074.0538122044	85.37715792655945	1343880.0259954457	77.04736495018005	1343704.1170001992	79.76260328292847	1343257.7448769277	71.28365087509155	1342897.2783464256	
64.38863062858582	1342870.8123068048	102.17442059516907	1343519.1185309086	103.76544952392578	1343049.742306757	61.47482705116272	1336182.8055605881	70.61573243141174	1342537.7508259425	104.16367077827454	1343071.4606093073	85.39166760444641	1343879.193762643	77.07607960700989	1343703.3696920557	79.77711772918701	1343265.6134272367	71.29815697669983	1342896.3123955382	
64.41691541671753	1342870.9908377032	102.20043396949768	1343551.4388157914	103.79497766494751	1343086.8484493152	61.490662813186646	1336196.1017486374	70.63088965415955	1342545.8378018907	104.19180607795715	1343079.9924288676	85.40936255455017	1343878.5154780028	77.10159683227539	1343550.1854304583	79.7911422252655	1343216.5117337697	71.31017136573792	1342899.9414774326	
64.44364190101624	1342879.4258523756	102.23070120811462	1343594.5743394983	103.82529020309448	1343081.3256437057	61.507521867752075	1336120.0200802886	70.64368438720703	1342545.2041539282	104.21711349487305	1343339.3801350761	85.42724514007568	1343888.3234332006	77.12465977668762	1343553.1105663544	79.80471873283386	1343210.1325989924	71.32507371902466	1342926.3037894007	
64.47176694869995	1342882.2587407776	102.25572371482849	1343605.4184068532	103.85250425338745	1343100.6368311092	61.52210211753845	1336018.4888058724	70.65776062011719	1342545.0575924362	104.23881506919861	1343338.2021686654	85.44625568389893	1343879.483874924	77.14938569068909	1343559.2935941648	79.8192789554596	1343214.8282509276	71.33816719055176	1342981.719283138	
64.50184369087219	1342387.6360779128	102.2807366847992	1343588.979322333	103.87902665138245	1343088.9276075705	61.53670072555542	1336016.0949625878	70.67063522338867	1342530.6567373013	104.2651002407074	1343224.235896202	85.46226620674133	1343883.4356999728	77.17487859725952	1343491.3507037829	79.83250761032104	1343256.348028214	71.35317659378052	1342986.4933453416	
64.53215456008911	1342374.3200687226	102.30812311172485	1343585.743226531	103.90204429626465	1343094.8212666868	61.55396223068237	1336104.1525650301	70.68369698524475	1342555.2319492088	104.29011249542236	1343354.1680645298	85.4779908657074	1343892.761785424	77.19786739349365	1343494.7881735847	79.84651780128479	1343244.5946876688	71.36518597602844	1342988.7740376522	
64.5586314201355	1342352.1977740717	102.33213639259338	1343593.9374333944	103.93107175827026	1343087.2719758465	61.56754398345947	1336099.1391012364	70.69885206222534	1342169.3549072992	104.31312322616577	1343355.487864577	85.49475193023682	1343888.6191322175	77.22338390350342	1343496.7565296765	79.86002326011658	1343397.7175961833	71.3787260055542	1342994.789703353	
64.58653473854065	1342383.1719762103	102.35465359687805	1343593.8935744176	103.95459604263306	1343087.9275589983	61.58280849456787	1336089.3231319562	70.71333265304565	1342210.307213487	104.3369562625885	1343368.8487516956	85.5112612247467	1343899.986577069	77.24467134475708	1343449.7588933383	79.87452793121338	1343419.9703808466	71.3930070400238	1342994.21150576	
64.61397433280945	1342238.1407135483	102.3817150592804	1343599.7165977736	103.98083257675171	1343091.9007701129	61.596962451934814	1336123.5899736003	70.72824668884277	1342213.1353264586	104.36169242858887	1343373.4157073924	85.52627277374268	1343891.1341052675	77.26851320266724	1343390.9939237721	79.88879299163818	1343397.4268965973	71.40710949897766	1342962.5563553993	
64.63980031013489	1342237.8576522518	102.40475678443909	1343621.7032542299	104.01335287094116	1343114.38543817	61.60994243621826	1336124.6451117953	70.74401116371155	1342200.4316088303	104.3940863609314	1343380.7265066209	85.54177737236023	1343861.5658026242	77.29361462593079	1343353.4399273654	79.90230011940002	1342868.57791274	71.42112064361572	1342933.231146087	
64.66494369506836	1342250.1475129344	102.43061685562134	1343569.5284479538	104.04152321815491	1343224.4241490916	61.6240758895874	1336041.4012074117	70.75784540176392	1342236.133122042	104.41772317886353	1343411.5892976932	85.5577871799469	1343831.8738583224	77.3161301612854	1343421.7543820492	79.91603374481201	1342951.976958029	71.43537592887878	1342961.3243747004	
64.6933434009552	1342272.1322734708	102.45446968078613	1343567.3904386326	104.07204985618591	1343236.9495984644	61.63710117340088	1336046.7020008692	70.7702853679657	1342115.93170261	104.44273257255554	1343422.4895980582	85.57430124282837	1343810.710480479	77.33875060081482	1343427.914898977	79.928542137146	1342951.2571944084	71.44788122177124	1342935.3355670257	
64.71970772743225	1342278.7944741219	102.47789001464844	1343573.206077815	104.09706950187683	1343186.8051520423	61.650121212005615	1336038.8207525052	70.78502988815308	1342132.1777309154	104.46509146690369	1343352.213590287	85.59111452102661	1343809.9885008566	77.36340808868408	1343435.7994339901	79.944650888443	1342716.225950852	71.46168494224548	1343055.0052246577	
64.74883270263672	1342297.4886894643	102.50197720527649	1343575.3962080127	104.1215889453888	1343209.3769371707	61.66415548324585	1335319.442394835	70.79868650436401	1342146.3918274099	104.48834919929504	1343363.2195869903	85.60883641242981	1343837.5376834315	77.38808226585388	1343437.0184351017	79.96167039871216	1342693.9976704132	71.47469353675842	1343047.6524015125	
64.77594876289368	1342322.610969573	102.52859258651733	1343577.2514408445	104.14761257171631	1343223.8874349238	61.679606437683105	1335336.4100406908	70.81512880325317	1342163.7072972984	104.51526999473572	1343367.1858149604	85.62674307823181	1343872.5838060933	77.41392827033997	1343500.1417418413	79.97641253471375	1342708.366181577	71.4881980419159	1343092.3764542225	
64.80456495285034	1342311.5559924783	102.55310773849487	1343577.2292264034	104.16989994049072	1343223.9022426747	61.69436573982239	1335080.8679874905	70.82894897460938	1342730.0627144875	104.54199504852295	1343381.3578390938	85.64375281333923	1343870.9562585996	77.43954491615295	1343499.7422917956	79.99051690101624	1342681.288598272	71.50220990180969	1343088.8204051158	
64.8273937702179	1342316.0918047526	102.57769703865051	1343564.5118382527	104.19791769981384	1343206.8289944665	61.70871305465698	1335183.9808369486	70.84313941001892	1342730.2558371073	104.56972241401672	1343340.490494779	85.66176462173462	1343886.7124259428	77.46262168884277	1343416.8172505244	80.00478744506836	1342689.2678440947	71.51771521568298	1343094.6959416328	
64.85753965377808	1342314.7772546448	102.60473012924194	1343504.7582930827	104.22195243835449	1343216.0259767668	61.724098205566406	1334219.2797424505	70.85755562782288	1342777.8295220209	104.59347414970398	1343116.7766820546	85.67844867706299	1343880.2945991089	77.48579788208008	1343463.1065580237	80.01933789253235	1342660.660930429	71.53072190284729	1343107.2120060506	
64.88338875770569	1342326.3329312624	102.6314115524292	1343499.6229055966	104.25098204612732	1343207.9667226556	61.7367799282074	1334215.9463166555	70.87323951721191	1342315.576744919	104.62021780014038	1343106.580390371	85.69427251815796	1343846.5905712766	77.5088369846344	1343502.423126763	80.03172373771667	1342663.1846162593	71.54322814941406	1343106.776822741	
64.90894174575806	1342332.206982055	102.65383720397949	1343494.3776732148	104.27700400352478	1343152.3678842352	61.75141978263855	1334176.8271673261	70.8883113861084	1342315.032946293	104.64372825622559	1343116.2194735752	85.71328139305115	1343789.841635103	77.53200149536133	1343511.0447020973	80.04573082923889	1342655.2729933863	71.55573272705078	1343107.6461568165	
64.93405294418335	1342332.469930016	102.67733216285706	1343485.2230830365	104.30252408981323	1343095.9367514446	61.76702618598938	1334165.405554881	70.90206813812256	1342253.6894710006	104.669100522995	1343130.5923304167	85.72978925704956	1343803.6454416385	77.55651664733887	1343502.4793963358	80.05982232093811	1342626.6961126875	71.56874203681946	1343095.2273334085	
64.95957446098328	1342311.1218575542	102.70504021644592	1343508.7460852372	104.32704377174377	1343107.584218464	61.780500173568726	1333943.956207696	70.91550588607788	1342264.6526032616	104.69661378860474	1343124.3606918813	85.74479866027832	1343821.8302861976	77.5807831287384	1343521.091424929	80.07434487342834	1342640.2818820502	71.58290457725525	1343232.54389899	
64.98429560661316	1342281.7365095064	102.73188471794128	1343518.0135263796	104.34306049346924	1343110.5076184175	61.79772162437439	1334105.7312198367	70.92954587936401	1342273.4623286368	104.72414922714233	1343135.3171678958	85.76440763473511	1343841.8526742884	77.60665130615234	1343526.8805645483	80.08735299110413	1342738.7308335856	71.59740853309631	1343204.6576344888	
65.01214241981506	1342281.2401524414	102.75805521011353	1343533.6338724308	104.37925124168396	1343174.207465592	61.80991983413696	1334113.352372674	70.94409132003784	1342331.062538548	104.74590945243835	1343103.897196579	85.787428855896	1343838.4410943482	77.63169765472412	1343526.1793912428	80.10223078727722	1342732.2027272724	71.61192035675049	1343221.2148247538	
65.0389232635498	1342284.985407828	102.78106641769409	1343540.3102087951	104.4062671661377	1343191.515264941	61.82497024536133	1333144.956458955	70.95711350440979	1342330.7075932452	104.7699224948883	1343124.3347270607	85.80719995498657	1343858.9504063963	77.65871548652649	1343487.8632695058	80.11574101448059	1342726.4975453143	71.62512445449829	1343206.1382280542	
65.06244373321533	1342267.9616253611	102.80458164215088	1343536.0178696744	104.4314866065979	1343227.9012968899	61.839314699172974	1333172.6416397637	70.97179388999939	1342346.5826333202	104.79533791542053	1343146.132605176	85.82720899581909	1343343.6938812274	77.68355751037598	1343497.6105970442	80.12924861907959	1342652.3057618816	71.6386308670044	1343204.2050839823	
65.0874752998352	1342274.2354705927	102.82882046699524	1343584.6205662834	104.4571304321289	1343221.474727821	61.85470938682556	1334622.2918875625	70.98558497428894	1342346.6048029256	104.82188272476196	1343150.2156757768	85.84621906280518	1343332.0840758658	77.70656752586365	1343496.5693094903	80.14325475692749	1343039.8302185738	71.65417957305908	1343216.3550281099	
65.11471605300903	1341851.4338625236	102.85364627838135	1343580.9600311418	104.48000311851501	1343215.5237421363	61.86908841133118	1334618.805065715	70.99967646598816	1342508.7921241429	104.85226249694824	1343185.1416220176	85.86509418487549	1343333.6432132002	77.73060274124146	1343498.8069747712	80.15426421165466	1342712.6596117434	71.66822075843811	1343195.1819111905	
65.14278793334961	1341861.8279162978	102.87550735473633	1343582.0126664154	104.50547647476196	1343232.221490081	61.88293695449829	1334611.7766057581	71.012460231781	1342511.7820876923	104.88099479675293	1343179.594845323	85.88531756401062	1343342.9349538656	77.75477528572083	1343506.7210282434	80.16927337646484	1342722.7966760509	71.68011522293091	1343205.7819560089	
65.16793274879456	1341853.8651817313	102.89684700965881	1343588.8735728627	104.53923296928406	1343217.1841008284	61.8959584236145	1334547.6653775226	71.02682590484619	1342652.8800796997	104.9090564250946	1343181.5427068581	85.90182209014893	1343343.2339120742	77.78202033042908	1343472.8702476358	80.1817774772644	1342701.0381863997	71.69431614875793	1343140.947461172	
65.19509363174438	1341862.4798806168	102.9219000339508	1343558.2509166203	104.56801748275757	1343202.3831938903	61.91048717498779	1334558.5268482517	71.03874039649963	1342670.5683261917	104.93326187133789	1343753.4025371186	85.92333555221558	1343335.133518347	77.81081342697144	1343457.954635787	80.19428372383118	1342656.2957156622	71.70782136917114	1343209.6715217764	
65.21966028213501	1341830.3667773132	102.94829750061035	1343570.3549198015	104.59454464912415	1343415.8355273267	61.92389631271362	1334578.2814683833	71.05235362052917	1342669.856611231	104.95739150047302	1343257.547175619	85.94334578514099	1343826.0572702186	77.83382296562195	1343444.68002998	80.21102833747864	1342652.0728220807	71.72382998466492	1343183.4703795577	
65.24904012680054	1341827.2688155642	102.97332787513733	1343571.0758147812	104.61957502365112	1343428.6169192756	61.937041997909546	1334512.3531019427	71.06616544723511	1342698.835930321	104.98344254493713	1343263.0862352105	85.95849967002869	1343768.5403410583	77.85704231262207	1343421.1141494757	80.22453451156616	1342623.9567479333	71.73633480072021	1343187.8316077683	
65.27456331253052	1342850.947021755	102.99984073638916	1343562.9195489925	104.66284966468811	1343163.6897805703	61.949883460998535	1334495.5470150856	71.08016109466553	1342686.4790256203	105.00976395606995	1343270.9938710732	85.9770176410675	1343777.3126262897	77.88695573806763	1343424.4908539788	80.23954272270203	1342616.6812457056	71.75034236907959	1343186.4689459812	
65.30210876464844	1342855.3007251837	103.03010058403015	1343552.6204825798	104.68837332725525	1343144.7163877806	61.96575903892517	1334492.120236333	71.0972158908844	1342689.2457313032	105.0343086719513	1343273.9707965532	85.9917254447937	1343463.0518894892	77.91485905647278	1343443.8959624248	80.25404715538025	1342680.9195706071	71.76285004615784	1343180.0069238958	
65.32994174957275	1342851.9983978027	103.0540542602539	1343545.307354737	104.72189545631409	1343149.2513810531	61.980222940444946	1334478.7389341937	71.11168789863586	1343096.8050133314	105.06037044525146	1343289.9711730306	86.00773620605469	1343434.6003507364	77.93842053413391	1343448.3281183671	80.2710554599762	1342684.1015909717	71.7771828174591	1343179.8416466813	
65.36038661003113	1342862.8891405999	103.0799663066864	1343533.5523656865	104.74992561340332	1343171.2182131836	61.99455690383911	1334499.945136179	71.12468576431274	1343100.309371328	105.08589053153992	1343275.5376845456	86.0202419757843	1343447.20003872	77.96250820159912	1343449.3451270808	80.28756499290466	1342685.1319751667	71.79104995727539	1343168.3877883938	
65.38444972038269	1342882.9487041787	103.106201171875	1343565.9680584918	104.77871513366699	1343164.0148718986	62.00833511352539	1333448.887539069	71.13843989372253	1343093.6613853616	105.11290693283081	1343264.1448927482	86.03425478935242	1343472.5464025703	77.9866693019867	1343427.762447171	80.30476021766663	1342695.7465983236	71.80519676208496	1343150.6420416085	
65.41073083877563	1342895.520771068	103.13384866714478	1343570.1572382457	104.80823111534119	1343172.009238521	62.021589279174805	1333445.9917101709	71.15133595466614	1343104.6669603023	105.13409924507141	1343261.3296417561	86.04962420463562	1343398.4788138198	78.0098626613617	1343432.6635218642	80.32327485084534	1342722.5886825146	71.81842041015625	1343159.7494924779	
65.44004917144775	1343186.2437622808	103.15737724304199	1343569.7699032754	104.83213186264038	1343194.3716791053	62.03527617454529	1332959.855883004	71.1645245552063	1343097.5441624764	105.16161227226257	1343242.6979269218	86.06739258766174	1343398.0022381577	78.0365948677063	1343422.219196646	80.33928513526917	1342723.4308321858	71.83308339118958	1343173.207254504	
65.46517753601074	1343148.9925824443	103.1870539188385	1343560.5353360604	104.8561475276947	1343214.8001503053	62.04748249053955	1333007.0685707426	71.17824006080627	1343100.707193765	105.18612837791443	1343242.5983057183	86.08161926269531	1343529.2402482678	78.06103038787842	1343425.5703122637	80.35659503936768	1342725.1764697111	71.84858775138855	1343114.0182217625	
65.48979425430298	1343155.7964080623	103.21115827560425	1343537.6361639232	104.88267159461975	1343182.270368373	62.06016135215759	1333030.4950488436	71.1914734840393	1343109.1698301483	105.2119927406311	1343226.710524856	86.09662985801697	1343525.2547529729	78.0858211517334	1343426.192475152	80.37109899520874	1342752.9810593608	71.86159777641296	1343107.7643964433	
65.51357460021973	1343155.8391111228	103.23315215110779	1343560.273059794	104.91619348526001	1343174.906782405	62.07270693778992	1333028.9955280172	71.20640778541565	1343211.5884276044	105.24110174179077	1343190.8328146536	86.11113619804382	1343376.8594025932	78.11146020889282	1343443.2845222247	80.388108253479	1342441.8594495428	71.87545466423035	1343112.9454074132	
65.53907418251038	1343150.795696351	103.26071691513062	1343564.1918119676	104.94526720046997	1343158.5955173399	62.08804750442505	1333011.4537634216	71.21788263320923	1343250.1460123744	105.26561760902405	1343165.21157487	86.12414646148682	1343405.4201143612	78.13647079467773	1343445.7317797453	80.40611577033997	1342216.4755573894	71.88895869255066	1343365.9096164028	
65.56442999839783	1343128.306115671	103.28619718551636	1343568.224647945	104.97234797477722	1343152.7138321244	62.101478099823	1332977.8016743849	71.23238372802734	1343244.641121792	105.28913450241089	1343167.5845075028	86.13865065574646	1343360.343685383	78.16297578811646	1343375.568403129	80.42212462425232	1342237.7766979309	71.90317893028259	1343340.5201447941	
65.59109044075012	1343114.4478770972	103.30992150306702	1343565.597666675	104.99837374687195	1343053.1906029382	62.11539006233215	1332993.194367879	71.24644684791565	1343228.0734313047	105.31315422058105	1343221.316712199	86.15315651893616	1343360.5167209478	78.19061636924744	1343380.9845311139	80.43964266777039	1342240.0134244629	71.91768383979797	1343345.1851370945	
65.61766719818115	1343111.2435045457	103.33797454833984	1343616.0078926394	105.02263903617859	1343038.7449836563	62.1298131942749	1332986.164224474	71.26060271263123	1342926.5377742248	105.33842277526855	1343227.9560100995	86.16746187210083	1343363.3302248325	78.22042727470398	1343373.4821490922	80.45564842224121	1342239.0967860036	71.93069124221802	1343334.2424399562	
65.64299511909485	1343143.790841258	103.36228036880493	1343582.2319825126	105.05040740966797	1343016.8894960545	62.143643379211426	1332983.8537199402	71.27387523651123	1342947.4182083588	105.37012791633606	1343207.0760332993	86.1814866065979	1343367.0451906067	78.24944877624512	1343363.867778139	80.4741563796997	1342249.6045681182	71.9432008266449	1343359.4763955958	
65.6698431968689	1343149.1049314484	103.38529849052429	1343583.8066326862	105.07962155342102	1343022.4721582383	62.15915822982788	1333125.273050877	71.28758144378662	1342950.8837278513	105.39635062217712	1343196.7020502773	86.19687914848328	1343370.1459287135	78.27419567108154	1343381.3424649918	80.4922513961792	1342244.6757791904	71.95870900154114	1343374.8583149244	
65.69607663154602	1343153.7825745938	103.40830898284912	1343588.0955025898	105.10879230499268	1343032.6277984092	62.17196774482727	1333089.1655268131	71.30207681655884	1342995.7672848906	105.4216411113739	1343191.222184902	86.20938754081726	1343366.9364104713	78.29871821403503	1343376.7298534599	80.50950241088867	1342257.711099629	71.9719135761261	1343376.5723880301	
65.72302508354187	1343162.9702970677	103.43183183670044	1343571.4113118057	105.13618540763855	1342711.5057524082	62.186687707901	1332917.815491345	71.31609010696411	1342980.5637545853	105.4491662979126	1343168.6081301526	86.22339367866516	1343367.6402070725	78.32193732261658	1343377.9124901725	80.52551221847534	1342263.8281341463	71.98692083358765	1343385.4935577833	
65.74608850479126	1343172.3935731365	103.45686626434326	1343574.6283827045	105.16586112976074	1342776.1125980476	62.20032811164856	1332928.463033553	71.33081197738647	1342994.88214781	105.47718238830566	1343148.1399928245	86.23690056800842	1343363.5233628333	78.34752678871155	1343377.8819421341	80.54351997375488	1342276.2960432854	72.0019371509552	1343387.013067457	
65.77070260047913	1342900.08660506	103.47787833213806	1343575.0496877115	105.19238066673279	1342737.3930184795	62.21344208717346	1332902.2684049334	71.34462213516235	1343071.51376056	105.50247502326965	1343152.378100004	86.25140714645386	1343349.0387424068	78.3699049949646	1343378.5505753157	80.55777192115784	1342280.9156355385	72.01460433006287	1343398.2112469492	
65.79457902908325	1342862.4729194792	103.50312519073486	1343558.682433726	105.22064208984375	1342750.1122519071	62.22725009918213	1333141.862421823	71.35714030265808	1343087.718161306	105.52751994132996	1343152.5471536175	86.26710653305054	1343317.4367402603	78.39542031288147	1343383.1401901247	80.57340335845947	1342281.2353697426	72.02710890769958	1343393.2597030434	
65.81068921089172	1342827.0967610409	103.52947068214417	1343545.7910856302	105.24615001678467	1342780.3599447685	62.241313457489014	1333063.806822697	71.36952233314514	1343081.7214858134	105.55234384536743	1343152.8082268017	86.28167605400085	1343291.7264926217	78.42040276527405	1343373.2593396069	80.58909893035889	1342285.4513241844	72.04011487960815	1343386.9531020897	
65.82487654685974	1342830.9618360763	103.55417060852051	1343530.344608799	105.27267265319824	1342759.1980660085	62.25718021392822	1333620.747173924	71.38374948501587	1343389.687876883	105.57870483398438	1343132.264493881	86.29728746414185	1343272.7885949407	78.44601321220398	1343215.7085373574	80.60260367393494	1342657.3327649953	72.05234122276306	1343402.9224942438	
65.84041380882263	1342864.9150773392	103.57868766784668	1343549.9709601905	105.29568910598755	1342793.3729599342	62.27000617980957	1333612.504914121	71.3973491191864	1343387.1629481672	105.61612749099731	1343103.4428047475	86.31275057792664	1343316.9120800574	78.47083568572998	1344174.354636773	80.61711525917053	1342676.771092125	72.06584596633911	1343406.3112787232	
65.85592436790466	1342883.4117684038	103.6012053489685	1343550.7817191058	105.32020902633667	1342793.7944912328	62.28412318229675	1333572.539098261	71.41095066070557	1343387.1813840824	105.63914966583252	1343112.200107917	86.33032131195068	1343318.0917106625	78.4987256526947	1344181.933835742	80.62962174415588	1342663.3238185921	72.08000206947327	1343420.1287649244	
65.87067174911499	1342885.8290319487	103.62549376487732	1343551.5355066287	105.34802484512329	1342782.1969261474	62.29634237289429	1333552.0348063395	71.4247260093689	1343376.5386123501	105.66867089271545	1343126.8493918856	86.34433174133301	1343326.1074652935	78.51981496810913	1344184.8239808022	80.64312624931335	1342627.4405475862	72.09401106834412	1343416.1043108439	
65.88776350021362	1342778.372591046	103.65175652503967	1343450.615496946	105.3763780593872	1342781.8936456272	62.311532497406006	1334361.7877628	71.43831157684326	1343340.6052759856	105.70427823066711	1343145.27706762	86.35886764526367	1343316.0740069721	78.54166960716248	1344215.5288700594	80.65813446044922	1342648.6874061606	72.10851526260376	1343416.1609122118	
65.90151953697205	1342749.5501923377	103.68078207969666	1343461.9747913396	105.40089464187622	1342738.910471323	62.325088024139404	1334396.6619713453	71.45251536369324	1343331.6666671352	105.7299153804779	1343149.5723732044	86.37337923049927	1343321.0434711915	78.56471848487854	1344456.1861868838	80.67264080047607	1342656.489459897	72.12252473831177	1343366.9254213115	
65.91566896438599	1342740.9393178609	103.70503854751587	1343454.888913376	105.43145632743835	1342734.743002827	62.339515924453735	1334395.2134311385	71.46612119674683	1343325.4420695726	105.75267934799194	1343146.2920561202	86.38939428329468	1343320.53261276	78.58479928970337	1344468.852822696	80.68891215324402	1342663.489318192	72.13602828979492	1343186.327674201	
65.93369221687317	1342754.12656187	103.72823643684387	1343482.5053431469	105.46098327636719	1342716.4414622632	62.35533332824707	1333103.2033168343	71.48354959487915	1343320.6321309397	105.77519130706787	1343174.6443463261	86.40316486358643	1343326.3222163122	78.61031484603882	1344509.419448703	80.70364427566528	1342660.2545730835	72.1500346660614	1343129.858899265	
65.94774222373962	1342749.3005219894	103.75441122055054	1343543.30929632	105.48623514175415	1342728.7394476396	62.36919140815735	1333090.9221906594	71.5018994808197	1343329.0323272545	105.79625415802002	1343282.8480709163	86.4176733493805	1343330.6314749927	78.63732552528381	1344463.781039533	80.71715712547302	1342948.907091804	72.16354084014893	1343130.9764134954	
65.96183037757874	1342741.923142495	103.77692937850952	1343519.1019965373	105.51275110244751	1342707.4271308305	62.38224911689758	1333092.3756332805	71.52036499977112	1343337.2694497358	105.82303428649902	1343279.6004403057	86.4321780204773	1343371.9197227007	78.66354203224182	1344455.881589578	80.7306649684906	1342654.363119779	72.17880368232727	1342975.0029410766	
65.97686648368835	1342737.1569728623	103.79994249343872	1343499.15369888	105.54043483734131	1342693.3812209973	62.39723014831543	1333184.6714545027	71.54060673713684	1343337.327351183	105.8525607585907	1343266.0806064398	86.44818687438965	1343372.2991938859	78.69298458099365	1344458.0500112206	80.74568367004395	1342676.9595287065	72.19281148910522	1342965.5003123085	
65.99099016189575	1342737.9454323186	103.82614374160767	1343472.4996300696	105.57159852981567	1342608.929388206	62.41133785247803	1333171.25649728	71.56433033943176	1343075.4149814039	105.8790967464447	1343263.1385375364	86.46269392967224	1343379.630433378	78.71763753890991	1344479.9362919922	80.76046371459961	1342952.374196424	72.20531749725342	1342979.4953469196	
66.00503993034363	1342742.0607866524	103.84853959083557	1343346.3807568254	105.60485529899597	1342709.9667056792	62.42644548416138	1333727.3415290478	71.58439493179321	1342931.298036529	105.9051148891449	1343233.7558685201	86.4768476486206	1343390.1324561695	78.74282479286194	1344420.152909066	80.77297019958496	1342928.3201161989	72.220144033432	1342981.785291349	
66.01956582069397	1342757.9108838958	103.87206220626831	1343369.1125630473	105.65929365158081	1342756.117813054	62.44123840332031	1335059.6045718316	71.60718417167664	1342894.2930824496	105.92997646331787	1343243.4598718062	86.49250912666321	1343374.2399777332	78.76765394210815	1344426.7438764984	80.7869782447815	1342932.278853684	72.23365044593811	1342976.26259532	
66.03276515007019	1342763.8286540657	103.89441990852356	1343390.8874984637	105.70180749893188	1342744.1436134607	62.456679821014404	1335059.3719596232	71.64020705223083	1342579.7724553917	105.96161437034607	1343257.5404680863	86.50704097747803	1343417.9878082054	78.79256200790405	1344427.6994551446	80.80148315429688	1342950.290249732	72.24915480613708	1342984.679658775	
66.04747271537781	1342757.2222661027	103.92133259773254	1343428.089876272	105.73584818840027	1342740.8416150438	62.4719603061676	1334744.0870223395	71.66563487052917	1342622.9330921145	105.98812675476074	1343263.5151939117	86.52054715156555	1343410.7247829917	78.81876683235168	1343591.5434499164	80.81599617004395	1342593.552763002	72.26316332817078	1343024.4987081252	
66.06310677528381	1342771.0287978803	103.94385242462158	1343423.1523451852	105.78466129302979	1342740.3489475541	62.48528599739075	1334827.7777140748	71.69375967979431	1342634.7013569088	106.01566863059998	1343255.1263119108	86.53555989265442	1343377.6778967215	78.84453415870667	1343391.8570051691	80.82950448989868	1342602.9479417733	72.2757396697998	1342918.589188934	
66.07761526107788	1343325.126759155	103.9687488079071	1343442.1155166528	105.83228540420532	1342758.4971480286	62.49890923500061	1334779.1929719185	71.72554135322571	1342632.2018477395	106.03921627998352	1343260.92637587	86.5500636100769	1343363.1702410758	78.86986565589905	1343386.2410345136	80.90437388420105	1342606.1864068862	72.2907485961914	1342909.1283781044	
66.09065222740173	1343261.8386573861	103.99427938461304	1343428.948491077	105.8687994480133	1342779.5952228147	62.51323580741882	1334789.8864802737	71.75963497161865	1342634.269705808	106.06771516799927	1343267.4301825992	86.56507396697998	1343349.197678963	78.89662456512451	1343402.5721437254	80.91825604438782	1342615.534902255	72.30625510215759	1342904.275113231	
66.10605788230896	1343250.2823458235	104.02029538154602	1343409.1676364627	105.91199254989624	1342776.659226618	62.52823996543884	1334803.096370737	71.78760814666748	1342666.2012468507	106.09741497039795	1343266.2298850927	86.57808351516724	1343717.3053453637	78.92065906524658	1343356.0071205767	80.93306803703308	1342692.7115949949	72.3212640285492	1342993.4481134538	
66.11889410018921	1343246.1537179602	104.04451131820679	1343556.8349218457	105.95152354240417	1342774.2630455198	62.541258335113525	1334803.979121437	71.81597208976746	1342887.4744757446	106.12072491645813	1343350.501766227	86.59359550476074	1343847.5481673253	78.9436686038971	1343353.5159285655	80.94607830047607	1342697.4715917713	72.33576798439026	1342994.176465882	
66.14006567001343	1343247.6167300255	104.06989097595215	1343596.5837700241	105.98568987846375	1342772.8250879862	62.554256200790405	1334808.876863747	71.84548997879028	1342893.5310103623	106.14674639701843	1343352.1930396904	86.6081051826477	1343834.3240614997	78.96818566322327	1343374.0023661484	80.96058344841003	1342686.994357292	72.34927368164062	1343017.9264668329	
66.16072177886963	1343252.470492466	104.09391736984253	1343574.3251806581	106.028489112854	1342721.610482318	62.56974911689758	1334795.9380115326	71.87732291221619	1342895.7969452757	106.1706006526947	1343391.0652201136	86.61961078643799	1343812.7338469168	78.99333047866821	1343355.9033994288	80.97391891479492	1342347.8860606125	72.36261749267578	1343068.6023990756	
66.17882919311523	1343270.3276543557	104.11859107017517	1343588.875115793	106.07290577888489	1342695.8546032703	62.583720207214355	1334808.973635308	71.90857672691345	1342887.5389162472	106.19462537765503	1343357.5126258028	86.63434267044067	1343821.2326316657	79.01687216758728	1343345.193175481	80.98792695999146	1342341.8957199296	72.37603116035461	1343018.9470376973	
66.19999098777771	1343268.412357811	104.1456139087677	1343604.5435031538	106.11088275909424	1343090.9605969128	62.59910488128662	1334832.5482809136	71.94218349456787	1342911.1155409913	106.21955251693726	1343371.4591725434	86.64784669876099	1343841.5049471376	79.04286122322083	1343349.8966965396	81.00043272972107	1342346.0428758776	72.38853526115417	1343014.7820321214	
66.21608424186707	1343268.4267894167	104.16906213760376	1343605.297591091	106.15358710289001	1343101.9637533224	62.61565184593201	1334822.0689251428	71.97531294822693	1342920.0206567373	106.24456191062927	1343372.7667840815	86.66436767578125	1343835.1120944675	79.06567287445068	1343374.6511449711	81.0144476890564	1342348.9260846623	72.40154457092285	1342914.3747621663	
66.23017883300781	1344442.4869603182	104.19356536865234	1343427.9365705133	106.18991756439209	1343073.2932077541	62.63115477561951	1334826.9445651465	72.00788712501526	1342840.2364219124	106.26914858818054	1343398.6359283107	86.68557810783386	1343759.031360814	79.09143018722534	1343385.8722429082	81.02845978736877	1342322.1386942528	72.41555261611938	1342907.3891253883	
66.24522805213928	1344423.872942641	104.2193374633789	1343432.7226425144	106.224773645401	1343080.5897452433	62.64587163925171	1334830.425320602	72.0356457233429	1342846.2578054594	106.29624795913696	1343404.9227869315	86.71134901046753	1343763.4676525127	79.11601829528809	1343477.9841980943	81.04196429252625	1342820.539560494	72.43043255805969	1342941.6320425586	
66.25866508483887	1344425.840291693	104.24397611618042	1343443.5318607907	106.28005361557007	1343087.1808579287	62.658833503723145	1334803.2867878235	72.06592178344727	1342831.8573229671	106.32006311416626	1343435.5130153105	86.73734593391418	1343685.329352606	79.13958239555359	1343471.5831713134	81.05870175361633	1342842.9002428902	72.44393825531006	1342999.28954085	
66.27468037605286	1344410.877081142	104.2684965133667	1343396.5629431137	106.3185043334961	1342661.7503556455	62.67441391944885	1335126.4867487415	72.096186876297	1342826.9445745621	106.34528303146362	1343435.1453362296	86.76336121559143	1343692.7936151472	79.16374158859253	1343480.9871891136	81.07391119003296	1342850.2696012042	72.45796298980713	1342996.2319968892	
66.28979778289795	1344378.8219432146	104.29201102256775	1343403.5763626676	106.37530493736267	1342682.2224578192	62.6900691986084	1334823.9470047369	72.12151646614075	1342752.7484122617	106.37218713760376	1343448.3760834911	86.7876627445221	1343690.1923075975	79.18860673904419	1343230.6688217323	81.08692288398743	1342853.3508032572	72.47197151184082	1342992.937668829	
66.30665493011475	1344398.6846039526	104.31422781944275	1343424.7794617182	106.41847848892212	1342681.001869922	62.70375919342041	1334815.539694007	72.15563249588013	1342715.4951624968	106.39620399475098	1343447.9504168725	86.81016087532043	1343689.0708381624	79.21288967132568	1343199.2955015167	81.10193276405334	1342844.7221807297	72.48656940460205	1342991.2244348319	
66.32281637191772	1344399.6129473143	104.34175276756287	1343395.4027610219	106.45449829101562	1342708.8562948056	62.72061347961426	1334810.1900277745	72.19237303733826	1342683.3582472787	106.4227557182312	1343425.3497585566	86.83367419242859	1343694.2562312437	79.23846578598022	1343219.3158440304	81.1171715259552	1343059.1498209692	72.49907445907593	1342994.5717094168	
66.33799028396606	1344397.924052097	104.36679553985596	1343429.0537423561	106.49372982978821	1342681.2134467422	62.73519253730774	1334839.1636018676	72.2298333644867	1342669.1167009491	106.44897627830505	1343432.8771138082	86.85968780517578	1343699.6085260794	79.26359915733337	1343201.6530343248	81.1316785812378	1343084.0465924256	72.51262760162354	1342981.9058716048	
66.3546392917633	1344358.772312946	104.39481520652771	1343425.3194084999	106.53087663650513	1342577.581356625	62.7505624294281	1334893.8715396062	72.25809073448181	1342906.1006121314	106.47301125526428	1343428.9826422853	86.88821959495544	1343693.2595445	79.28759837150574	1343279.8692237465	81.14818835258484	1343077.430993078	72.52613306045532	1343000.440227112	
66.36871409416199	1343264.9864011027	104.42140698432922	1343515.2213806743	106.55994606018066	1342584.4062278843	62.765151500701904	1334896.251623734	72.28684759140015	1342909.0686534268	106.49853539466858	1343433.4545150388	86.91451835632324	1343689.3324983523	79.31173896789551	1343241.455355046	81.16169333457947	1342994.483205799	72.53863716125488	1343014.6242005771	
66.38190245628357	1343270.87919335	104.44664764404297	1343496.5703689628	106.58268308639526	1342604.747712502	62.780029296875	1334890.4357124805	72.3153612613678	1342925.1330962928	106.52109432220459	1343430.3042591892	86.94053053855896	1343688.0495282868	79.3354721069336	1343206.798857724	81.17650818824768	1343007.8238117686	72.55364608764648	1343294.4427432523	
66.39791703224182	1343306.4065075412	104.47216701507568	1343498.399893484	106.60542893409729	1342592.281906743	62.79387068748474	1334924.0240084357	72.34371304512024	1342937.8404440791	106.54968619346619	1343406.4247702279	86.97006821632385	1343707.6499107343	79.35698962211609	1343267.09853436	81.19225668907166	1342982.1463955352	72.56765651702881	1343297.1157620186	
66.41193389892578	1343279.995423344	104.49585485458374	1343499.8348719957	106.63060665130615	1342602.4403479632	62.80901622772217	1334943.328281586	72.36946487426758	1342944.9209822782	106.57231903076172	1343406.6071550113	86.99608659744263	1343726.5919672328	79.38090586662292	1343266.670293615	81.2057614326477	1342936.7375443873	72.58183240890503	1343296.5240093037	
66.42796015739441	1343290.8950129282	104.52087068557739	1343460.7165165127	106.6627824306488	1342604.3134471236	62.82576894760132	1334948.5185029232	72.39934945106506	1342924.111804227	106.59740614891052	1343391.26166409	87.02626252174377	1343725.067896729	79.40220618247986	1343238.3029444225	81.22027540206909	1342932.1895620187	72.59533786773682	1343296.5569686925	
66.44097328186035	1343278.9587638185	104.5470221042633	1343473.2757093033	106.69170188903809	1342579.6564874242	62.840205907821655	1334901.1941035634	72.42404294013977	1342925.9089240613	106.62152552604675	1343387.0719757979	87.05338406562805	1343724.7191446817	79.4242193698883	1343239.8524275646	81.23378348350525	1342957.01065916	72.60884308815002	1343321.716518219	
66.45681238174438	1343277.8141616667	104.57063341140747	1343492.6257258218	106.71637225151062	1342584.3421126087	62.85424208641052	1334903.6265270629	72.4504337310791	1342940.8804333564	106.64233946800232	1343392.629322294	87.08158421516418	1343718.3559061175	79.44677329063416	1343056.080626211	81.24679279327393	1342982.7611587595	72.62303042411804	1343273.362933156	
66.46972370147705	1343294.0089411242	104.59415626525879	1343473.1176890212	106.7409279346466	1342619.5792410437	62.868898153305054	1334929.1945356675	72.48000693321228	1342931.394592804	106.66687297821045	1343386.8389307223	87.10472273826599	1343707.1234869533	79.4717423915863	1343064.465765554	81.25929808616638	1343067.5910800586	72.63553428649902	1343279.66474893	
66.48292922973633	1343282.9297915641	104.61846828460693	1343449.5210730748	106.76449155807495	1342599.1000673051	62.88329529762268	1334919.1144394511	72.5092785358429	1342939.594309681	106.69269394874573	1343347.8311254738	87.13173365592957	1343718.548194902	79.49599027633667	1343076.4597644706	81.2764105796814	1343068.470054056	72.65054178237915	1343328.026656076	
66.49715375900269	1343276.2352233713	104.64421963691711	1343457.8109309135	106.79089736938477	1342599.1199302506	62.89721322059631	1335019.275055128	72.53924894332886	1342917.1227857217	106.71836876869202	1343335.8266860817	87.16375207901001	1343725.6904082932	79.51972603797913	1343083.038378227	81.29156541824341	1343125.9119137512	72.66504883766174	1343332.27619462	
66.51278638839722	1343196.9290662033	104.66722869873047	1343461.5787120343	106.81930923461914	1342612.8965467536	62.91313886642456	1335025.2845994295	72.56750774383545	1342898.9529838774	106.74307775497437	1343391.9816020813	87.19528460502625	1343719.573772179	79.54402875900269	1343390.2472696295	81.30457496643066	1343120.1747530873	72.67805671691895	1343353.8268898174	
66.52479934692383	1343203.345557389	104.69123959541321	1343457.9949989563	106.8408465385437	1342661.7245996157	62.92732858657837	1335320.318964606	72.59796667098999	1342916.932863385	106.769690990448	1343353.8451054238	87.22961401939392	1343725.4644106848	79.56721472740173	1343432.4834049023	81.31927299499512	1343122.6713651617	72.69262504577637	1343294.0900517567	
66.54112005233765	1343190.2193612296	104.71580290794373	1343409.8712218173	106.8655354976654	1342671.9089603375	62.942078828811646	1335202.502753541	72.62670922279358	1342910.916345147	106.79784822463989	1343300.1708476453	87.26113414764404	1343724.7054610655	79.58978152275085	1343432.5888241238	81.3337812423706	1343104.3959050013	72.70613169670105	1343271.7619537178	
66.55619192123413	1343195.2722807478	104.7393057346344	1343317.048652591	106.89576411247253	1342683.618255461	62.957183599472046	1334909.7430598873	72.65201759338379	1342915.2894630341	106.81987762451172	1343318.5806069558	87.2912335395813	1343768.193699307	79.61309146881104	1343430.8870454186	81.34778952598572	1343092.8996997452	72.71863532066345	1343268.5494208292	
66.56979942321777	1343196.8798192816	104.76332521438599	1343272.860745596	106.91983580589294	1342696.9495071282	62.97236919403076	1334902.9811443507	72.67766118049622	1342921.0422348569	106.84930467605591	1343312.1185343047	87.32174849510193	1343758.715597243	79.63566255569458	1343437.778451298	81.36329412460327	1343109.1781227698	72.73443651199341	1343187.6890557914	
66.58292174339294	1343190.170897269	104.78686022758484	1343276.3441738116	106.94487953186035	1342710.0197037817	62.98740363121033	1334998.7662598393	72.70667052268982	1342874.356314859	106.87525296211243	1343316.46884872	87.34926438331604	1343749.5927663804	79.65960454940796	1343492.532936484	81.37599635124207	1343179.9101926542	72.74912905693054	1343188.751180257	
66.59703302383423	1343193.8890536833	104.81145691871643	1342956.5096537967	106.97075939178467	1342707.3063714458	63.0055513381958	1334939.0439439067	72.73523163795471	1342865.7923797118	106.90669584274292	1343323.2494640944	87.37629294395447	1343746.2362505624	79.68281149864197	1343659.2649214936	81.39350318908691	1343227.5905157737	72.76373767852783	1343198.6917009065	
66.61208462715149	1343211.4707617515	104.83303999900818	1343039.2254221279	106.99384593963623	1342704.7873158706	63.0212185382843	1334946.9321523875	72.76434063911438	1342969.0908064938	106.93580031394958	1343323.871913279	87.4053156375885	1343751.3839800805	79.70782089233398	1343687.4968601337	81.41001462936401	1343215.908143608	72.77692365646362	1343199.8728380534	
66.62716436386108	1343190.9043222466	104.85724878311157	1343054.0554793973	107.02247953414917	1342743.373541581	63.037248849868774	1335031.7228129522	72.79158568382263	1342981.142436469	106.96716260910034	1343329.7087011568	87.43232798576355	1343754.9323046668	79.73198771476746	1343700.3388824093	81.4235212802887	1343459.6893913457	72.79093074798584	1343200.3511196368	
66.64087271690369	1343201.9050962345	104.88072037696838	1343006.192407637	107.04969692230225	1342795.6946214356	63.056474924087524	1335068.2053123466	72.81756258010864	1342968.3177212088	106.99118065834045	1343299.6397205873	87.46285629272461	1343748.132023904	79.75606775283813	1343681.8892452228	81.43806576728821	1343480.5137421847	72.8034360408783	1343204.3293696984	
66.65489673614502	1343206.309396488	104.90556812286377	1343009.1206145464	107.07472348213196	1342868.9402104756	63.07601070404053	1335087.3189740013	72.84543228149414	1342966.291403414	107.0201256275177	1343295.8256805914	87.49432826042175	1343748.3523195172	79.77961754798889	1343691.1323947944	81.45362758636475	1343425.2623321011	72.81644439697266	1343204.2560458432	
66.6710250377655	1343225.8311917025	104.93059229850769	1343024.3778783018	107.09978938102722	1342862.7370097868	63.093706130981445	1335081.3957989947	72.8748288154602	1342961.2597980078	107.04531979560852	1343235.457968381	87.5213565826416	1343731.364829993	79.8048632144928	1343780.0166562418	81.46896886825562	1343449.9818228032	72.84029579162598	1343301.369114174	
66.6850335597992	1343225.0470420737	104.9559895992279	1343010.1474775018	107.12447714805603	1342856.6078153627	63.1085205078125	1335081.72166725	72.9020447731018	1343172.388319699	107.07110047340393	1343243.7830901123	87.54987144470215	1343767.278199008	79.82899570465088	1343809.226909972	81.483473777771	1343457.7564805981	72.86376857757568	1343298.6678420666	
66.7000675201416	1343228.671498095	104.97903156280518	1343051.561058513	107.1522843837738	1342835.133713557	63.12609267234802	1335008.5239825896	72.92871809005737	1343184.281684966	107.1006236076355	1343244.8396463932	87.57939410209656	1343760.2017599922	79.85401272773743	1343791.268543808	81.49950289726257	1343601.8957847322	72.88428235054016	1343277.185932497	
66.71731352806091	1343229.6001801484	105.00454878807068	1343051.8762057242	107.18116497993469	1342839.5983234239	63.143221616744995	1335009.2794477877	72.95416450500488	1342915.4057410406	107.12671232223511	1343253.9955703556	87.60815000534058	1343758.334555624	79.88004446029663	1343770.4924962819	81.51411747932434	1343614.474374609	72.91000986099243	1343138.015240427	
66.73081636428833	1343220.645735637	105.03032732009888	1343093.4228060255	107.2076735496521	1342813.2007582593	63.15763282775879	1335002.652955605	72.98015904426575	1342931.934301643	107.15279483795166	1343241.671537157	87.6406638622284	1343758.033886345	79.90884757041931	1343677.1601109619	81.53091835975647	1343525.1387921057	72.93552279472351	1343134.3838172979	
66.74502515792847	1343231.3819702002	105.05438017845154	1343018.5863734756	107.23563623428345	1342812.1137513313	63.17500352859497	1335051.0186258422	73.00668334960938	1342929.90738705	107.18034529685974	1343279.3363522314	87.66868567466736	1343763.6045389776	79.93289422988892	1343653.7788803666	81.54443573951721	1343529.0227250478	72.95803785324097	1343169.2235492712	
66.75865983963013	1343221.1524173964	105.08018565177917	1343552.5656265004	107.25915861129761	1342815.492666907	63.191166639328	1335227.610179374	73.03142738342285	1342932.682475931	107.20839214324951	1343453.5607234812	87.69772124290466	1343769.589394235	79.9559338092804	1343650.0000009306	81.56080603599548	1343549.0818778696	72.98284411430359	1343140.4422182557	
66.77386784553528	1343226.6727830837	105.10394525527954	1343524.6893550446	107.28484344482422	1342840.1969634537	63.20795130729675	1335278.8125943558	73.0615599155426	1342941.0533355512	107.79668164253235	1343457.6839492025	87.72724294662476	1343770.2948215513	79.98301982879639	1343799.54794862	81.57644391059875	1343557.213074691	73.00539135932922	1343139.5427854792	
66.78687810897827	1343236.943298668	105.13347220420837	1343512.749396116	107.31135749816895	1342946.2681314214	63.225141525268555	1335222.5411081838	73.08808875083923	1342937.9586532277	107.8213632106781	1343462.1790910938	87.75375890731812	1343778.4020802001	80.00869822502136	1343804.4745392704	81.59094977378845	1343557.9813163814	73.03521203994751	1343113.299934717	
66.80060696601868	1343215.0133779177	105.16123485565186	1343391.8842571161	107.33855772018433	1342769.2029871042	63.24153447151184	1335248.9602443536	73.11630511283875	1342934.1912732811	107.84646344184875	1343463.6072920605	87.78528833389282	1344187.3090853977	80.03373599052429	1343890.9281489977	81.60663962364197	1343567.103521515	73.05906963348389	1343133.8381910154	
66.81711316108704	1343220.858884421	105.18625903129578	1343407.4643201192	107.36357569694519	1342773.6309873387	63.25898599624634	1335258.3138392502	73.14528942108154	1342924.2367844665	107.87280225753784	1343492.9910918174	87.81359767913818	1344168.9505180244	80.05990409851074	1343794.0559246542	81.62172746658325	1343553.6811448324	73.07987642288208	1343140.4158327125	
66.83480286598206	1342998.0530785425	105.20756793022156	1343555.754518502	107.39153122901917	1342747.5248039195	63.27748155593872	1335257.9905349817	73.17114734649658	1342926.391749224	107.89732003211975	1343503.4111135043	87.84330892562866	1344174.754269385	80.08502578735352	1343808.256853182	81.64058089256287	1343467.7353715592	73.10188817977905	1343143.3726161874	
66.84932565689087	1342996.701772416	105.23635172843933	1343095.986357243	107.42057991027832	1342758.3646037239	63.29182577133179	1335257.7912654865	73.19998335838318	1342955.2353452141	107.92527437210083	1343505.7464935833	87.87396025657654	1344179.835643744	80.10782742500305	1343834.9844655418	81.65658926963806	1343514.7441142832	73.1274094581604	1343152.985707875	
66.86283326148987	1343017.3774437706	105.25848317146301	1343153.2613443953	107.44552779197693	1343365.8160973073	63.310218334198	1335272.1625180668	73.2257866859436	1342957.6131831324	107.95202016830444	1343518.1049259931	87.90641140937805	1344080.146408265	80.13231945037842	1343841.2532696815	81.67109394073486	1343522.642440113	73.15307021141052	1343140.752936696	
66.87686443328857	1343036.679083076	105.28296661376953	1343202.6725908164	107.47106552124023	1343377.1850669752	63.32985758781433	1335271.110566508	73.24981713294983	1343025.3526078803	107.97953963279724	1343525.443679808	87.93692445755005	1344068.0294200582	80.15683317184448	1343314.291852937	81.68710327148438	1343500.52576191	73.1736707687378	1343150.5230131773	
66.89102482795715	1343035.896577277	105.30994367599487	1343197.4016784627	107.49983167648315	1343403.335852828	63.34751796722412	1335340.537417093	73.27817130088806	1343025.4347445967	108.00355291366577	1343600.8867260856	87.96544218063354	1344033.201685544	80.18424153327942	1343304.6102730443	81.69977474212646	1343527.384845482	73.20681953430176	1343125.141050311	
66.90522813796997	1342821.6846831066	105.33402729034424	1343094.3691334808	107.52385807037354	1342462.5172646171	63.36483573913574	1335331.3280515226	73.30605387687683	1343017.287641994	108.03162956237793	1343597.3607067845	87.9914653301239	1343978.904055182	80.20965313911438	1343290.2438990045	81.71578454971313	1343537.8323324586	73.23060250282288	1343120.5230308627	
66.9199538230896	1342788.6532422437	105.35754823684692	1343093.6421159636	107.5519049167633	1343501.8004441834	63.381444454193115	1335329.8622762242	73.33208131790161	1343063.8405044388	108.0576901435852	1343617.3138892092	88.02070593833923	1343987.8688664478	80.235666513443	1343291.411901181	81.72979378700256	1343554.2746162466	73.25361227989197	1343189.5610085686	
66.93447542190552	1342792.2574448728	105.38334798812866	1343109.4122997958	107.5798397064209	1343496.4294476598	63.39928913116455	1335247.5500247472	73.35940861701965	1343059.3274911365	108.08428883552551	1343626.2863510908	88.0452229976654	1343991.6839125787	80.26065754890442	1343280.2613719373	81.74579977989197	1343511.4268351484	73.28301501274109	1343188.7516459264	
66.94898176193237	1342791.3054468662	105.40536212921143	1343114.6927916848	107.60385370254517	1343510.6626824613	63.41540765762329	1335261.5518671093	73.38842129707336	1343061.4399743967	108.10977411270142	1343575.1985816115	88.07445025444031	1344002.5298883088	80.28780245780945	1343288.7267887455	81.75996160507202	1343494.589226692	73.30679106712341	1343132.7662776732	
66.96259546279907	1342802.8201329159	105.42953777313232	1343114.8923890663	107.63202452659607	1343520.0450548904	63.430747747421265	1335266.0169186778	73.41489052772522	1343075.0984412169	108.13572454452515	1343577.5138876678	88.11372494697571	1344004.5628340107	80.31488752365112	1343572.1117856924	81.77446603775024	1343498.7260526477	73.33202338218689	1343136.5794550788	
66.97562026977539	1342798.9667729388	105.45854902267456	1343096.679478834	107.66940212249756	1343534.130167704	63.44930171966553	1335290.5085658333	73.440500497818	1343084.6157726285	108.16094827651978	1343597.855736815	88.14073610305786	1344005.1135703241	80.33745002746582	1343334.678869479	81.78947520256042	1343505.7176481308	73.35503196716309	1343149.8139663464	
66.98858785629272	1342790.338958073	105.48397827148438	1343092.665634279	107.69263553619385	1343528.106544308	63.4662344455719	1334749.0544687426	73.46499729156494	1343105.4263806138	108.18658423423767	1343589.2230569676	88.16840291023254	1343994.8789567773	80.3647050857544	1343335.5630402702	81.8049795627594	1343512.6373016397	73.37006449699402	1343142.48606449	
67.00382995605469	1342805.8543926384	105.50776767730713	1343019.6542978508	107.72105288505554	1343536.3013822625	63.48039770126343	1334750.354034684	73.48974895477295	1343117.9589824304	108.20931696891785	1343606.7893531471	88.1990795135498	1343995.9108400594	80.39102005958557	1343269.6299536177	81.81805324554443	1343505.3460318714	73.38420104980469	1343115.2192699036	
67.01685667037964	1342805.550120624	105.53328371047974	1343215.5455965234	107.74549841880798	1343542.5200692324	63.49809718132019	1334756.654538866	73.51378202438354	1343101.6510107117	108.23524475097656	1343593.636564174	88.22759556770325	1344008.0007372436	80.41503167152405	1343261.0544038205	81.83255791664124	1343489.821302684	73.40020847320557	1343018.173489294	
67.03137588500977	1342818.7387637037	105.55589962005615	1343190.9316587097	107.76951503753662	1343530.940291186	63.513283491134644	1334726.8228514758	73.5403962135315	1343090.814133161	108.26427340507507	1343597.108064831	88.26011252403259	1343998.9283754854	80.4400405883789	1342864.6780304443	81.84814262390137	1343476.1034426831	73.41672801971436	1342948.4066074714	
67.04751586914062	1342785.984873524	105.58297824859619	1343258.9172039067	107.80171155929565	1343497.4204304237	63.52772569656372	1334738.5680300116	73.56217241287231	1343068.8607774198	108.29219460487366	1343562.7921595534	88.28478121757507	1343989.5023994287	80.46586894989014	1342858.8548998572	81.86452770233154	1343472.521919802	73.4298791885376	1342952.3550344128	
67.06212496757507	1342766.1206152777	105.61235976219177	1343274.4444086335	107.82781624794006	1342487.9698432488	63.54388403892517	1334757.893763739	73.59037828445435	1343067.9275247257	108.31722569465637	1343583.9655257543	88.31883525848389	1343998.2361655112	80.4919445514679	1342859.646880523	81.87779426574707	1343505.5673468285	73.44398188591003	1342965.5313038921	
67.07763266563416	1342759.6108315873	105.63527822494507	1343276.1987756088	107.85523128509521	1342482.4786604447	63.557624101638794	1334726.2252682517	73.61471557617188	1343042.2159891739	108.34692430496216	1343353.9246302273	88.37035727500916	1343999.6898376457	80.51795554161072	1342864.4763243778	81.89332556724548	1343512.2408985794	73.45896077156067	1342952.06858074	
67.09615588188171	1342789.19168191	105.65953826904297	1343269.5721464588	107.88171768188477	1342460.3782090012	63.57192254066467	1334749.1628431384	73.64260458946228	1343027.6700769484	108.36935043334961	1343357.3840627437	88.39875674247742	1344016.6607665333	80.5427770614624	1342824.4943396982	81.90727877616882	1343500.2246433035	73.47347378730774	1342962.4201406457	
67.11142086982727	1342761.0707378176	105.68407440185547	1343280.3568854837	107.90875244140625	1342472.6282416733	63.58763861656189	1334739.5318559683	73.66953492164612	1343055.2425071383	108.394038438797	1343359.9951503642	88.42435264587402	1344022.856237896	80.56839394569397	1342857.7755555655	81.92428994178772	1343504.4452178427	73.48897957801819	1342969.971649954	
67.12592673301697	1342764.9257101666	105.71023797988892	1343280.4203928544	107.93431258201599	1342469.0367983903	63.60488557815552	1334687.6708932954	73.69544267654419	1342883.1704761982	108.42034316062927	1343330.775481046	88.45737767219543	1344000.5342821025	80.5943021774292	1342899.338067911	81.93980193138123	1343499.1174262103	73.50399327278137	1343013.1711124917	
67.13999772071838	1342768.8465849373	105.73585915565491	1343283.368158338	107.96337509155273	1342460.2452433289	63.61854028701782	1334656.6367268548	73.72170877456665	1342885.212337161	108.4474663734436	1343335.870214429	88.48610043525696	1343985.1409137975	80.62364339828491	1342924.2783550124	81.95652890205383	1343517.8934662065	73.51999950408936	1342983.0577966291	
67.15350341796875	1342767.8943566517	105.76137399673462	1343285.5502249603	107.9903507232666	1342488.7925778965	63.638267517089844	1334641.4683382725	73.74740958213806	1342890.494337077	108.47414541244507	1343336.5354850506	88.51034235954285	1343986.410425089	80.64776992797852	1342925.8574324064	81.9696671962738	1343507.582780235	73.53450608253479	1343019.7149472118	
67.16956996917725	1342775.3830841356	105.78491640090942	1343288.7342312995	108.01436257362366	1342493.507732461	63.652918577194214	1334695.1420650717	73.77355313301086	1343154.0170113381	108.49903988838196	1343382.5741348942	88.53749299049377	1344449.9233823204	80.67277359962463	1342930.9926094734	81.98567628860474	1343526.1404316514	73.54901099205017	1343048.3157116384	
67.18349313735962	1342778.7125133164	105.80825638771057	1343245.833191122	108.04630661010742	1342495.676268398	63.6689887046814	1334579.5245130411	73.79500246047974	1343174.3130880776	108.52457046508789	1343395.389555904	88.56752514839172	1344437.2543625045	80.69609260559082	1342929.3988809402	82.00118255615234	1343516.722725512	73.56402349472046	1343366.0231089168	
67.20072555541992	1342768.87601419	105.83458709716797	1343252.6115430496	108.06865286827087	1342475.3262775142	63.68363070487976	1334570.169926252	73.82335662841797	1343216.9525025166	108.54924845695496	1343321.1472546994	88.59691572189331	1344430.7521154203	80.72073674201965	1342938.1390216595	82.0162763595581	1343518.305233945	73.57917404174805	1343353.55772004	
67.21560215950012	1342775.3910918676	105.85910081863403	1343253.6858239577	108.09774804115295	1343083.039480714	63.698686599731445	1334573.0450204716	73.84648895263672	1343223.6223400927	108.57864141464233	1343244.1425780903	88.63001036643982	1344123.9719452676	80.74626970291138	1342959.5922945119	82.02978372573853	1343517.5998335986	73.59318947792053	1343332.842351987	
67.2311201095581	1342730.5087692945	105.88286852836609	1343274.7220960031	108.12877607345581	1343070.2420347368	63.71317911148071	1334576.8369129088	73.87138414382935	1343240.1056264031	108.6045823097229	1343221.8532883134	88.65705800056458	1344007.8440435296	80.77295970916748	1342958.8597003438	82.04579019546509	1342709.3727588884	73.60569834709167	1343353.3810855069	
67.24433612823486	1342742.5754629504	105.90764880180359	1343262.827025273	108.15578699111938	1343069.9592313883	63.727490186691284	1334574.256041551	73.89701080322266	1343257.7987757174	108.62808442115784	1343217.439379157	88.68669772148132	1344008.2288995227	80.79878735542297	1342937.4182246178	82.0599639415741	1342678.7376047387	73.62026739120483	1343354.2430854742	
67.25935006141663	1342531.5450028267	105.93167281150818	1343269.964759834	108.18488311767578	1343077.7959050178	63.745176792144775	1334296.7746409718	73.92216539382935	1343224.0356943607	108.65410709381104	1343227.7242301705	88.71842384338379	1344005.2503070706	80.82200145721436	1342913.6639530058	82.07408666610718	1342674.9460508067	73.63577389717102	1343031.6158440132	
67.27486538887024	1342530.7456126707	105.95680737495422	1343270.5938016456	108.21541714668274	1343089.68575119	63.76068449020386	1334303.701976451	73.94765758514404	1343206.8511827504	108.68062925338745	1343232.4199893563	88.74966621398926	1344005.8000459587	80.84454274177551	1342911.4864273223	82.08909845352173	1342660.226061397	73.64827823638916	1343075.9116543822	
67.28953266143799	1342534.9784147604	105.98033356666565	1343272.494932008	108.2437355518341	1343122.3679343953	63.7765052318573	1334280.6927931388	73.97431635856628	1343211.3333708777	108.70552158355713	1343258.241800986	88.77952527999878	1344027.1853866791	80.86971473693848	1342978.3667116158	82.10231113433838	1342660.7916050293	73.66528916358948	1343058.1247949016	
67.30356979370117	1342538.7945637582	106.00435757637024	1343267.9156995807	108.26977849006653	1343109.1540042772	63.791558265686035	1334258.530139822	73.99808073043823	1343167.9777888774	108.73125576972961	1343317.3324619432	88.80595898628235	1343646.267660108	80.89307403564453	1342934.7097817496	82.11684846878052	1342656.082080091	73.67929792404175	1343141.7360202014	
67.31718230247498	1342515.617361324	106.0316162109375	1343291.912606684	108.30197930335999	1343130.8162123398	63.810654640197754	1334286.5236859529	74.02302813529968	1343183.9436753911	108.7544994354248	1343399.9144302616	88.83434057235718	1343647.724776999	80.91368317604065	1342944.483768737	82.13028287887573	1342658.481359482	73.69430589675903	1343095.0179232415	
67.33171081542969	1342614.5067368809	106.05613732337952	1343322.3807151043	108.33301138877869	1343131.0818220016	63.82700037956238	1334296.8623675522	74.04595613479614	1343162.9179336482	108.77824401855469	1343414.705142588	88.86164283752441	1343681.8809415977	80.94019627571106	1342937.3322446293	82.14425778388977	1342756.6725979464	73.70719599723816	1343044.3952513447	
67.3457989692688	1342606.5684128522	106.08065342903137	1343310.108665124	108.36136221885681	1343131.5695434406	63.84425711631775	1334299.6621856357	74.07140946388245	1343145.561763843	108.80325436592102	1343408.2469690195	88.89054918289185	1343695.4132173248	80.96415305137634	1342908.1949249958	82.15827822685242	1342738.4403653066	73.72220611572266	1343008.5719330544	
67.36155891418457	1342718.0464316788	106.10567593574524	1343299.5097794437	108.38774800300598	1343132.0671030998	63.86037349700928	1334827.5769775934	74.09796166419983	1343140.581247957	108.8311882019043	1343414.9492222317	88.91553807258606	1343736.7125335534	80.98821067810059	1342921.1788158184	82.17250943183899	1342751.670459342	73.73471117019653	1343007.4130379572	
67.37657594680786	1342976.3958834358	106.13228940963745	1343298.3127536995	108.41247487068176	1343116.2200841794	63.877721071243286	1334226.3190207717	74.12381982803345	1343130.8742059297	108.8566963672638	1342806.0619499316	88.9442572593689	1343713.059997415	81.0144259929657	1342907.8647047135	82.1877338886261	1342750.2625198474	73.74921703338623	1342984.771623972	
67.39166712760925	1342998.3983411572	106.15437769889832	1343285.5057548895	108.43925499916077	1343124.9676333151	63.8941433429718	1334226.6477288646	74.14561629295349	1343124.2801225174	108.88171243667603	1342800.751072713	88.97325873374939	1343794.7461442903	81.03993654251099	1342919.1026807127	82.20123815536499	1342783.084794192	73.76531648635864	1342986.6998757687	
67.40470910072327	1343045.7930108698	106.180428981781	1343292.620607295	108.46851968765259	1343119.0171016625	63.90909218788147	1334231.5748927041	74.16688776016235	1343161.5065359082	108.90724158287048	1342781.7422811957	88.99903774261475	1343792.017445026	81.06246614456177	1343363.7906050975	82.216561794281	1342790.7406902877	73.78003692626953	1343036.7361272075	
67.4187183380127	1343048.119451781	106.20294785499573	1343296.867102297	108.49553966522217	1343135.2157245053	63.926730155944824	1334197.0063308151	74.19078302383423	1343158.5372107604	108.93527555465698	1343157.963556758	89.02825951576233	1343792.017603628	81.09061288833618	1343362.2256614983	82.23167967796326	1342661.0136938773	73.79254412651062	1343024.7603642095	
67.43468642234802	1342995.5653772382	106.22846627235413	1343307.6875775247	108.52406883239746	1343153.8593937266	63.942404985427856	1334343.5688094536	74.21490097045898	1343150.6372497103	108.96172261238098	1343071.342433851	89.05471730232239	1343786.8834061986	81.11575150489807	1343332.616629733	82.24756932258606	1342653.9497966846	73.80904865264893	1343115.6665332834	
67.44769954681396	1343001.001907735	106.25556659698486	1343303.612771347	108.54911732673645	1343114.7283673878	63.9587619304657	1334348.5093528584	74.24060201644897	1343126.457392831	108.98639583587646	1342962.0304240708	89.07969188690186	1343798.091627791	81.13893008232117	1343338.2502651608	82.26207447052002	1342629.9882152216	73.82298731803894	1343105.4165384148	
67.46094393730164	1343214.3243152625	106.28080487251282	1343305.5266716098	108.5745017528534	1342793.38246	63.97591733932495	1334362.4642453468	74.26511979103088	1343143.201143782	109.0132212638855	1343162.4017613614	89.10740184783936	1343796.0881523972	81.16595792770386	1343549.5176106256	82.27681231498718	1342647.0362444075	73.83849143981934	1343064.915865118	
67.47599196434021	1342777.1232316082	106.30292463302612	1343306.857453654	108.60003161430359	1342818.9666180531	63.991570711135864	1334362.8516353895	74.28931832313538	1343138.7936734995	109.04212141036987	1343170.8098134126	89.1322762966156	1343794.2806030237	81.19004106521606	1343559.212349627	82.28990817070007	1342665.1687431661	73.85334038734436	1343082.971870932	
67.48964262008667	1342772.3646877517	106.32764720916748	1343345.5915979145	108.62777805328369	1342825.5294216492	64.00903677940369	1334394.9694695752	74.31433701515198	1343136.2507894617	109.06567978858948	1343115.1394799692	89.163743019104	1343779.0946827235	81.21682977676392	1343247.4655089874	82.30610823631287	1342663.6674326798	73.86884498596191	1343135.8204576024	
67.50465250015259	1342768.940866595	106.35166120529175	1343328.8177852386	108.65403890609741	1342826.1801450334	64.026052236557	1334429.9350184663	74.33536219596863	1343104.9842839884	109.09219145774841	1343128.927614796	89.19315719604492	1343774.646547203	81.24399089813232	1343294.4528663277	82.32382225990295	1342647.990399703	73.88336086273193	1343113.37560931	
67.51877450942993	1342779.3186725804	106.37919664382935	1343338.606643465	108.680734872818	1342824.197320431	64.0431694984436	1334461.466491012	74.3608808517456	1343079.919802204	109.1219630241394	1343123.8008591575	89.220623254776	1343818.0758036417	81.26803350448608	1343298.7856922876	82.3380241394043	1342649.7973989104	73.89886498451233	1343106.9477685958	
67.53280687332153	1342768.7850352433	106.40516567230225	1343348.1615021562	108.70846056938171	1342835.699223312	64.05928945541382	1334488.5573582894	74.38789939880371	1343065.5295412927	109.1505515575409	1343094.890653231	89.24860763549805	1343765.1830614936	81.2937593460083	1343290.5583062333	82.36758399009705	1342627.5623577903	73.91287684440613	1343107.7910258793	
67.54787826538086	1342767.9710983788	106.43071794509888	1343324.7522509706	108.73662614822388	1342840.7396018635	64.07693934440613	1334462.973456474	74.41242265701294	1343024.9001588821	109.17670202255249	1343094.740848101	89.27589178085327	1343771.938036734	81.31776928901672	1343282.3269871883	82.39388942718506	1342712.8769446379	73.92538118362427	1343123.5520681057	
67.56091642379761	1342802.649592654	106.45707988739014	1343353.0943626051	108.76664423942566	1343083.1868823417	64.09676504135132	1334270.4631018701	74.44426941871643	1343000.60254897	109.2002923488617	1343101.3937029203	89.29898834228516	1343806.4644693765	81.34049153327942	1343270.0354053858	82.42481470108032	1342710.6527293494	73.93888735771179	1343124.7748375977	
67.57515501976013	1342804.4935888036	106.48007655143738	1343358.8416717462	108.79054665565491	1343088.6942221862	64.11495327949524	1334290.6268574912	74.46945810317993	1342636.528218651	109.22544193267822	1343038.1695985978	89.32961392402649	1343812.7758790557	81.364089012146	1343309.2891192986	82.45895528793335	1342583.1643806372	73.95289611816406	1343116.4127280964	
67.58866739273071	1342797.7931934684	106.50743889808655	1343372.0079705177	108.816565990448	1343098.0480041653	64.13090944290161	1334291.1940836702	74.49482154846191	1342629.1710592888	109.2531955242157	1343002.4612537585	89.35253953933716	1343813.3278229933	81.38813757896423	1343311.1448164477	82.48362135887146	1342650.7100675222	73.96715354919434	1343123.650714986	
67.6026930809021	1342788.0897258667	106.5313367843628	1343359.0023601083	108.8480315208435	1343108.3243104364	64.1448860168457	1334328.88406028	74.51773500442505	1342640.3478413878	109.2777168750763	1342996.2846612826	89.37725257873535	1343833.2804185862	81.41231155395508	1343247.748013955	82.5078125	1342665.4303177507	73.98090028762817	1343120.5856206329	
67.61716294288635	1342777.7231728802	106.55603885650635	1343363.1427463738	108.8759171962738	1343093.2606283019	64.16002154350281	1334322.5017014393	74.5427725315094	1342610.7920496098	109.30415296554565	1342509.3578047196	89.39991760253906	1343833.5346177677	81.43532156944275	1343253.974601771	82.53421878814697	1342661.0167100448	73.99640417098999	1343123.6574120903	
67.63513445854187	1342771.7545339598	106.57946157455444	1343349.976808887	108.90011596679688	1343125.3800312087	64.17587494850159	1334311.3503944473	74.56778836250305	1343393.4514220124	109.33648347854614	1342569.6095538794	89.42388558387756	1343834.0397397175	81.46336054801941	1343272.8341448493	82.56276774406433	1342677.1933468855	74.01141357421875	1343126.3133749387	
67.64726138114929	1342766.5508732311	106.61037349700928	1343350.8562971163	108.92816185951233	1343131.1426452005	64.19265246391296	1334341.444279881	74.59331202507019	1343398.365326327	109.36070346832275	1342577.1244014164	89.44732451438904	1343810.6672210747	81.4911859035492	1343270.0077489608	82.58748292922974	1342639.8829059566	74.02706909179688	1343098.2426036831	
67.66087889671326	1342775.5502970545	106.63598442077637	1343348.0751445822	108.9606442451477	1343072.469981555	64.20897436141968	1334356.825225084	74.61803340911865	1343392.542210955	109.38359093666077	1342578.8855966192	89.46974515914917	1343810.6660697693	81.51818943023682	1343287.027467088	82.61199951171875	1342671.7722624498	74.04107904434204	1343103.3288446893	
67.67690658569336	1342783.8139900607	106.66128611564636	1343353.6872961873	108.98698091506958	1343096.8940092742	64.2278344631195	1334762.0889414607	74.64006805419922	1343392.623156421	109.41167426109314	1342574.0082142998	89.49405336380005	1343819.6765101908	81.5453929901123	1343230.333200545	82.64229369163513	1342647.9643603927	74.05458331108093	1343100.1438828479	
67.69143080711365	1342770.938672889	106.68916702270508	1343307.8057386188	109.01251816749573	1343106.631556176	64.24401545524597	1334757.5550257664	74.66319799423218	1343346.6018640334	109.43757724761963	1343000.7324052192	89.51903247833252	1343793.54943003	81.56831383705139	1343229.8543769612	82.67181253433228	1342646.2771788714	74.06908750534058	1343137.2092202073	
67.7048876285553	1342783.593068658	106.7114520072937	1343319.4635264406	109.03939151763916	1343112.7319623872	64.26322841644287	1334784.810259099	74.68255710601807	1343348.270764224	109.46259927749634	1343016.0124824473	89.54781484603882	1343805.6944150464	81.59598112106323	1343251.2591271969	82.69886493682861	1342648.8717300333	74.08460021018982	1343144.491945123	
67.71748852729797	1342759.6526610672	106.7348518371582	1343325.3344811946	109.06443071365356	1343099.675435417	64.28006482124329	1334798.4718647685	74.69706749916077	1343327.3570272569	109.49015784263611	1343235.6509746588	89.57423639297485	1344355.1555978535	81.61806678771973	1343263.962677904	82.72051954269409	1342631.5903607958	74.09910655021667	1343137.0692037325	
67.73313856124878	1342678.0381649756	106.75948119163513	1343342.8654527278	109.08795857429504	1343064.4390607113	64.29770517349243	1334798.7412288722	74.71090030670166	1343328.498671282	109.51728916168213	1343216.393614165	89.60011029243469	1344361.7596462886	81.64018607139587	1343261.747109566	82.74923825263977	1342643.6153419127	74.11311507225037	1343132.4681294542	
67.74764561653137	1342885.5071501136	106.781742811203	1343351.3978262302	109.11399030685425	1343060.8369254135	64.31312799453735	1334826.339042647	74.72591590881348	1343323.6600304907	109.54083228111267	1343263.1737604737	89.62496709823608	1344374.5541298615	81.66403698921204	1343269.404260669	82.77780938148499	1342643.8970612995	74.1286199092865	1342385.212349859	
67.76162552833557	1342883.7044175924	106.80840802192688	1343354.588081522	109.14394760131836	1343103.6070000338	64.32831120491028	1334795.7811609467	74.74093174934387	1343329.8852066773	109.57666039466858	1343275.1218421026	89.65197134017944	1344137.6789097183	81.68770122528076	1343254.7146802382	82.80281949043274	1342647.891754406	74.14162945747375	1342603.6841595357	
67.7757363319397	1342713.4710458927	106.83289980888367	1343372.3292636992	109.17037034034729	1343103.016768224	64.34572196006775	1334847.565360878	74.75544452667236	1343306.9096637059	109.60533404350281	1343299.014399672	89.6756534576416	1344163.6656901743	81.71281266212463	1343264.5288085071	82.83283925056458	1342647.267031558	74.15713477134705	1342621.846865296	
67.78893613815308	1342712.405993928	106.85907578468323	1343351.3177578598	109.19597387313843	1343102.11459771	64.36174941062927	1334841.2044862472	74.76945853233337	1343319.3707705692	109.6307578086853	1343299.196739422	89.70213174819946	1344187.2459580614	81.739821434021	1343256.1524517753	82.85835337638855	1342632.38747718	74.17129111289978	1342643.3489879763	
67.8059709072113	1342722.9422125246	106.88219738006592	1343340.5211242386	109.22149324417114	1343113.3073606938	64.3767831325531	1334845.440003336	74.78496956825256	1343320.2231781424	109.65777397155762	1343298.1790125107	89.7264039516449	1344141.2104752779	81.76640963554382	1343236.2478603597	82.88241600990295	1342641.3641577398	74.1899905204773	1342643.6018811318	
67.83261108398438	1342692.4000682237	106.90744805335999	1343336.7019830192	109.25096869468689	1343098.4917734254	64.39343905448914	1335085.2247149271	74.79947757720947	1343329.1613614683	109.68467736244202	1343328.635072646	89.7514135837555	1344133.492128759	81.79619264602661	1343187.6546664345	82.90644121170044	1342639.7388041543	74.20525574684143	1342641.621602698	
67.8577036857605	1342697.9012278647	106.93319821357727	1343344.9192495928	109.27594089508057	1343105.746110974	64.41219115257263	1334730.1013758387	74.81404399871826	1343349.335190918	109.7142379283905	1343331.5267323486	89.77602458000183	1344177.2300845254	81.81995749473572	1343192.037165385	82.93464350700378	1342620.6395603719	74.22377109527588	1342637.4261329828	
67.8820104598999	1342701.0353777404	106.95588064193726	1343276.5792035675	109.30014944076538	1343098.3279838804	64.42930483818054	1334693.2413803986	74.82956767082214	1343750.3593547249	109.73875594139099	1343289.1785113849	89.8005063533783	1344183.2602043373	81.84507703781128	1343192.669047799	82.9596757888794	1342622.6262484186	74.24178266525269	1342662.5640499638	
67.90843391418457	1342795.8858847783	106.98117542266846	1343281.1927324166	109.32378315925598	1343112.334531002	64.44423627853394	1334696.1037248285	74.84309029579163	1343723.229824318	109.76164126396179	1343292.3747191064	89.82741236686707	1344183.1722467295	81.86577868461609	1343220.599610551	82.98596501350403	1342622.758042581	74.25729465484619	1342659.0348395824	
67.93089032173157	1342818.2128041931	107.00999808311462	1343274.5401508855	109.35081958770752	1343118.2345010857	64.45961570739746	1334688.3079477372	74.85859727859497	1343717.2585394445	109.78365540504456	1343168.089276604	89.85080790519714	1344162.5422318883	81.88907170295715	1342898.9755940752	83.01599764823914	1342659.0717237191	74.26979994773865	1342644.11933237	
67.95405650138855	1342816.6883595933	107.03318405151367	1343271.174773287	109.38093376159668	1343598.094999288	64.47443222999573	1334718.8276997288	74.87411832809448	1343735.7195205577	109.80776882171631	1343175.1493966738	89.87510395050049	1344170.1198886754	81.91640377044678	1342739.6240416297	83.04151511192322	1342674.8323651964	74.28531122207642	1342636.7102033584	
67.97886419296265	1342816.8065142867	107.05993008613586	1343308.8910137187	109.40803599357605	1343607.137632674	64.49020743370056	1334726.8707037389	74.88985753059387	1343717.547412502	109.83153676986694	1343672.482023592	89.90176367759705	1344168.9785397667	81.94151973724365	1342751.2690668213	83.06552767753601	1342688.5528323096	74.29981470108032	1342806.0882525577	
68.00447750091553	1342825.570293626	107.08740162849426	1343385.714784481	109.43847155570984	1343631.5939677833	64.5049352645874	1334726.9552122797	74.9043664932251	1343715.2488675492	109.86242318153381	1343666.0075614622	89.93121099472046	1343805.418462594	81.96353554725647	1342767.0959876017	83.08542132377625	1342680.521245457	74.31347513198853	1342812.7621387818	
68.02602362632751	1342831.1139944552	107.11538243293762	1343446.7563363481	109.46532988548279	1343636.938095325	64.51956343650818	1334734.6032297763	74.92038583755493	1343590.7968500417	109.8917818069458	1343716.0802815529	89.95646739006042	1343869.4088233176	81.99100708961487	1342786.687171977	83.11171293258667	1342675.3693572145	74.32498073577881	1342769.788593745	
68.04993748664856	1342816.8196342855	107.14339208602905	1343424.9296210685	109.49642062187195	1343619.5644556342	64.53662967681885	1334744.1182248902	74.93540096282959	1343594.492351711	109.91781854629517	1343188.1603929237	89.98341226577759	1343865.5018290908	82.01614093780518	1342822.8971959276	83.14475703239441	1342658.549257669	74.34771680831909	1342824.8151262049	
68.0779480934143	1342798.5660521095	107.17401003837585	1343444.3323441441	109.51994490623474	1343627.1460896928	64.55171298980713	1334742.7196791552	74.95041608810425	1343607.3729260915	109.93961238861084	1343203.2706073164	90.00577878952026	1343877.8937701776	82.04014992713928	1342828.7133779074	83.17135405540466	1342661.284912672	74.36272716522217	1342818.605727369	
68.10206127166748	1342805.9938617998	107.2021975517273	1343458.927954508	109.54798674583435	1343678.141065395	64.56885719299316	1335031.4294618035	74.96592211723328	1343793.4322823875	109.96567463874817	1343201.1399611258	90.02885222434998	1343879.6043095011	82.06453204154968	1342842.7076621302	83.20055842399597	1342685.4416538293	74.37723922729492	1342815.0434291589	
68.12737679481506	1342828.5322150963	107.22693967819214	1343617.4274734312	109.57564902305603	1343707.229204167	64.58499360084534	1334756.5888066506	74.98193764686584	1343779.6441060936	109.99121117591858	1343221.4673142622	90.05435991287231	1344346.4519741267	82.09122490882874	1342889.50644097	83.22858881950378	1343470.3860537994	74.39048457145691	1342596.1125016226	
68.15492987632751	1342818.406457613	107.25053858757019	1343684.0794474685	109.60542321205139	1343720.5535519654	64.59959006309509	1334757.9019344472	74.99646306037903	1343864.5429993928	110.01786470413208	1343225.456617884	90.07757782936096	1344353.1934859892	82.11681079864502	1342888.9269339354	83.25332236289978	1343479.948143677	74.40399050712585	1342612.9126116456	
68.177072763443	1342807.1187303246	107.28130078315735	1343687.6141008679	109.65606427192688	1343721.9118002243	64.61424398422241	1334754.9890671642	75.00998401641846	1343868.4156176997	110.04209399223328	1343226.7672198475	90.1022891998291	1344346.6664437007	82.14556837081909	1342817.10661709	83.2793698310852	1343456.9011551165	74.41800332069397	1342575.6811940921	
68.20199537277222	1342821.1392033962	107.3098075389862	1343689.05336503	109.6836462020874	1343715.976855246	64.62778043746948	1334749.5564491495	75.02400708198547	1343864.2515286084	110.06718564033508	1343251.4345234092	90.12567114830017	1344334.5955716956	82.170086145401	1342818.323035771	83.3046510219574	1343470.9031406427	74.43362188339233	1342599.9170039478	
68.22532677650452	1342766.5057491744	107.33212351799011	1343689.8301802226	109.71078681945801	1342804.9225341578	64.64182782173157	1334751.2526405817	75.04002046585083	1343875.519560727	110.102707862854	1343253.8822898911	90.1501452922821	1344337.297606475	82.1971025466919	1342820.6734564581	83.32677626609802	1343471.6558758605	74.44612669944763	1342615.282387133	
68.25488448143005	1342767.16584898	107.35833621025085	1343689.593592105	109.7382287979126	1342830.380226557	64.6582522392273	1334724.2775944895	75.05552887916565	1343871.6705411603	110.13236045837402	1343253.8973311582	90.1764030456543	1344219.871058708	82.22315454483032	1342305.9234536428	83.35089445114136	1343464.758800498	74.46013331413269	1342620.5089997365	
68.27746653556824	1342887.8355174384	107.38726687431335	1343693.9880474599	109.76596403121948	1342795.2286950077	64.67322373390198	1334725.0363250547	75.07305240631104	1343882.1122285961	110.1575973033905	1343266.1854208745	90.20199131965637	1344266.6187779126	82.24674892425537	1342310.782497616	83.37241721153259	1343485.322712431	74.47414302825928	1342635.7741332129	
68.29898595809937	1342895.9246254577	107.41914010047913	1343682.1079214262	109.79104542732239	1342817.0891101197	64.68867325782776	1334699.997698666	75.09276795387268	1343860.81075517	110.18220663070679	1343262.011649685	90.22715663909912	1344250.6597835335	82.27002763748169	1342300.3726008646	83.40043783187866	1342710.782250084	74.48864793777466	1342639.3996596988	
68.3243465423584	1342899.0677415298	107.44387102127075	1343687.310192677	109.82183575630188	1342808.8978799854	64.70283722877502	1335060.3204754596	75.112783908844	1343855.3332056345	110.20772981643677	1343257.5484257527	90.25132274627686	1344250.5784619022	82.2931535243988	1342307.4526814548	83.42664432525635	1342710.7464722914	74.50318598747253	1342639.2070572171	
68.35106992721558	1342903.0883666202	107.47193622589111	1343646.7855560526	109.85359025001526	1342801.8349351136	64.7177665233612	1335057.5504860894	75.12779784202576	1343844.7523959274	110.23423361778259	1343259.853868252	90.27678775787354	1344269.1556428247	82.31984496116638	1342319.4972567074	83.44965481758118	1342712.220058218	74.5166916847229	1342638.2708345843	
68.37559127807617	1342865.8191996121	107.49850177764893	1343660.6371912314	109.88611245155334	1342801.6759017732	64.74316763877869	1335033.4234544805	75.14481616020203	1343879.2595654323	110.25956654548645	1343268.8314530088	90.30162286758423	1344276.0302495903	82.34336304664612	1342291.4453612932	83.47577905654907	1342691.6934183855	74.53124332427979	1342641.5454446403	
68.40155220031738	1342843.0902660158	107.5241219997406	1343644.176017375	109.9106388092041	1342808.6377300539	64.76947593688965	1335041.7619993554	75.16276931762695	1343869.6111973317	110.2825767993927	1343268.9021743892	90.3248701095581	1344276.0314142075	82.3687036037445	1342303.1711866176	83.49860692024231	1342718.3101451807	74.5437490940094	1342593.5461797523	
68.42410159111023	1342875.2596666599	107.5502142906189	1343659.2149116367	109.93617010116577	1342798.4712096122	64.79635334014893	1334823.032592655	75.1792778968811	1343885.5380981942	110.30676341056824	1343281.1077249835	90.35029792785645	1344318.1410898454	82.39499473571777	1342220.8496216445	83.5218653678894	1342719.5538769113	74.55825734138489	1342578.18364965	
68.44733309745789	1342867.1781361524	107.57690906524658	1343659.0136552358	109.96469378471375	1342770.542568566	64.81684279441833	1334848.5017585426	75.19429206848145	1343783.1060619086	110.3315372467041	1343250.3101742317	90.37519001960754	1344317.0457074016	82.4201967716217	1342225.2336712119	83.54738736152649	1342598.0874059903	74.5702657699585	1342593.938344436	
68.47170829772949	1342876.7900156064	107.60420322418213	1343636.4207431427	109.99216747283936	1342804.1988783844	64.83147883415222	1334439.8336608016	75.20996403694153	1343780.3467938858	110.36381793022156	1343227.1261764902	90.40222883224487	1344360.3822158512	82.44518327713013	1342207.8681621766	83.57620644569397	1342688.95998791	74.5859375	1342541.9894901956	
68.49590682983398	1342874.8658932825	107.63242721557617	1343642.1314044928	110.0256860256195	1343430.9285645538	64.84671783447266	1334450.6446709337	75.2249825000763	1344057.213001514	110.39034986495972	1343213.7221319703	90.42662954330444	1344434.377742403	82.46745586395264	1342208.9691447162	83.60421824455261	1342574.0431612162	74.59995579719543	1342545.8096965847	
68.52337074279785	1342826.235961617	107.66026568412781	1343437.234982982	110.05543613433838	1343640.0365038041	64.86176490783691	1334446.8022371924	75.23999404907227	1344077.9329566285	110.4153778553009	1342874.215984025	90.45170402526855	1344436.61174244	82.49043369293213	1342210.8091570663	83.62624073028564	1342567.2153249145	74.613609790802	1342544.0947606359	
68.55190062522888	1342753.9421801267	107.68788647651672	1343429.0181317895	110.07997441291809	1343633.3878909985	64.87490344047546	1334447.9388398095	75.25450301170349	1344086.563089605	110.44833445549011	1342895.4900339444	90.47417688369751	1344461.8108901337	82.5154435634613	1342207.1478934756	83.65077090263367	1342567.323953402	74.62884068489075	1342536.6874860728	
68.57747054100037	1342757.0131329894	107.71420097351074	1343434.1641473481	110.1069905757904	1343694.0823456512	64.88790535926819	1334455.798550614	75.26938366889954	1344100.0273828108	110.47307515144348	1342940.5587684254	90.49880385398865	1344714.393962243	82.53995680809021	1342232.495536941	83.67840242385864	1342573.6947868692	74.64136171340942	1342539.4455465735	
68.60075974464417	1342751.6821249414	107.7410535812378	1342476.0082506114	110.13109040260315	1343645.0528437463	64.90456771850586	1334464.3046127104	75.28690028190613	1344131.2422746303	110.49888825416565	1342959.722629148	90.52372097969055	1344748.5010350284	82.56417942047119	1342269.2213176473	83.70475769042969	1342684.1060650249	74.65586686134338	1342526.1414254403	
68.623854637146	1342744.708945062	107.76593685150146	1342336.8601901995	110.15410017967224	1343682.6358335926	64.9191358089447	1334464.947215834	75.30291843414307	1344134.805292592	110.52241802215576	1342956.0271183096	90.54921340942383	1344227.07654011	82.59188413619995	1343299.6739397412	83.73031234741211	1342684.8860599725	74.66987442970276	1342511.5014415635	
68.64737200737	1342741.7062063352	107.79769206047058	1342345.7981082352	110.17794060707092	1343696.3132520895	64.935133934021	1334705.0761380356	75.31842517852783	1344129.7842080665	110.5484390258789	1342948.055590082	90.57415914535522	1344223.8011504204	82.61545205116272	1343699.3183570388	83.7533347606659	1342702.323670048	74.68488621711731	1342503.5495679404	
68.67201852798462	1342700.2553786023	107.8256607055664	1342348.4792366019	110.20535230636597	1343713.8808365935	64.94905877113342	1334678.6016855808	75.33494520187378	1344061.7804408558	110.57335782051086	1342950.2061486978	90.59868693351746	1343596.0141946606	82.63941597938538	1343634.2463197447	83.7791051864624	1342689.7723865646	74.69706416130066	1342529.1897598424	
68.69468212127686	1342699.5347601315	107.85013580322266	1342337.0951023682	110.23171615600586	1343815.862907662	64.96437048912048	1334736.4399431434	75.34995746612549	1344053.9367164364	110.6000964641571	1342998.5755873555	90.62447237968445	1343596.3311288669	82.66315627098083	1343645.9955391285	83.81050229072571	1342691.3308490054	74.71107387542725	1342531.5784847597	
68.7220311164856	1342688.6376909395	107.87639594078064	1342514.3822873347	110.25943517684937	1343755.6551932984	64.97899842262268	1334736.6252439965	75.36546635627747	1344056.9193769116	110.62402200698853	1342993.9265112446	90.64956760406494	1343629.1690648657	82.68484377861023	1343641.5695729866	83.83652853965759	1342601.6902340301	74.72557806968689	1342505.1628697363	
68.7457046508789	1342687.9699543957	107.90503740310669	1342512.0205989883	110.28862285614014	1343771.9765469113	64.99431920051575	1334695.4966931345	75.38148283958435	1344056.1686445416	110.65117406845093	1342990.5212585435	90.67213606834412	1343627.3302708163	82.70985317230225	1343654.2100936496	83.86244630813599	1342593.5189932885	74.74058651924133	1342522.290882705	
68.76878905296326	1342701.0257891356	107.93341517448425	1342516.7753420325	110.31690764427185	1343715.6924340355	65.01115679740906	1334426.1188763224	75.39798903465271	1344021.1606555816	110.67871594429016	1342943.0851655777	90.69500231742859	1343635.447354146	82.73404550552368	1343658.6087771761	83.88697814941406	1342583.1895749401	74.75409293174744	1342521.38318528	
68.79717898368835	1342690.6837825275	107.95999574661255	1342513.7646663715	110.3424973487854	1343725.6552515966	65.02497696876526	1334440.6033041363	75.41514134407043	1344026.1219649883	110.70376205444336	1342928.011143767	90.72150897979736	1343629.2520847747	82.7600646018982	1343727.522385596	83.9165244102478	1342574.0180701131	74.7685968875885	1342503.8326723315	
68.8212502002716	1342703.1121523036	107.98237609863281	1342478.5566456185	110.36956977844238	1343733.3918478785	65.0398280620575	1334425.314159843	75.43166160583496	1344035.254026519	110.72761964797974	1342808.9952068836	90.74452042579651	1343594.4890930045	82.78575706481934	1343740.4709957568	83.93953561782837	1342571.4004948016	74.78210949897766	1342521.2310206832	
68.84753727912903	1342749.5059598326	108.01113867759705	1342497.9207646388	110.39777755737305	1343735.3568641504	65.0538375377655	1334510.0750857366	75.44817185401917	1344043.925175696	110.75040745735168	1342513.526207541	90.77132272720337	1343606.9679218773	82.8124041557312	1343742.957565206	83.96268630027771	1342582.6299583847	74.79737687110901	1342526.3489669212	
68.87272906303406	1342736.3837670272	108.0398690700531	1342483.0979232276	110.4219982624054	1343659.3983738583	65.06734323501587	1334518.562798606	75.4642767906189	1344042.5785812272	110.77397584915161	1342487.9046203294	90.79534029960632	1343569.893279664	82.8362762928009	1343481.8197407406	83.9876356124878	1342589.7166242579	74.81138753890991	1342393.9163209256	
68.89576315879822	1342754.6656696263	108.06554627418518	1342712.6867130967	110.44871306419373	1343657.965491166	65.0808515548706	1334542.492896182	75.48252201080322	1344053.3309225196	110.80049347877502	1342494.6347448502	90.82184720039368	1343322.2737505683	82.85831451416016	1343481.067813085	84.01064610481262	1342565.927194675	74.82439756393433	1342519.3810202773	
68.92031264305115	1342757.5311599048	108.09137344360352	1342401.3173096126	110.47298741340637	1343676.7430952014	65.09286880493164	1334545.2777127386	75.49953174591064	1344054.8402084475	110.82659482955933	1342564.7069533784	90.84729146957397	1343316.856751193	82.89116859436035	1343481.801910835	84.03482794761658	1342463.0342542166	74.83852100372314	1342531.9863139444	
68.94788384437561	1342785.8516314207	108.11708688735962	1342398.13868302	110.50143098831177	1343314.183369484	65.10737991333008	1334613.1395082553	75.51504373550415	1344058.2361492936	110.85090565681458	1342587.6177919912	90.86810445785522	1343313.3230008201	82.91834735870361	1343464.983577392	84.0598795413971	1342456.9370803619	74.85251116752625	1342514.5224362486	
68.97090983390808	1342802.3375128119	108.14471054077148	1342407.920194069	110.5244414806366	1343282.9057222935	65.12278532981873	1334603.4814014386	75.53061294555664	1344059.3819853927	110.87815880775452	1342833.903356859	90.89316034317017	1343295.6642343807	82.94387078285217	1343476.3769788581	84.08388924598694	1342473.6552082072	74.86701583862305	1342497.173351068	
68.99805760383606	1342802.714662307	108.17261862754822	1342422.8806010252	110.5508987903595	1343260.3457475663	65.13574075698853	1334603.5379669727	75.54761028289795	1344055.8589691098	110.90669512748718	1342812.8990360838	90.91588950157166	1343257.2041543836	82.97143530845642	1343509.9734414907	84.10723519325256	1342480.9099046437	74.88052749633789	1343102.4140909347	
69.02672863006592	1342819.748639892	108.20075249671936	1342422.0739930817	110.57741665840149	1343263.0013006607	65.15032577514648	1334634.5580002351	75.56315231323242	1344054.0153516752	110.93221545219421	1342803.3373327795	90.94127917289734	1343366.7000093525	83.0007073879242	1343797.368110393	84.13276147842407	1342419.8159735315	74.89503359794617	1343112.6144949174	
69.05216908454895	1342814.2285158425	108.22790217399597	1342285.4755127472	110.60644769668579	1343214.342144337	65.1643397808075	1334636.773838625	75.57809972763062	1344054.9082614742	110.9566023349762	1342936.7998237326	90.96802353858948	1343359.9853053798	83.02539253234863	1343821.3050565582	84.1617922782898	1342470.2600304498	74.90853714942932	1342590.3662103324	
69.07870221138	1342776.9614453756	108.25649380683899	1342300.3884719193	110.63103175163269	1343250.0946898093	65.17784881591797	1334632.31937554	75.59490442276001	1344014.9084295072	110.98462557792664	1342940.8574440526	90.99241733551025	1343365.1996350605	83.05091166496277	1343822.4489482066	84.18678307533264	1342470.2844795021	74.92154669761658	1342606.5768909752	
69.10487198829651	1342763.037136565	108.2811427116394	1342308.181066033	110.65612030029297	1343321.3018700366	65.191885471344	1334604.3208667638	75.61112213134766	1343994.7142286922	111.00910067558289	1342945.818993417	91.01554703712463	1343467.034813047	83.07876944541931	1343830.8881656171	84.21076464653015	1342466.197105314	74.93505144119263	1342643.22015569	
69.12909579277039	1342763.0406092992	108.30885148048401	1342319.264111305	110.68051838874817	1343326.610558505	65.20757412910461	1334612.6159978511	75.62630677223206	1344447.5718182267	111.03313660621643	1342924.6286322195	91.03857040405273	1343474.1423098217	83.10694861412048	1343851.9226582677	84.23428249359131	1343262.197523392	74.95106029510498	1342645.224928945	
69.15476202964783	1342763.4156137782	108.33565783500671	1342250.6375358733	110.70576643943787	1343333.6154341486	65.22233653068542	1334638.6052752854	75.64332604408264	1344450.771468813	111.05750298500061	1342938.190818014	91.05977249145508	1343485.611590753	83.13799667358398	1343846.0521409924	84.25743079185486	1343266.1249404289	74.9630696773529	1342617.727794342	
69.18190121650696	1342756.9264487054	108.36364388465881	1342258.6397665855	110.72676587104797	1343329.8634026845	65.2378478050232	1334628.3430454475	75.66034269332886	1344452.7254781285	111.08354187011719	1342924.7898135998	91.08232545852661	1343552.5997755826	83.16239929199219	1343849.7385118124	84.28344821929932	1342498.5971753465	74.97882676124573	1342590.094912765	
69.21019506454468	1342783.560556889	108.38826107978821	1342244.9941564882	110.75274896621704	1343315.1764564414	65.25237107276917	1334608.120745647	75.6771285533905	1344434.1256366125	111.10857439041138	1342922.809980559	91.10733675956726	1343553.080656321	83.18811202049255	1343878.2070278684	84.31389713287354	1342509.8991593022	74.99399638175964	1342593.4727988774	
69.23376178741455	1342794.6463007338	108.41534805297852	1342263.0646647287	110.77829241752625	1343333.8878308863	65.26688122749329	1334598.821362452	75.69314432144165	1344437.126822059	111.13464045524597	1342874.9095639372	91.13629579544067	1343649.40276144	83.21221709251404	1343881.8243554656	84.33991169929504	1342526.7552092269	75.01000595092773	1342973.5700511402	
69.26057863235474	1342856.1325406928	108.44072413444519	1342524.550685745	110.80368733406067	1343349.319178122	65.28189635276794	1334519.1644074072	75.71616005897522	1344154.9456819885	111.16439819335938	1342600.0469704233	91.16079711914062	1343672.2799551964	83.23763513565063	1343893.4703088722	84.36444091796875	1342525.3804341848	75.02621865272522	1342951.9046193855	
69.2854585647583	1342880.0439006346	108.46930146217346	1343165.5353965866	110.82621550559998	1343373.5369316828	65.29641103744507	1334498.9543179756	75.7401876449585	1344127.7521156943	111.19292211532593	1343224.5907914103	91.18351745605469	1343676.7348395553	83.2601990699768	1343880.4587321456	84.38872027397156	1342505.012220796	75.03872299194336	1342933.6647418616	
69.31113457679749	1342925.7961094964	108.49376916885376	1343187.3773740209	110.85193753242493	1343375.5971085886	65.31142377853394	1334486.8991342	75.75669574737549	1344131.9788053804	111.22718572616577	1343243.2916060989	91.20832562446594	1343676.0602055266	83.28326845169067	1343880.0343171114	84.41174101829529	1342512.8071729052	75.05240941047668	1342915.4248385516	
69.33678841590881	1342875.500506032	108.51520133018494	1343191.0078744208	110.87595081329346	1343105.2301665698	65.3264389038086	1334558.0153104123	75.77171277999878	1344135.069214524	111.25020051002502	1343264.6963887224	91.23506331443787	1343693.439448042	83.30978178977966	1343885.5057364677	84.44002556800842	1342514.9913809453	75.06791472434998	1342937.0861629131	
69.37098979949951	1342882.8728316298	108.54214358329773	1343209.028453756	110.89977955818176	1343211.7251399204	65.34264588356018	1334513.459408805	75.78822207450867	1343836.4975922613	111.27656102180481	1343275.4966458033	91.25787043571472	1343667.0969682783	83.33565068244934	1343860.7163221857	84.46855568885803	1343355.410257742	75.08122062683105	1342937.93190588	
69.40683269500732	1342898.9889874258	108.56693458557129	1343083.8223661254	110.92319822311401	1343220.1392045156	65.35815286636353	1334503.345511005	75.80369520187378	1343843.0982515428	111.3019061088562	1343269.7244016174	91.28250551223755	1343677.3538070763	83.36725616455078	1343843.4589294002	84.48957562446594	1343346.641541898	75.09511041641235	1342938.5304252969	
69.44279265403748	1342912.0387652244	108.58966040611267	1343087.4296873962	110.94909739494324	1343225.8461010566	65.3731734752655	1334504.5782649731	75.81951308250427	1343866.9643097282	111.32795000076294	1343270.5535602258	91.3048722743988	1343649.5224448359	83.39077305793762	1343791.4935270115	84.51431727409363	1343354.1253129228	75.11014533042908	1342935.092100202	
69.47604179382324	1342910.9157037728	108.6166923046112	1343083.480965945	110.97529435157776	1342947.4919085673	65.38867974281311	1334542.3524397826	75.8365364074707	1343869.8287312584	111.35430812835693	1343253.4319121158	91.33170008659363	1343477.6108575389	83.41384172439575	1343786.2260950974	84.5394172668457	1343370.646912963	75.12610244750977	1342938.1217545809	
69.50581479072571	1342903.1439325484	108.64180088043213	1343018.3525250794	111.0046079158783	1342944.2380658044	65.40288805961609	1334561.6915252567	75.85254859924316	1343879.485795003	111.38431525230408	1343247.6360306263	91.35689425468445	1343461.6601222504	83.4368507862091	1343773.6122131024	84.55806183815002	1343371.9801738507	75.13953900337219	1342987.618967128	
69.53453302383423	1342917.3291659444	108.66713166236877	1343014.10306487	111.03004240989685	1342910.3138706915	65.41718482971191	1334509.6804979478	75.86856055259705	1343879.2587314579	111.41049671173096	1343266.3364360954	91.37887597084045	1343472.4042207764	83.45886325836182	1343763.4301729454	84.58630132675171	1343381.164204731	75.15418887138367	1342963.6951126978	
69.56305241584778	1342891.6233216105	108.69089007377625	1343010.9409468013	111.05520749092102	1342896.3691477266	65.432204246521	1334521.8235567934	75.88571572303772	1343889.780578393	111.44059085845947	1343269.244372089	91.40416812896729	1343432.0868317734	83.48689794540405	1343758.3806491806	84.61932516098022	1343392.3930661266	75.16769313812256	1342952.7691340684	
69.59661269187927	1342915.2949557104	108.71416592597961	1343020.3567460491	111.07874250411987	1342887.8955395939	65.45172262191772	1334540.5363042825	75.90072965621948	1343877.1078989112	111.46442484855652	1343272.0307209091	91.42707872390747	1343435.2048064861	83.51396751403809	1343758.0764176361	84.64743900299072	1343399.3955869451	75.18190550804138	1342953.5156736576	
69.63369154930115	1342895.0284419372	108.73949861526489	1343050.8810098667	111.10476970672607	1342813.711841563	65.46823334693909	1334641.2503100117	75.91623640060425	1343895.6580603875	111.48695921897888	1343277.3418171417	91.45184540748596	1343452.8415462777	83.53710651397705	1343717.6348596741	84.67697548866272	1342603.4556487345	75.19659924507141	1342955.3572715623	
69.66661167144775	1342910.285404276	108.76392412185669	1342896.933372667	111.1277961730957	1343007.7753666525	65.48525190353394	1334667.7769628894	75.93375539779663	1343893.650157629	111.51411414146423	1343288.4266626397	91.47758603096008	1343450.6512700506	83.56027626991272	1343709.880408951	84.70299100875854	1342611.4438251173	75.210608959198	1342943.5782684397	
69.69463205337524	1342867.9090806423	108.78688478469849	1343098.8688942664	111.15181112289429	1344098.3667256415	65.50226426124573	1334671.0250435835	75.94976687431335	1343865.3317346654	111.53903269767761	1343336.8138612707	91.50408506393433	1343442.9255442594	83.58706498146057	1343706.2544754415	84.72812104225159	1342543.8859262315	75.22527623176575	1342939.0607575087	
69.72233748435974	1342857.5387367464	108.81136393547058	1342910.8725926834	111.17649245262146	1344093.2935307382	65.51777338981628	1334675.410369717	75.96527647972107	1343863.0397812566	111.56368517875671	1343334.5229716694	91.52705025672913	1343440.6820894289	83.60990524291992	1343714.0672562558	84.7577691078186	1342547.14967961	75.23778057098389	1342947.506373765	
69.75795078277588	1342850.992769827	108.8371205329895	1343232.2400026203	111.20205950737	1344077.9309124413	65.53400993347168	1334668.4433986188	75.9822907447815	1343873.4143480703	111.58871865272522	1343338.8948320341	91.5509889125824	1343443.4268879234	83.63391709327698	1343713.7435902883	84.7817018032074	1342543.5876005224	75.25170183181763	1342911.2849297598	
69.78863048553467	1342868.071093802	108.86126732826233	1342944.4646563525	111.23021960258484	1344069.3916390932	65.55293846130371	1334667.2806283277	75.99929976463318	1343864.120012124	111.61224913597107	1343339.274025996	91.57443571090698	1343444.218640641	83.66153573989868	1343713.17474458	84.8162522315979	1342551.6446800139	75.26654076576233	1342912.9007468324	
69.81565022468567	1342883.2174119512	108.88531160354614	1342962.2769166457	111.25475358963013	1343905.1848160762	65.56795978546143	1334668.4903558164	76.01533079147339	1344155.7698982293	111.6395320892334	1343356.7344250123	91.59969735145569	1343449.1330125667	83.68663954734802	1343740.4667775622	84.84678649902344	1342555.9659878886	75.28255820274353	1342917.8418328362	
69.84736514091492	1342892.4535962746	108.91025376319885	1342945.7345872822	111.28193378448486	1344021.8177073987	65.58382081985474	1334676.4593807564	76.03088974952698	1344160.6832954406	111.67556977272034	1343351.0377007737	91.62542366981506	1343449.4944951183	83.70865154266357	1343728.7686706914	84.8728187084198	1342540.4783944613	75.2970666885376	1342913.3949912845	
69.8801703453064	1342873.6610280199	108.9327826499939	1342982.26823286	111.30645298957825	1344027.3453983478	65.59985995292664	1334660.020252014	76.04633593559265	1344165.6679234533	111.70357036590576	1343347.2176458957	91.65233969688416	1343450.6221991265	83.73219871520996	1343821.751858743	84.89634609222412	1342543.6085361731	75.31207513809204	1342951.8019596795	
69.9089207649231	1342851.761818574	108.9561710357666	1342987.965892252	111.3337013721466	1343825.2835054763	65.61806011199951	1334617.7590994763	76.06145596504211	1344156.0598068498	111.72861194610596	1343382.320330395	91.67970728874207	1343454.6017452874	83.75688982009888	1343853.5092452634	84.91865587234497	1342780.495516981	75.32757949829102	1342955.3071202035	
69.93887758255005	1342857.6740988398	108.981862783432	1342985.3641023785	111.3592209815979	1343830.7256739894	65.63474893569946	1334643.9495613654	76.07727646827698	1343902.8398787065	111.75263285636902	1343417.14910693	91.70442938804626	1343484.6554758274	83.78410649299622	1343830.6193459376	84.94594669342041	1342787.8888650397	75.34258794784546	1342909.4789106916	
69.9781060218811	1342799.2362610295	109.00733280181885	1343093.026482235	111.38988518714905	1343880.7444399076	65.64876556396484	1334648.7742899356	76.0959084033966	1344007.7526088194	111.78042674064636	1343329.3218225571	91.73025703430176	1343488.370764245	83.81196928024292	1343807.486629058	84.97615194320679	1342765.4696517775	75.3590931892395	1342911.0739092475	
70.00635099411011	1342772.147760438	109.03208422660828	1343111.8676427174	111.4128029346466	1343933.573013863	65.66777682304382	1334678.2502806038	76.1129264831543	1343942.228878239	111.80782961845398	1343430.8444219327	91.75687503814697	1343488.4164961388	83.83498191833496	1343828.4752000652	85.0018539428711	1342746.5284799207	75.37510752677917	1342909.3679092466	
70.03602242469788	1342806.5534942963	109.05588006973267	1343108.4042618677	111.43629741668701	1343823.6588279775	65.68378853797913	1334675.4940717586	76.13045001029968	1343946.2118244956	111.8331732749939	1343698.5063217822	91.78633952140808	1343360.2463587176	83.8585319519043	1343821.2313852038	85.0260238647461	1342753.6707247337	75.38861346244812	1342916.34764398	
70.0653281211853	1342814.5811401329	109.07870531082153	1343114.0163151112	111.45883846282959	1342703.6868342855	65.70180106163025	1334671.1417791618	76.14395928382874	1343942.161549589	111.85652112960815	1343720.8668495226	91.81030607223511	1343351.98875539	83.88281869888306	1343821.3001528883	85.05105137825012	1342768.880427391	75.4041337966919	1342917.7409273891	
70.0929970741272	1342835.6841458417	109.10328006744385	1343120.360298049	111.48300862312317	1342707.784045341	65.71930861473083	1334671.1222962865	76.15946674346924	1343939.483312017	111.88231801986694	1343791.9731870624	91.83808183670044	1343370.0611064492	83.9048843383789	1343847.0471797597	85.08057188987732	1342764.2124644355	75.41814160346985	1342913.0546914574	
70.11936354637146	1342833.5883320172	109.13004803657532	1343116.2309500983	111.50702714920044	1342659.9934391358	65.7376537322998	1334632.892756787	76.17463755607605	1343946.5600324143	111.90763545036316	1343796.7155838923	91.8671944141388	1343362.955908323	83.9299213886261	1343834.4733746918	85.09762835502625	1342797.4220722604	75.43385791778564	1342924.2248616517	
70.14725470542908	1342821.7781523266	109.1519546508789	1343122.9371091025	111.53330516815186	1342627.4985220404	65.75417590141296	1334654.474430658	76.19117498397827	1343955.3639473554	111.94266390800476	1343875.2369135967	91.89513969421387	1343386.0745961345	83.95322871208191	1343883.0328639084	85.11218905448914	1342794.4268920962	75.44714260101318	1342914.7405982157	
70.17384648323059	1342983.9782533913	109.17708373069763	1343126.3056894708	111.55853915214539	1342604.5032472508	65.77418971061707	1334646.7092740873	76.20561265945435	1343919.6494923995	111.97395086288452	1343875.366149334	91.9175214767456	1343407.1480509304	83.97523999214172	1343877.8997799966	85.12784457206726	1342760.5925816272	75.46115255355835	1342922.4249720797	
70.20386981964111	1342988.2685041716	109.19961023330688	1343126.3615548057	111.58010196685791	1342653.631876715	65.78869247436523	1334644.7876743607	76.2241415977478	1343894.7936242688	111.99997019767761	1343887.6415359164	91.94340205192566	1343390.5245904736	83.99881362915039	1343872.4308312917	85.1413426399231	1342754.7990122586	75.47616052627563	1342956.5957075756	
70.23218607902527	1342822.15294509	109.22366619110107	1343112.5105365203	111.60441589355469	1342654.8605634647	65.80383396148682	1334650.5618014412	76.2381660938263	1343929.1621909596	112.02351093292236	1343872.9228826866	91.96796488761902	1343392.2563665123	84.02632761001587	1343923.0854584018	85.15384721755981	1342758.1506107054	75.49120879173279	1342955.9777359425	
70.25719857215881	1342823.4935897414	109.24489998817444	1343119.038456421	111.6329140663147	1343471.239462055	65.8193371295929	1334887.6774943098	76.25317454338074	1343936.6808463582	112.05081939697266	1343862.4493450464	91.99207472801208	1343396.3693886697	84.05435848236084	1343952.9547311657	85.16785883903503	1343073.1044336883	75.50471329689026	1342947.461535853	
70.2844467163086	1342822.9942104372	109.26930046081543	1343117.1063215325	111.66367506980896	1343507.628842551	65.83434772491455	1334902.5181921776	76.2697057723999	1343937.974576663	112.0793342590332	1343854.1452476112	92.02023792266846	1343399.1050622829	84.08303475379944	1343970.2095322772	85.18405747413635	1343085.780056955	75.51921772956848	1342939.7412575865	
70.31099009513855	1342827.7861611827	109.29087686538696	1343137.8753551107	111.6862211227417	1343545.2809803686	65.85186815261841	1334905.6245993262	76.28299927711487	1343938.0009943128	112.10434460639954	1343815.3421300934	92.04344844818115	1343371.9435060264	84.10829210281372	1344049.6265194411	85.19760966300964	1343085.625420099	75.53322672843933	1342942.1019537076	
70.33887052536011	1342792.6452421637	109.31542229652405	1343116.6536080248	111.71174263954163	1343537.7839619329	65.86837601661682	1334909.0809368514	76.29651188850403	1343939.2635903275	112.1278965473175	1343809.592693851	92.06665802001953	1343379.711480662	84.13381052017212	1344060.7291607652	85.2111165523529	1343093.3441959508	75.54773092269897	1342874.3582182392	
70.36897230148315	1342796.196354299	109.34140515327454	1343119.561023793	111.73628067970276	1343543.2867194961	65.88338589668274	1334619.1061727097	76.31154012680054	1343923.1111688735	112.152419090271	1343830.5342445604	92.09114861488342	1343380.0586843204	84.15633296966553	1344076.3803166784	85.22468948364258	1343088.406228345	75.56174087524414	1342984.623893688	
70.39315986633301	1342802.344131985	109.36423850059509	1343110.5476300006	111.7598009109497	1343566.3164169558	65.8998920917511	1334585.6134185935	76.32657289505005	1343922.5922859302	112.17854475975037	1343832.881804382	92.11737322807312	1343379.8548873265	84.17986726760864	1344074.4684845633	85.23770070075989	1343099.4731706907	75.57525157928467	1342985.9761884462	
70.4217038154602	1342799.634121751	109.38733696937561	1343117.5609709409	111.78920674324036	1343593.0429571578	65.91390228271484	1334559.331655359	76.34359836578369	1343907.1618946653	112.2076165676117	1343838.0676962093	92.14207601547241	1343364.7419943926	84.20447778701782	1344009.579643325	85.25120496749878	1343114.9442185215	75.58839178085327	1342985.0550831442	
70.44987034797668	1342807.3296708486	109.41127181053162	1343130.0186892103	111.81307125091553	1343591.248157834	65.9299144744873	1334571.4886412923	76.35710406303406	1343948.0349097303	112.2376434803009	1343829.1048348958	92.16567945480347	1343309.5369504637	84.22999215126038	1344006.6138851591	85.26571011543274	1343116.819534267	75.60300993919373	1342980.1188859628	
70.47799253463745	1342794.5486960076	109.43496942520142	1343127.5366936708	111.84295678138733	1343571.5993298702	65.94415664672852	1334527.3180083586	76.37111830711365	1343952.6225943347	112.25952482223511	1343815.7247162082	92.19175934791565	1343325.4787288914	84.25853228569031	1344004.39342296	85.2797212600708	1343098.8396953635	75.6165144443512	1342978.6034287948	
70.50537085533142	1342794.6728901402	109.45819282531738	1343117.730956945	111.87030506134033	1343550.6069072366	65.95866274833679	1334528.630136969	76.38862609863281	1344468.2875240964	112.28355503082275	1343817.0941628544	92.21549820899963	1343343.4777386677	84.28276443481445	1344002.9427003383	85.29322528839111	1343083.4722260633	75.63017106056213	1342992.5918383796	
70.53394031524658	1342800.2428126573	109.4843270778656	1343136.0024243093	111.89383673667908	1343572.230296076	65.97767424583435	1334578.4543847628	76.4031434059143	1344471.9546097217	112.3121702671051	1343881.9774239894	92.23948621749878	1343346.3535862276	84.30786514282227	1344006.5275139073	85.30723428726196	1343093.14082464	75.64367866516113	1342989.6471719397	
70.56197547912598	1342796.8869750767	109.50833249092102	1343136.0790157116	111.92189264297485	1343533.1913570287	65.9901819229126	1334556.9097329779	76.4209635257721	1344422.5116281188	112.33722162246704	1343871.8769681402	92.2638680934906	1343380.9021835504	84.33092617988586	1344029.6137728759	85.31924414634705	1343120.203899278	75.65818428993225	1343048.4300126992	
70.59200119972229	1342785.8718603423	109.52982568740845	1343107.7356253108	111.94911766052246	1343559.6193343948	66.00770688056946	1334635.5369354016	76.43697762489319	1343802.9200728156	112.36242938041687	1343881.5218308573	92.28710842132568	1343389.9644346295	84.35544919967651	1344045.5434666888	85.33445835113525	1343101.1113834186	75.67377710342407	1343048.4617848983	
70.61716198921204	1342802.7136282877	109.55312299728394	1343114.4778162548	111.9741427898407	1343560.408879591	66.02271580696106	1334610.4449462336	76.4519956111908	1343845.405328087	112.3879566192627	1343870.030806246	92.31239318847656	1343445.6524714055	84.38076901435852	1344065.1015056223	85.34846901893616	1343074.4968490617	75.68778562545776	1343031.110866924	
70.64394760131836	1342809.5760105457	109.59148073196411	1343055.9120954673	111.9995048046112	1343528.2346574278	66.04122996330261	1334593.267004118	76.46700859069824	1343842.4426054312	112.40918183326721	1343885.4883563318	92.33714151382446	1343504.5798745076	84.40797114372253	1344050.837633353	85.36297392845154	1343080.6335946305	75.70132517814636	1343007.2850537954	
70.67085886001587	1342786.3480404655	109.63482856750488	1343039.0400339456	112.02350997924805	1343566.166992956	66.05873894691467	1334588.8781836971	76.48302745819092	1343843.667415177	112.4357271194458	1343829.3572433386	92.36173844337463	1343496.9998208939	84.43349075317383	1343988.3862948625	85.37908673286438	1343085.8880247911	75.71583032608032	1343034.0178291756	
70.69791793823242	1342781.6133181155	109.67187476158142	1342967.435564962	112.04588723182678	1343590.8923090724	66.07774996757507	1334599.8697290996	76.49625873565674	1343845.8229077372	112.46145725250244	1343807.3017537277	92.38575482368469	1343513.6479319758	84.45650172233582	1343993.2798649585	85.39243340492249	1343090.4769702782	75.72833371162415	1343034.0497041484	
70.72398662567139	1342809.0516405245	109.71524047851562	1342971.310850526	112.06942558288574	1343653.7645629572	66.09577059745789	1334494.76898015	76.5122742652893	1343857.1449367004	112.48903369903564	1343947.416784163	92.40869402885437	1343542.9513934029	84.48778986930847	1344006.9055204703	85.40593719482422	1343114.7253388434	75.74263072013855	1343035.5690465705	
70.74912071228027	1342809.0380647248	109.75448393821716	1343010.481798032	112.09445118904114	1343657.40383444	66.10927891731262	1334529.70761999	76.52928709983826	1343876.2639963839	112.51773452758789	1344018.6619561992	92.43046522140503	1343543.5350988042	84.5133125782013	1344007.055477941	85.42197275161743	1343151.9126811435	75.75613856315613	1343047.1004371732	
70.77805280685425	1342805.3728994501	109.79679107666016	1343014.5818313959	112.12097573280334	1343657.3128922582	66.12529706954956	1334550.4550177942	76.54630279541016	1343889.0344741237	112.54586005210876	1343864.762312712	92.45466566085815	1344191.042457057	84.53821301460266	1344004.4533706119	85.43389105796814	1343157.56893311	75.77165269851685	1343049.8997216742	
70.80505776405334	1342861.4892635692	109.83093428611755	1343015.791703445	112.14651274681091	1343658.7850723225	66.13981652259827	1334703.3713137407	76.56131291389465	1343890.2284060235	112.57012009620667	1343866.819458389	92.48032784461975	1344195.178155284	84.56348848342896	1342973.8871717344	85.4486358165741	1343180.1852651786	75.78406000137329	1343048.7183386288	
70.83221340179443	1342862.280681579	109.8657636642456	1343025.238173363	112.18139791488647	1343623.9370367904	66.15852403640747	1334578.2358406312	76.57682013511658	1343900.2890301333	112.59414052963257	1343908.5555935174	92.50510168075562	1344167.1634561303	84.58806777000427	1342982.5952995052	85.46214032173157	1343279.7761293978	75.79856395721436	1343056.2796277688	
70.8600549697876	1342856.3776683134	109.90418148040771	1343020.8026448498	112.20920634269714	1343663.0345634401	66.17353391647339	1334586.7120048916	76.59183669090271	1343909.5802339271	112.61784505844116	1343910.6838948468	92.5304811000824	1344153.3420925927	84.61103248596191	1342989.3143659178	85.47614932060242	1343249.4627220829	75.81179571151733	1343043.761661109	
70.8842978477478	1342873.003265513	109.93990468978882	1342990.9945207	112.23997282981873	1343666.384709646	66.19003748893738	1334529.0952450817	76.60585021972656	1343907.5631398102	112.64688038825989	1343881.0770881395	92.55665349960327	1344147.2682583684	84.63473725318909	1342980.3156506314	85.48865461349487	1343228.7011551918	75.82390975952148	1343041.9503265256	
70.91024398803711	1342866.2920745828	109.98236680030823	1342905.6401758392	112.26816082000732	1343672.711762585	66.20879435539246	1334500.2816081617	76.62049198150635	1343901.1716743784	112.68041825294495	1343841.6123813142	92.5860366821289	1344149.1168154755	84.65830397605896	1343011.4926483554	85.50322270393372	1343215.4793278275	75.83741426467896	1343001.5785839842	
70.93901038169861	1342845.3980922427	110.02133417129517	1342919.545026576	112.29567766189575	1343667.0447462264	66.22380805015564	1334509.6985214222	76.63550686836243	1343894.948992452	112.70770716667175	1343857.5921166604	92.6077733039856	1343839.750049179	84.68654179573059	1343012.0078682886	85.51593136787415	1343228.9028681417	75.85106492042542	1342999.0117480063	
70.96719145774841	1342871.9466212569	110.06195712089539	1342935.279043345	112.32220196723938	1343667.9830222155	66.2398157119751	1334500.9039027009	76.65152311325073	1343837.500019021	112.73327398300171	1343861.8704814217	92.6318359375	1343871.222015605	84.7120008468628	1343015.1074863202	85.52921652793884	1343241.8177253522	75.86356902122498	1343005.9554972693	
70.99680161476135	1342863.8355170044	110.10526132583618	1342934.7140826597	112.35019636154175	1343866.560640115	66.2588472366333	1334503.9085662714	76.66703081130981	1343838.1278419213	112.75879693031311	1343856.2299672428	92.65776014328003	1343865.596889513	84.73590564727783	1343011.3169635248	85.5425672531128	1343238.9128840812	75.87657880783081	1343012.9060991216	
71.02229261398315	1342873.3690908973	110.1441023349762	1342940.731726408	112.37520146369934	1343872.2019226516	66.27486562728882	1334532.9145668282	76.68268656730652	1343843.6231342114	112.78232169151306	1343835.7651165351	92.6823616027832	1343871.4015377332	84.76097249984741	1343586.9908443966	85.5555739402771	1343249.9598670201	75.89258670806885	1342999.750711183	
71.04884719848633	1342869.5347872768	110.18297386169434	1342952.8685190843	112.40412068367004	1343796.450948802	66.2883722782135	1334544.4683854736	76.69819164276123	1343845.8939293511	112.80434203147888	1343821.4067155872	92.70606327056885	1343896.0290076328	84.78879594802856	1343179.6466182182	85.5707426071167	1343207.1800751558	75.90609240531921	1342989.9531447298	
71.0761456489563	1342889.6547000203	110.22500038146973	1342950.4701576633	112.42912173271179	1343779.7037228544	66.30339169502258	1334546.3457177854	76.7142059803009	1343866.941455277	112.8295271396637	1343821.6996123379	92.74116802215576	1343894.9088668788	84.81397938728333	1343177.5380040018	85.58424925804138	1343278.4863444983	75.92110133171082	1342987.9410540275	
71.10292792320251	1342884.5088183458	110.259268283844	1342968.2414339362	112.45574259757996	1343668.281857033	66.31889963150024	1334547.000166862	76.72822999954224	1343871.5632097584	112.85883617401123	1343857.9182702166	92.78700160980225	1343902.2995941779	84.84069061279297	1343194.7999481908	85.59825801849365	1343235.6027906926	75.93660545349121	1342976.2887584742	
71.12992596626282	1343187.0406651865	110.30310392379761	1342978.2838197197	112.48676633834839	1343683.2695693453	66.33714723587036	1334788.240954102	76.74224877357483	1343890.6818678195	112.88389372825623	1343835.512895933	92.83077478408813	1343912.1370648944	84.86374354362488	1343144.8025380222	85.61247038841248	1343253.5261412957	75.95011186599731	1342946.7258904376	
71.15646839141846	1343174.6405353383	110.33592820167542	1342977.0126159526	112.51481342315674	1343690.4197836772	66.35567665100098	1334783.6191244	76.75526523590088	1343889.0217476517	112.90947127342224	1343804.7599021296	92.87097191810608	1343901.7683415252	84.88809132575989	1343082.5266450448	85.62597751617432	1343256.9275040755	75.96166491508484	1342929.3732369351	
71.1840410232544	1343188.2072300569	110.3730583190918	1342972.5437952678	112.54417943954468	1343699.4630169747	66.37162971496582	1334782.3013592106	76.77098608016968	1343889.0260056232	112.93303632736206	1343817.8093825195	92.90908932685852	1343913.221401762	84.91061305999756	1343081.3822721934	85.63998651504517	1343272.4349229005	75.97517681121826	1342931.6048270045	
71.21117377281189	1343203.6222415722	110.40744376182556	1342966.4723503825	112.56968212127686	1343645.1637611173	66.38764548301697	1334794.2193390992	76.78858852386475	1343903.6472233636	112.95889616012573	1343818.7093450245	92.9462776184082	1343908.502022368	84.93474888801575	1343446.2302022118	85.65399837493896	1343297.715498723	75.99143195152283	1342836.5373398405	
71.23697090148926	1343208.604494155	110.44280791282654	1342981.002995479	112.59447932243347	1343644.7763604189	66.40533995628357	1334742.0124315945	76.80378484725952	1343834.4141664621	112.9839141368866	1343839.8781411673	92.9915382862091	1343898.0791382545	84.9598753452301	1343448.4462588958	85.66699409484863	1343150.691811445	76.00593662261963	1342840.0685205716	
71.26386833190918	1343206.9332999543	110.47695684432983	1342965.007903367	112.63646721839905	1343641.9743018732	66.41985130310059	1334460.696960415	76.81970715522766	1343832.5578254452	113.01846265792847	1343856.2568984434	93.03433227539062	1343891.0608525337	84.98889017105103	1343420.6936802918	85.68100905418396	1343135.8911186857	76.02194738388062	1342750.313431883	
71.29194116592407	1343205.6318565817	110.5115978717804	1342968.2748471303	112.66778874397278	1343683.3436332995	66.43786835670471	1334516.0519170605	76.83620977401733	1343794.5417776417	113.04398274421692	1343861.9107253528	93.07079887390137	1343883.4717713115	85.01659846305847	1343433.4899442995	85.69252157211304	1343132.019073823	76.03609299659729	1342756.0957178911	
71.3216781616211	1343222.1359142489	110.55552792549133	1342972.3169682042	112.69440460205078	1343682.027788232	66.45604228973389	1334510.0351200784	76.85577535629272	1343707.6234894842	113.07712912559509	1343861.0837254133	93.11729645729065	1343887.3670956509	85.04366445541382	1343414.3363497977	85.70753884315491	1343126.7341644305	76.05110573768616	1342770.1337675767	
71.3522117137909	1343170.0668086726	110.59750556945801	1342949.41819792	112.72054982185364	1343372.9869964453	66.4730544090271	1334511.3355026508	76.87266564369202	1343721.7350437683	113.11117887496948	1343859.918354316	93.15054178237915	1343888.1585415963	85.07114791870117	1343576.6543181902	85.72138953208923	1343130.512337384	76.06561088562012	1342782.1445421076	
71.3811023235321	1343186.511726659	110.63731288909912	1342959.1066020245	112.74528551101685	1343389.4565960672	66.4905595779419	1334488.6623744525	76.88497233390808	1343725.8305308174	113.14872980117798	1343905.3541190552	93.18860530853271	1343911.004903578	85.09692597389221	1343637.745567327	85.73489665985107	1343097.9653857963	76.07974410057068	1342805.5815394064	
71.40725922584534	1343176.6701172262	110.67426943778992	1342976.3260224375	112.77380704879761	1343382.8509799158	66.50457501411438	1334493.9169385235	76.90309643745422	1343769.9686466465	113.1820387840271	1343900.26656234	93.22483658790588	1343892.951627005	85.12280797958374	1343674.4449306952	85.75054693222046	1343099.6464538781	76.09505414962769	1342800.188772228	
71.43312191963196	1343180.2989463273	110.70349955558777	1342982.018465948	112.80146598815918	1343411.303824233	66.52258491516113	1334502.2082101533	76.91661381721497	1343773.5571294196	113.21111822128296	1343917.2024769739	93.27205300331116	1343903.6776393587	85.15083909034729	1343650.6488509884	85.76398348808289	1343094.8838265648	76.1075587272644	1342799.8539107933	
71.45979571342468	1343140.203662343	110.74024248123169	1342981.6001605683	112.82638430595398	1343408.1118549746	66.53827357292175	1334416.7175889742	76.93013739585876	1343754.0539042393	113.23798131942749	1343927.6575710322	93.31386995315552	1344233.5472670838	85.17690229415894	1343649.2585484642	85.77925205230713	1343088.9574829012	76.1224148273468	1342787.2390560762	
71.48741626739502	1343130.0959345335	110.77528095245361	1342993.3951719438	112.85191488265991	1344047.6503678216	66.5547935962677	1334439.9573399727	76.94565010070801	1343620.5753250902	113.26476693153381	1343937.1345985117	93.36417508125305	1344255.5976458131	85.2046525478363	1343688.8536059805	85.79375720024109	1343078.1983656527	76.1359190940857	1342798.2742357894	
71.5166425704956	1343134.9326199805	110.80684924125671	1342973.2423624403	112.87593030929565	1344036.2211046133	66.57080602645874	1334432.248121663	76.95816493034363	1343622.299177055	113.29674816131592	1343968.7709178606	93.4072208404541	1344259.4258069533	85.23202180862427	1343697.3260240923	85.8095772266388	1343314.9673539207	76.15092897415161	1342818.444697812	
71.53997898101807	1343111.1612619786	110.84298658370972	1342935.7420201504	112.89647269248962	1344037.9732300679	66.58553767204285	1334429.1206968424	76.97226858139038	1343621.7748209492	113.33179712295532	1343972.0085732809	93.44599461555481	1344246.7588370251	85.25988340377808	1343686.4331842049	85.82570219039917	1343284.634940193	76.16443252563477	1342801.3714467245	
71.56707620620728	1343113.0062553976	110.87856149673462	1342937.6127618896	112.91998744010925	1344042.3473601332	66.60255861282349	1334462.0677537052	76.9867775440216	1343631.5638934453	113.36156725883484	1343969.9137271803	93.48656344413757	1344185.0029440222	85.28414726257324	1343694.8063559276	85.83919835090637	1343271.6644373406	76.17894721031189	1342821.528351409	
71.59576869010925	1343150.9508158632	110.92038059234619	1342943.427245695	112.94993209838867	1344026.4539129941	66.61783146858215	1334468.9684555721	77.00079131126404	1343665.1823428753	113.39011192321777	1343980.6789310307	93.51979637145996	1344174.443028669	85.30831742286682	1343698.9334070354	85.85408854484558	1343320.2479840484	76.19375205039978	1342827.431683578	
71.62526655197144	1343069.6342248453	110.95743227005005	1342959.136340841	112.97394442558289	1344025.8739850202	66.63384413719177	1334451.058475056	77.01441740989685	1343670.927594676	113.41919255256653	1343903.3282168915	93.56042003631592	1344150.4632657114	85.33397841453552	1343681.8506670212	85.86880898475647	1343354.1965825923	76.20725679397583	1342819.4203092784	
71.65139412879944	1343069.3291752331	110.99868941307068	1343538.7257424917	113.0063123703003	1344024.272367362	66.64935731887817	1334701.3081473296	77.02943158149719	1343649.461898042	113.45278596878052	1343909.860463136	93.61035251617432	1344115.3474996272	85.35775327682495	1343713.3959486636	85.88581395149231	1343356.6882481778	76.22026562690735	1342814.4768054497	
71.67896389961243	1343082.6149469207	111.03372859954834	1343545.179795691	113.03387212753296	1344015.7330495897	66.66437435150146	1334696.690732178	77.0442283153534	1343639.3954688925	113.48737907409668	1343570.6467407446	93.6534903049469	1344131.5650262686	85.38894152641296	1343716.874247093	85.90032029151917	1342777.7629353506	76.2350401878357	1342801.9580790948	
71.70718002319336	1343097.1319463397	111.0651228427887	1343546.8197301398	113.059006690979	1344023.6759642914	66.67888307571411	1334709.2549671526	77.05573439598083	1343630.3166532374	113.51390719413757	1343559.9234373474	93.69268536567688	1344116.2087366232	85.41706728935242	1343723.5817582523	85.91493654251099	1342766.773487031	76.24754428863525	1342634.7729578344	
71.73200011253357	1343114.0600012364	111.10164499282837	1343546.4661199863	113.09034514427185	1343200.033300355	66.69290089607239	1334721.6479418802	77.0732672214508	1343661.2826119647	113.54794597625732	1343546.9426356254	93.73334741592407	1343851.5001526447	85.44320797920227	1343674.0492807128	85.93176007270813	1342767.7208296093	76.26155591011047	1342681.1820482342	
71.76008462905884	1343100.8355921975	111.13580250740051	1343560.9316625083	113.12187337875366	1343182.4549892778	66.70993781089783	1334737.818770045	77.09091067314148	1343668.6887827865	113.58374071121216	1343566.6133071333	93.77626633644104	1343852.447945893	85.46990942955017	1343702.0739675495	85.94676876068115	1342779.157692364	76.27656435966492	1342666.9073818128	
71.78474998474121	1343195.5559519934	111.175213098526	1343559.1957805061	113.14805722236633	1343256.8993924693	66.72594738006592	1334751.0478590422	77.11345529556274	1343799.3886228094	113.61231756210327	1343563.6447479357	93.82130527496338	1343814.2629447808	85.49839901924133	1343670.14065491	85.96095156669617	1342789.2891208627	76.29257345199585	1342666.9260837068	
71.80680441856384	1343192.246669612	111.21043515205383	1343531.9551949995	113.17158627510071	1343308.9056630752	66.74570798873901	1334755.6179412515	77.13197731971741	1343813.784315417	113.6413676738739	1343556.9719074403	93.85611295700073	1343828.2012420027	85.53316164016724	1343663.7700851522	85.97671318054199	1343390.8814097233	76.30707955360413	1342653.5053396525	
71.83492112159729	1343181.852755925	111.24948525428772	1343577.6050358047	113.19603323936462	1343289.3867917976	66.7604513168335	1334784.533327921	77.14848613739014	1343861.0137312184	113.67168235778809	1343484.348619831	93.89426255226135	1343830.0484511	85.55867600440979	1343672.1885059506	85.99445986747742	1343377.923484027	76.32208800315857	1342635.3465080415	
71.86087226867676	1343189.6476447291	111.28900861740112	1343606.1196910518	113.22508955001831	1343152.682458632	66.77546453475952	1334796.961930751	77.16349959373474	1343866.7777718857	113.70952820777893	1343477.9433605713	93.92970824241638	1343835.6476561627	85.58018779754639	1343680.2740476618	86.00947189331055	1343385.0577861005	76.33659243583679	1342843.5539827603	
71.88646483421326	1343460.5348672697	111.32329392433167	1343618.4163693998	113.25650119781494	1343191.1192156826	66.78997278213501	1334799.076299311	77.17800951004028	1343867.0590850918	113.7367250919342	1343480.2153295996	93.96673107147217	1343819.9737996531	85.6073956489563	1343690.1525701934	86.02448177337646	1343390.463471077	76.3506007194519	1342689.3071729569	
71.91122913360596	1343508.52254414	111.35833930969238	1343620.49760214	113.2871196269989	1343217.7160834116	66.80465984344482	1334794.289527716	77.1920235157013	1343872.9418190685	113.76350045204163	1343497.2451400962	94.00602412223816	1343822.6729674025	85.63326859474182	1343692.9394868228	86.0416145324707	1343392.7435357657	76.36410570144653	1342683.8166149084	
71.93621921539307	1343660.3009676442	111.40439176559448	1343618.768551795	113.3081362247467	1344037.2518857962	66.82250118255615	1334777.2413465572	77.20603728294373	1344139.3742839743	113.79265403747559	1343432.561294143	94.03854155540466	1343818.6295868778	85.65478181838989	1343699.8085520328	86.0561592578888	1343403.7893587232	76.37861895561218	1342796.2809707355	
71.96137309074402	1343658.9485578763	111.43539500236511	1342884.6103014606	113.33845114707947	1344052.2282601944	66.83700585365295	1334776.0864316213	77.22425889968872	1344155.705206722	113.82269358634949	1343426.3138603934	94.07873225212097	1343825.9094411628	85.68105268478394	1344078.6868209983	86.07138252258301	1343424.1065732292	76.39435839653015	1342796.9783711205	
71.98751950263977	1343057.1802997529	111.45765829086304	1342887.0815572499	113.3641414642334	1343498.1525116977	66.85453367233276	1334869.173226191	77.23976850509644	1344163.039052322	113.85711622238159	1343441.0866640664	94.1366822719574	1343877.2426052836	85.70815515518188	1344083.8345046453	86.08739233016968	1343426.4630032948	76.40861940383911	1342798.8003186814	
72.01423811912537	1343056.559853639	111.48217916488647	1342881.3008790344	113.38957357406616	1343518.2893591058	66.87154150009155	1334798.0511232924	77.25578427314758	1344071.2422861923	113.88551115989685	1343442.040690321	94.17940044403076	1343754.8701728215	85.73467135429382	1344067.4985967213	86.1044008731842	1343229.5877234542	76.42413139343262	1342803.201898511	
72.04142737388611	1343054.3706368306	111.50469303131104	1342888.763352288	113.41496300697327	1343545.0755241413	66.89156150817871	1334812.5705580115	77.27079725265503	1343767.9983308674	113.9175660610199	1343439.8269104753	94.21578478813171	1343701.0342647391	85.76365327835083	1344082.8684857101	86.12114834785461	1343246.406867384	76.4373071193695	1342818.2622411412	
72.06407451629639	1343053.124783481	111.5269455909729	1342392.2374489359	113.44206976890564	1343413.7465667385	66.90625190734863	1334674.9398573155	77.28344655036926	1343775.8113049949	113.94910144805908	1343447.6358757117	94.26064586639404	1343716.7467956766	85.79395508766174	1344075.0293260599	86.13547158241272	1343195.5892891511	76.45131731033325	1342862.561932019	
72.0939736366272	1343058.4513859963	111.5519630908966	1342391.949368948	113.46636009216309	1343413.4097993989	66.92225909233093	1334139.6659330393	77.30146193504333	1343716.4637570095	113.97974395751953	1343444.8208522897	94.29859161376953	1343727.9343639528	85.82119417190552	1344076.4782924259	86.15199041366577	1343195.7573784776	76.4678213596344	1342871.9971551732	
72.11804032325745	1342765.1239015374	111.57599472999573	1342400.27390557	113.49243474006653	1343414.0657947985	66.94053769111633	1334095.8114343283	77.31697058677673	1343722.9365574103	114.00575804710388	1343446.5836620564	94.34161281585693	1343688.4123508593	85.84472322463989	1344036.4170559421	86.16900205612183	1343200.557145348	76.48133540153503	1342813.54889199	
72.14314889907837	1342541.0296378476	111.60100507736206	1342402.6716034727	113.51795196533203	1343412.0063973821	66.95555353164673	1334087.541835066	77.33249115943909	1343770.5381662115	114.03778553009033	1343410.0663092297	94.3781406879425	1343706.5026573779	85.87282037734985	1344014.5086880135	86.18314552307129	1343145.0791287236	76.49683928489685	1342823.5457026046	
72.16791677474976	1342751.0164695566	111.6335301399231	1342398.495253336	113.5444815158844	1343413.0211963987	66.97156429290771	1334090.6577747576	77.34799766540527	1344178.8729160053	114.06807684898376	1342699.4391968087	94.42228484153748	1343705.882559497	85.90558648109436	1344004.7358319128	86.20015358924866	1343132.699392724	76.51034784317017	1342809.138709639	
72.19501113891602	1342733.483886601	111.65729999542236	1342400.6125055158	113.57401299476624	1343432.8040761147	66.986074924469	1334209.2123866878	77.36301183700562	1344143.9488002819	114.09961175918579	1342707.3687206195	94.46130466461182	1343716.6031317147	85.93316173553467	1344016.744075871	86.2141625881195	1343136.6495140304	76.5253553390503	1342800.3860551121	
72.23004198074341	1342760.771953081	111.68182134628296	1342363.1850126318	113.60235214233398	1343400.7522210944	67.00175857543945	1334201.9133683806	77.37652158737183	1344140.1793943855	114.13423490524292	1342720.5742497747	94.4978358745575	1343727.8728250118	85.96007108688354	1343989.4958690845	86.23310947418213	1343139.2600659314	76.5388605594635	1342799.549377727	
72.27076244354248	1343050.2310102032	111.70654296875	1342221.881005455	113.63092017173767	1343385.4275602407	67.01626992225647	1334478.3377690716	77.39053750038147	1344103.677996073	114.1677918434143	1342475.400050086	94.54433107376099	1343729.740586646	85.99315166473389	1343984.150826075	86.24776101112366	1343142.2161236706	76.55186986923218	1342797.2296686864	
72.3224675655365	1342737.3177275131	111.72936058044434	1342224.721517543	113.65913891792297	1343468.624626197	67.03228425979614	1334313.6272443207	77.40404510498047	1344126.5243686303	114.20237517356873	1342474.8948867216	94.58053374290466	1343756.4942854005	86.01997184753418	1343970.8019031105	86.2630045413971	1343148.5894613666	76.56737494468689	1342806.4698669103	
72.35960793495178	1342736.1819456818	111.75438785552979	1342447.27722527	113.68716335296631	1343474.88271639	67.04830169677734	1334340.1107952555	77.41957449913025	1344134.9677775824	114.2379047870636	1342471.4041853203	94.61622309684753	1343739.0408184016	86.04614090919495	1343955.560440585	86.27775406837463	1343165.1056757995	76.58139133453369	1342803.4207022607	
72.40584802627563	1342894.7898301187	111.77592158317566	1342442.0605802424	113.71920084953308	1343483.9578164758	67.06131482124329	1334339.7993667484	77.43327689170837	1344183.7852481417	114.27694368362427	1342464.1487921926	94.65971732139587	1343854.0266824903	86.0744981765747	1343978.2178676906	86.29252219200134	1343183.2105787855	76.59457445144653	1342805.545522668	
72.44277024269104	1342877.5400409414	111.80192947387695	1342503.8984976322	113.7457447052002	1343574.3534668137	67.07982730865479	1334364.0199799214	77.44878435134888	1344170.2419309558	114.31644248962402	1342495.7302300213	94.70348691940308	1343860.470841021	86.1062924861908	1343894.783317512	86.30953216552734	1343147.4573847782	76.60907912254333	1342822.0284416724	
72.48784971237183	1342889.9063193942	111.8234510421753	1342487.03121743	113.7712574005127	1343568.9217884727	67.09484505653381	1334329.041723939	77.46479749679565	1344193.5359338473	114.35121512413025	1342503.1998400078	94.744065284729	1343889.2129705185	86.13581037521362	1343884.7937288196	86.32422947883606	1343170.2016605672	76.62508821487427	1343001.0121556397	
72.53798484802246	1342895.6714840916	111.84885215759277	1342499.8737594304	113.80668115615845	1343559.6216867084	67.1093544960022	1334352.7465714475	77.47981262207031	1344188.176589921	114.38191366195679	1342498.4564843483	94.80380988121033	1343829.1610522796	86.16585445404053	1343916.4692158373	86.33862280845642	1343168.208603799	76.63834381103516	1342962.9279448658	
72.57488775253296	1342841.1470117425	111.87215256690979	1342497.3438305657	113.83326411247253	1343575.2108583832	67.12537145614624	1334327.1690422855	77.49494409561157	1344186.3903843022	114.4239251613617	1342476.9666727788	94.84232687950134	1343833.6717793294	86.19397044181824	1343697.1417744707	86.35365700721741	1343155.0320639857	76.65395474433899	1342971.1385524066	
72.6158287525177	1342867.1198378277	111.8956663608551	1342496.0564902083	113.8612003326416	1343582.1051308105	67.14251375198364	1334312.5066288176	77.51135087013245	1344212.0492720902	114.45414853096008	1342460.1647869528	94.87885189056396	1343791.9702045964	86.21788024902344	1343688.6120594773	86.37117195129395	1343180.0849770533	76.66845917701721	1342905.1690438483	
72.65592050552368	1342870.1689301056	111.92030763626099	1342517.9410718451	113.88721227645874	1343569.5286700292	67.1570212841034	1334413.1123120477	77.52636551856995	1344191.5626388018	114.48909187316895	1342600.2154433026	94.92962217330933	1343812.1038064081	86.24321246147156	1343706.3474598953	86.38434958457947	1343176.9975532542	76.68274569511414	1343164.2864956618	
72.69111752510071	1342778.9378479572	111.9401204586029	1342530.2022793938	113.913738489151	1343558.8284692694	67.17204213142395	1334400.724220732	77.54038166999817	1344197.8678568935	114.51883506774902	1342551.8826032816	94.97119665145874	1343800.9925121963	86.26572799682617	1343686.2680157966	86.39835786819458	1343176.8259113324	76.69724869728088	1343169.0213515433	
72.73317790031433	1342463.9671722522	111.95739269256592	1342352.2253268263	113.94031095504761	1343561.531481097	67.18770456314087	1334405.2655513787	77.55588793754578	1344213.4415003688	114.55951309204102	1342562.4016023995	95.02211594581604	1343881.1283974592	86.28854632377625	1343697.6744745632	86.4143602848053	1343187.3545864525	76.7137987613678	1343174.5856525395	
72.76086115837097	1342461.7793180915	111.98591566085815	1342330.0174897667	113.97126078605652	1343548.8491507282	67.203848361969	1334437.129551528	77.5709011554718	1344218.9152761376	114.58966636657715	1342573.123762478	95.06464433670044	1343899.839776273	86.31406545639038	1343699.252680857	86.43039560317993	1343265.5444205839	76.72744870185852	1343194.2587810345	
72.7868766784668	1342452.2651110648	112.01093173027039	1342336.5380726724	113.99795150756836	1343558.3773575872	67.21923327445984	1334448.9914461717	77.58641147613525	1344211.2970305746	114.620365858078	1342566.8613067423	95.10445404052734	1343888.3918940253	86.34012246131897	1343704.0908023266	86.44290018081665	1343263.127206957	76.741459608078	1343194.6296671564	
72.81387042999268	1342453.905055703	112.03547668457031	1342342.2737701787	114.02346968650818	1343565.830976051	67.23324656486511	1334449.5785069028	77.60143327713013	1344258.4280991517	114.65092444419861	1342613.807187941	95.14153099060059	1343899.5332610968	86.36598587036133	1343738.136950127	86.45790839195251	1343159.6684435292	76.75596618652344	1343212.7676108337	
72.83891463279724	1342442.120333753	112.06435346603394	1342357.8845991327	114.06215739250183	1343571.7617662384	67.24776244163513	1334459.3382137222	77.61764407157898	1344244.7294828938	114.68593502044678	1342687.7577107002	95.18305516242981	1343903.183196767	86.38999676704407	1343740.4249648373	86.47141289710999	1343174.0050996174	76.77097487449646	1343202.621720855	
72.86413884162903	1342461.9107633093	112.08806133270264	1342361.4309150833	114.10620379447937	1343581.2563102185	67.26492881774902	1334462.841516222	77.63081884384155	1344201.7908497662	114.71998810768127	1342699.5898969243	95.22069835662842	1343903.4726206535	86.41581583023071	1343698.8587435752	86.48642373085022	1343189.9518312356	76.78627157211304	1343193.4542131552	
72.89100098609924	1342466.5612405783	112.1137924194336	1342369.4349450604	114.15868854522705	1343558.1489149437	67.28194665908813	1334452.4004751232	77.64752578735352	1344296.6077794144	114.74751877784729	1342709.3296203625	95.25631308555603	1343908.740537927	86.43990588188171	1343707.8497343913	86.50059509277344	1343235.7507250393	76.79880619049072	1343203.8461865738	
72.9157886505127	1342491.348119113	112.13764071464539	1342352.270756234	114.20283770561218	1343546.6553467538	67.29845595359802	1334442.9634724406	77.6615400314331	1344292.4420690413	114.77834892272949	1342709.9978068594	95.30844044685364	1343887.267082627	86.46443009376526	1343688.6078002015	86.5141122341156	1343243.2359502995	76.81532073020935	1343201.8148557453	
72.9403612613678	1342498.8462137368	112.16367983818054	1342360.9846109897	114.24527645111084	1343551.3348275542	67.31547570228577	1334462.563117435	77.6760835647583	1344291.4997081691	114.80987071990967	1342697.015250539	95.35448098182678	1343889.3533037363	86.49091076850891	1343724.9962304744	86.5272171497345	1343197.2975296772	76.83038067817688	1343153.958726839	
72.96736407279968	1342500.124804461	112.1886944770813	1342368.195324706	114.29685759544373	1343552.3579878854	67.33048892021179	1334466.1075488513	77.690913438797	1344525.6662417864	114.8372449874878	1342690.3716009723	95.39549088478088	1343903.186814736	86.51498603820801	1343732.276703632	86.54275870323181	1343141.3436630298	76.84359049797058	1343154.695000573	
72.99254179000854	1342485.0804986944	112.21522235870361	1342365.389216372	114.3402943611145	1343518.535952345	67.3456962108612	1334467.3631337732	77.7064220905304	1344306.6511518946	114.87171363830566	1342653.330141454	95.43208956718445	1343901.4958895177	86.54118943214417	1343731.2144552192	86.55776858329773	1343155.7496464262	76.86009573936462	1343155.9853415936	
73.01879358291626	1342485.4819424716	112.2372350692749	1342353.7503243212	114.37831497192383	1343490.4620993196	67.36170601844788	1334468.212975445	77.72243642807007	1344325.7957299396	114.90389394760132	1342894.182900363	95.47811937332153	1343903.498311908	86.56678748130798	1343757.589391325	86.57071113586426	1343159.7215237257	76.8746612071991	1343390.3359874997	
73.0449788570404	1342497.765795812	112.26456475257874	1342323.4725731688	114.41814279556274	1343490.4806761884	67.37721872329712	1334445.5188619092	77.73745226860046	1344316.1218436547	114.9365861415863	1342879.7348000892	95.51648330688477	1343925.7016791664	86.59077286720276	1343763.7905805816	86.58537888526917	1343306.730702616	76.89017510414124	1343433.7993767124	
73.07080125808716	1342492.1946666036	112.29308748245239	1342322.4547591675	114.46393513679504	1343485.150129893	67.39323472976685	1334450.0382242498	77.75146865844727	1344439.2524668127	114.97227430343628	1342878.3184491883	95.56872701644897	1343934.5163638983	86.61606216430664	1343770.89174241	86.6003885269165	1343292.3931080697	76.90539121627808	1343425.3324645334	
73.09486794471741	1343202.3140031747	112.32188081741333	1342208.378171531	114.50687766075134	1343477.775803573	67.4065682888031	1334459.029939983	77.76697826385498	1344307.5977319926	115.00682163238525	1342691.816071351	95.61032271385193	1343940.4522811517	86.64268326759338	1343762.531606872	86.61339378356934	1343279.0681923954	76.92039918899536	1343443.3926407318	
73.12150621414185	1343095.0282595744	112.34440207481384	1342230.2121446386	114.55309391021729	1343485.1799647023	67.42358255386353	1334473.119981463	77.78199172019958	1344308.4503428529	115.04646348953247	1342685.7653940124	95.64784908294678	1343923.9852951914	86.66774821281433	1343773.2091415399	86.6263279914856	1343214.4887426551	76.93690514564514	1343386.333076204	
73.14608526229858	1343109.88339305	112.36946940422058	1342223.9843140517	114.60073971748352	1343486.9404888412	67.43908858299255	1334500.367057121	77.79649949073792	1344285.1540362607	115.07656264305115	1342693.3258261657	95.68621873855591	1343922.697736298	86.68990230560303	1343777.9009561734	86.64183187484741	1343215.1295763748	76.95240807533264	1343374.513884969	
73.17075514793396	1343116.3524773736	112.39498567581177	1342235.615124796	114.64306855201721	1343481.6365709316	67.45761919021606	1334476.0840307672	77.81074929237366	1344291.418273274	115.11269116401672	1342728.2745140942	95.72483563423157	1343919.013302909	86.71706795692444	1344261.4506237654	86.65653419494629	1343228.7364478156	76.97041869163513	1343379.1000444817	
73.19394445419312	1343153.3110545347	112.41763973236084	1342251.1468987584	114.68208909034729	1343482.6652821465	67.4726357460022	1334560.9370805267	77.82676887512207	1344293.7495409895	115.14635396003723	1342718.9297871892	95.7603530883789	1343917.113749131	86.74322438240051	1344261.4791297487	86.6700427532196	1343230.33942746	76.98563623428345	1343414.0683426906	
73.21981811523438	1343157.667806278	112.44340395927429	1342258.1730145402	114.71712446212769	1343710.0094003216	67.48914051055908	1334787.427779969	77.84178233146667	1344817.2519556074	115.18317794799805	1342733.8528701486	95.8134753704071	1343919.226195948	86.76498985290527	1344279.700135775	86.68355131149292	1343243.9279295823	76.99914240837097	1343417.7209889211	
73.24484467506409	1343158.705664556	112.47013711929321	1342254.7658368098	114.76388812065125	1343776.939483006	67.50615906715393	1334771.9055879347	77.85628867149353	1344435.0031000907	115.21910786628723	1342720.5304719245	95.85343289375305	1343908.6357569224	86.79323935508728	1344266.4801328783	86.69987559318542	1343322.3008045668	77.01315474510193	1343419.6830129442	
73.26785802841187	1343161.328624586	112.50139713287354	1342269.7195644353	114.80797171592712	1343742.7943674116	67.52216744422913	1334818.2373469204	77.87030267715454	1344443.9635064614	115.25284337997437	1342699.306172956	95.89215087890625	1343846.5723833432	86.81806516647339	1344128.243061828	86.7158989906311	1343309.6198518206	77.02731442451477	1343410.7224392912	
73.29693102836609	1343192.4961694079	112.52654504776001	1342689.4777148888	114.84904837608337	1343758.3406572542	67.54184651374817	1334740.0331931666	77.88610768318176	1344448.3168779009	115.28337359428406	1342700.3783001048	95.92676281929016	1343847.366120062	86.84320044517517	1344141.1913264457	86.72959899902344	1343312.3805891327	77.04101753234863	1343388.5755983747	
73.32320094108582	1343152.6082830343	112.55255603790283	1342690.7616403517	114.90122580528259	1343815.574308247	67.55935549736023	1334677.8666015745	77.9011344909668	1344440.8048545849	115.31744909286499	1342704.3770869207	95.96569681167603	1343849.3386949652	86.8658459186554	1344141.3778064623	86.74383401870728	1343530.3098830942	77.05603218078613	1343375.0183694046	
73.3494017124176	1343167.3526054956	112.57698130607605	1342693.5446164461	114.94885396957397	1343862.0094640565	67.57737636566162	1334683.4178983674	77.91464185714722	1344466.50128427	115.35097885131836	1342722.8118959984	96.00322246551514	1343878.2825822893	86.88910222053528	1343224.6740710023	86.75984811782837	1343536.9297745097	77.07104277610779	1343375.5438180945	
73.3739492893219	1343184.590375988	112.60450267791748	1342691.1997231555	114.98787379264832	1343877.548784526	67.5943956375122	1334719.0917950196	77.92865753173828	1344461.0134419627	115.38710880279541	1342731.5384979232	96.03890800476074	1343887.6562285668	86.91585564613342	1343242.2368795285	86.7738983631134	1342824.6316929779	77.08705115318298	1343255.484884307	
73.39902353286743	1343177.22473506	112.6313636302948	1342686.6391129806	115.02600121498108	1344024.2982676595	67.61050319671631	1334700.8360401453	77.94258427619934	1344257.7451711441	115.42865872383118	1342744.7704664923	96.07934212684631	1343889.0812035347	86.9405312538147	1343256.0143400566	86.78862071037292	1342820.4256131728	77.10105991363525	1343249.7546237898	
73.42767477035522	1343202.978457176	112.65557265281677	1342666.2666374273	115.06460642814636	1344036.31411213	67.62661838531494	1334694.5585311546	77.9569079875946	1344259.8365381372	115.45844650268555	1342760.751988561	96.11629056930542	1343884.6336550107	86.96222066879272	1343256.6642265916	86.80412483215332	1342934.6341533074	77.11437606811523	1343241.5523245595	
73.4546217918396	1343211.1104001796	112.67915153503418	1342674.6129832424	115.09313011169434	1344038.525549489	67.64266347885132	1334693.9823125328	77.9719250202179	1343971.425575765	115.49296927452087	1342749.683079113	96.15148043632507	1343893.3295735249	86.98523044586182	1343837.6444020246	86.81663751602173	1342950.5143895387	77.1298816204071	1343224.1166031177	
73.48020529747009	1343172.4928088696	112.70757842063904	1342662.355152759	115.12666320800781	1344027.9378491007	67.6591694355011	1334702.759534374	77.98843193054199	1343991.8984210137	115.5191638469696	1342777.2481669998	96.19798707962036	1342884.677401095	87.00854563713074	1343849.3257125772	86.83039498329163	1342885.0217936602	77.14388990402222	1343207.1383483496	
73.50305652618408	1343196.3526466556	112.7343237400055	1342613.1432794083	115.15701818466187	1344033.3202950156	67.6762068271637	1334717.5507095999	78.00344562530518	1344010.7784300009	115.5476987361908	1342760.7023039267	96.24117588996887	1342900.0792945707	87.03457164764404	1343834.1160870083	86.84511041641235	1343508.6245239074	77.15839791297913	1343166.3646736853	
73.5299003124237	1343162.494672363	112.76070261001587	1342616.5325220353	115.18400001525879	1344035.0786360723	67.69500017166138	1334697.0332621478	78.01814103126526	1344009.6507510194	115.57638549804688	1342772.2330722918	96.28320670127869	1342878.2678304277	87.05759787559509	1343841.7281604693	86.85912418365479	1343620.1696642211	77.17595434188843	1343172.7799354242	
73.56121110916138	1343177.058538172	112.78767275810242	1342628.6597974054	115.21164774894714	1344033.4571210095	67.71301531791687	1334760.3378846473	78.03266596794128	1344013.459561925	115.60693001747131	1342774.5292696361	96.32413339614868	1342891.2449785348	87.09206128120422	1343343.057427689	86.87388801574707	1343591.3215437187	77.1894965171814	1343177.8986302598	
73.58881998062134	1343177.5446160226	112.81928443908691	1342072.4453916503	115.242422580719	1344035.2346647333	67.72902536392212	1334648.0051276742	78.04817223548889	1344355.3892912113	115.63779520988464	1342776.0030182751	96.36968636512756	1342894.085277142	87.11532044410706	1343299.3333975966	86.88889646530151	1343583.6016060368	77.20615315437317	1343150.947600385	
73.61897873878479	1343142.7036555882	112.8473551273346	1342072.1083427486	115.27278470993042	1343491.914326185	67.74528408050537	1334682.2150444575	78.0611879825592	1344291.2406414268	115.66632747650146	1342781.2073810957	96.40668368339539	1342895.0258975667	87.13991618156433	1343287.7592698014	86.9034013748169	1343591.822563024	77.22227144241333	1343176.0131662285	
73.64673089981079	1343145.9137619368	112.87169647216797	1342046.92991627	115.29916000366211	1343495.041472538	67.76179337501526	1334692.113977943	78.07589769363403	1344289.2313599188	115.69389796257019	1342774.991841339	96.44334721565247	1342911.8957452294	87.16120433807373	1343304.9456645818	86.91941261291504	1343633.6068944463	77.23688411712646	1343160.303113302	
73.67477798461914	1343328.759307928	112.8992121219635	1342075.9205768274	115.32617998123169	1343497.5772762052	67.77580904960632	1334705.8449959985	78.0909149646759	1344317.0584837703	115.72393679618835	1342749.788496469	96.47936987876892	1342914.252282521	87.1842143535614	1343083.6111192063	86.93263959884644	1343574.0965387067	77.25289607048035	1343176.0517826187	
73.70221996307373	1343313.122956634	112.92833948135376	1342108.4038807012	115.35670208930969	1343497.022173382	67.79282331466675	1334706.3660680857	78.1046872138977	1344325.1443009966	115.75046968460083	1342757.5936975144	96.51361465454102	1342891.0562015153	87.20791625976562	1343082.0742864164	86.94764852523804	1343452.8188847066	77.26903319358826	1343132.803462429	
73.72750759124756	1343314.907211337	112.95436120033264	1342111.8805977302	115.38672804832458	1343447.6473906543	67.80984950065613	1334714.9645922426	78.11914038658142	1344344.7595525254	115.78281354904175	1342838.590017451	96.55720496177673	1342884.863056794	87.23486423492432	1343098.2335984958	86.96176767349243	1343522.8394190827	77.28410720825195	1343127.6186409295	
73.7532479763031	1343384.4712160116	112.98828196525574	1342142.9999123602	115.41427659988403	1343436.714348913	67.82762908935547	1334724.1897965278	78.13364481925964	1344313.8034693233	115.8113968372345	1342846.9082090338	96.59064221382141	1342886.2836774557	87.25533723831177	1343106.8311714376	86.97540473937988	1343536.695264818	77.29733562469482	1343151.7366834765	
73.77780055999756	1343483.3714809536	113.0193305015564	1342511.384911404	115.44345998764038	1342728.5744646913	67.84315323829651	1334708.8616315557	78.14815068244934	1344325.5005120183	115.83626866340637	1342828.9026592914	96.62687826156616	1342869.5007962948	87.28350591659546	1343115.0358409614	86.98871421813965	1343533.9223514467	77.31199240684509	1343122.8016304858	
73.8033618927002	1343499.989356555	113.04584527015686	1342519.7203547205	115.47074842453003	1342745.9726348517	67.86216044425964	1334705.0431964735	78.16316413879395	1344287.829055073	115.86182236671448	1342829.1164883412	96.66833519935608	1342887.2526333868	87.31853890419006	1343119.4302010073	87.00421810150146	1343237.3410849012	77.32603454589844	1343105.5198107187	
73.83088231086731	1343491.7015481673	113.07168388366699	1343388.7248388168	115.49998879432678	1342754.1939714719	67.87666964530945	1334676.2077748457	78.17717981338501	1344279.8561999465	115.88899064064026	1342809.602302432	96.7123818397522	1342864.2316600033	87.34412240982056	1343123.3523765695	87.01972937583923	1343240.4839509272	77.34156823158264	1343087.6870891554	
73.85374164581299	1343498.5394506813	113.10120797157288	1343654.6130019475	115.52300238609314	1342758.9363879382	67.89468264579773	1334676.142771908	78.19193696975708	1344051.5736099032	115.9145131111145	1342794.5078770337	96.75512886047363	1342845.8723903336	87.37535643577576	1343137.5738759444	87.03439736366272	1343199.5633102595	77.35707378387451	1343166.2531821765	
73.87998056411743	1343482.2207251138	113.12761282920837	1343653.1878721896	115.54772186279297	1342777.0901831703	67.9101893901825	1334661.0685066527	78.20544600486755	1344076.155660087	115.94851112365723	1342796.7013034965	96.78354620933533	1342815.0132011648	87.40176892280579	1343139.1395179492	87.04840588569641	1343192.8721573642	77.37458419799805	1343173.4883059512	
73.90409779548645	1343475.0241219604	113.1587188243866	1343636.8354660093	115.57479524612427	1342776.6153640295	67.92720770835876	1334656.416178247	78.21965765953064	1343931.447133771	115.97822785377502	1342788.1951449143	96.80457019805908	1342893.3992223935	87.42449569702148	1343140.0666724409	87.0619101524353	1343196.6992439006	77.38906073570251	1342619.739997114	
73.92885112762451	1343479.4011325208	113.18441677093506	1343636.515151221	115.60402035713196	1342727.9758869363	67.94236874580383	1334678.218123944	78.2346761226654	1343996.6629836478	116.00912237167358	1342759.5455202078	96.82963061332703	1342894.1775544349	87.44750475883484	1343132.9667917585	87.07692003250122	1343185.5965357441	77.40407133102417	1342624.2697311563	
73.95410656929016	1343491.393129115	113.2124707698822	1343625.6575146988	115.63225317001343	1342788.0584780097	67.95587587356567	1334667.4463217824	78.24968719482422	1343988.6218773369	116.03666639328003	1342671.6469715657	96.85314583778381	1342916.9246405673	87.4700436592102	1343113.513057306	87.09142446517944	1343201.4295822561	77.41857576370239	1342635.5999728502	
73.98084902763367	1343518.6820599667	113.24097752571106	1343658.5371424416	115.6615047454834	1342790.124254537	67.97138786315918	1334668.6359200825	78.26420164108276	1343976.747621474	116.06705379486084	1342718.5746821375	96.87726426124573	1342916.6447877756	87.49199080467224	1343117.4340558818	87.10543060302734	1343227.5878925337	77.43167662620544	1342636.654460447	
74.00688219070435	1343506.8046882052	113.26638913154602	1343658.7633145999	115.68881964683533	1342791.041411673	67.98840284347534	1334507.757891103	78.2780032157898	1343978.560077373	116.09107422828674	1342721.4114959207	96.89992666244507	1342927.9695559521	87.51600170135498	1343122.071181941	87.11795568466187	1343223.1129643316	77.44618153572083	1342638.0714390015	
74.03220462799072	1343513.8636216144	113.28857254981995	1343656.730568116	115.7117383480072	1342802.6050987486	68.00458788871765	1334508.703048242	78.29302072525024	1343977.3952334425	116.11930465698242	1342734.2980366312	96.92660427093506	1342933.7186372967	87.5400128364563	1343123.6876698572	87.12974190711975	1343224.0577859217	77.4621934890747	1342844.7664348132	
74.06099581718445	1343516.3137456437	113.3244469165802	1343666.4084841604	115.74235391616821	1342794.7905377261	68.01974606513977	1334485.7595180895	78.30752849578857	1343989.6309323423	116.14882969856262	1342748.4115584807	96.95261669158936	1342943.3369755426	87.56152606010437	1343129.9717824247	87.14224886894226	1343286.6952799517	77.47619938850403	1342832.1052689566	
74.08415460586548	1343523.355861529	113.3489282131195	1343682.7622929835	115.76931381225586	1342801.30191284	68.0367636680603	1334483.3869393435	78.32154488563538	1343996.3543437803	116.17251324653625	1342726.463536905	96.97676086425781	1342937.2009609083	87.5883584022522	1343089.5306145803	87.155752658844	1343318.3967108936	77.4887056350708	1342879.8834536874	
74.10924863815308	1343489.8177871788	113.37595963478088	1343458.6618635848	115.79426550865173	1342806.8885950572	68.05428385734558	1334462.2020034168	78.33455634117126	1343999.5121084177	116.19816589355469	1342684.284694007	97.00177264213562	1343002.3129976636	87.61483931541443	1342685.8844553349	87.16940784454346	1343288.9181157781	77.50271391868591	1342843.3171101236	
74.13522696495056	1343495.8331806408	113.40449237823486	1343458.9465921018	115.82071900367737	1342901.605426346	68.06778979301453	1334457.7645204824	78.34806871414185	1343998.5584283725	116.224773645401	1342691.4311631755	97.02601623535156	1343040.830950298	87.63901877403259	1342679.3438155185	87.18340969085693	1342866.8318769347	77.51672196388245	1342864.9941843678	
74.1608214378357	1343499.1477280878	113.4370186328888	1343448.1322732728	115.84547185897827	1342906.7813773192	68.08381032943726	1334465.0584829357	78.36308240890503	1344080.0028361103	116.24950861930847	1342695.6377119846	97.04891657829285	1342925.0915892825	87.66642379760742	1342653.0979624793	87.19841885566711	1342867.9876102924	77.53072881698608	1342874.7604121328	
74.18690800666809	1343460.3382220792	113.46385717391968	1343441.7875283137	115.878084897995	1342882.2969635797	68.10131859779358	1334474.0354080682	78.37759613990784	1344081.9483931314	116.27452898025513	1342677.8978539365	97.07443523406982	1342900.1290980668	87.68826580047607	1342689.8690128683	87.2129237651825	1342874.172446079	77.54323387145996	1342885.0845340188	
74.21101188659668	1343514.2435725164	113.48970150947571	1343432.7058794436	115.90704154968262	1342890.3604077643	68.11733150482178	1334465.5962416376	78.39161252975464	1344087.2603487787	116.30773878097534	1342677.4466952428	97.10009574890137	1342899.6303417801	87.71178650856018	1342713.1629380921	87.22893786430359	1342893.4778923357	77.55773830413818	1342912.909192831	
74.23724460601807	1343521.6404863745	113.51426148414612	1343439.3144755028	115.93668746948242	1343580.0206818483	68.13484406471252	1334478.5285042636	78.40512204170227	1344067.2292888893	116.33778548240662	1342678.8849391213	97.12672996520996	1342897.271976794	87.73479461669922	1342720.3891150334	87.2444441318512	1342916.0389211276	77.5727481842041	1342902.2555024142	
74.25999808311462	1343461.0849468783	113.54197716712952	1343464.7984135642	115.97096824645996	1343574.6574549265	68.14949941635132	1334484.2809481467	78.42240524291992	1344121.2059809684	116.37681770324707	1342683.2339814433	97.1497392654419	1342873.3232634582	87.7608699798584	1342695.05412168	87.25945234298706	1342917.854118491	77.58753895759583	1342895.3262918286	
74.28408074378967	1343463.294613005	113.56900525093079	1343470.6994690713	115.99963808059692	1343618.352620796	68.16651797294617	1334451.6654039847	78.4364185333252	1344116.815203094	116.40481638908386	1342677.0937022406	97.17525720596313	1342828.7385866002	87.78716945648193	1342699.5538869705	87.27446055412292	1342904.3823711968	77.60306406021118	1342800.1219198972	
74.31027269363403	1343492.4016822665	113.59602689743042	1343465.2563708278	116.02881574630737	1343608.8638666777	68.18152379989624	1334446.2701976814	78.45243382453918	1344135.490449615	116.43999910354614	1342607.004981913	97.20126748085022	1342834.5985630793	87.81018352508545	1342695.689924041	87.28820371627808	1342923.0899234915	77.61756825447083	1342819.65675878	
74.33518242835999	1343491.5889483828	113.63054180145264	1343467.5193224594	116.06145739555359	1343591.9469281547	68.19753694534302	1334453.8795482253	78.46794533729553	1344498.417351376	116.46946573257446	1342615.9733936475	97.2265055179596	1342844.2240763998	87.83417248725891	1342696.2366823582	87.29970908164978	1342914.1070871064	77.63007855415344	1342827.010465243	
74.35720872879028	1343423.0401328008	113.65632724761963	1343450.722060088	116.08983588218689	1343579.8625950022	68.21315503120422	1334451.4105251138	78.48329591751099	1344492.35431225	116.49622821807861	1342604.141734158	97.25401830673218	1342832.8414462588	87.85771632194519	1342699.9979507313	87.31321334838867	1342894.4380210824	77.64420557022095	1342834.4355448557	
74.38287687301636	1343507.082963429	113.683349609375	1343457.9717513437	116.11669135093689	1343584.8185673514	68.22966146469116	1334429.4462175963	78.49780344963074	1344493.1913780808	116.52432942390442	1342571.3112657121	97.27602934837341	1342823.5055954962	87.880868434906	1342698.430780868	87.3284764289856	1342811.3032125016	77.65770983695984	1342847.9326526087	
74.4070565700531	1343524.105758526	113.71736860275269	1343464.004118858	116.14163041114807	1343577.216057756	68.24767446517944	1334385.3245501313	78.51481819152832	1344497.215371315	116.55141997337341	1342575.597657234	97.29766035079956	1342834.4562117697	87.903724193573	1342706.3507392548	87.34398078918457	1342823.782912829	77.67228579521179	1342868.1744810762	
74.43232083320618	1343505.7359518379	113.74338412284851	1343465.6157710047	116.171471118927	1343554.4062823413	68.26369023323059	1334389.0755439035	78.52783155441284	1344479.2234045994	116.57816052436829	1342573.1964380383	97.32073545455933	1342732.3042250162	87.92573666572571	1342710.7841944296	87.35755729675293	1342906.5098691836	77.68729448318481	1342866.4577542327	
74.45684003829956	1343508.7445763636	113.77452945709229	1343448.3381307728	116.20287537574768	1343548.1330882167	68.28019738197327	1334423.0733074483	78.54484534263611	1344490.552448947	116.60418748855591	1342592.8727253948	97.34425139427185	1342749.0398051534	87.9487452507019	1342725.0477337828	87.37005949020386	1342871.003730996	77.702303647995	1342865.536167736	
74.47909212112427	1343447.134344603	113.80324864387512	1343456.5159970627	116.22851943969727	1343537.7089306894	68.2952151298523	1334436.435624604	78.55986142158508	1344481.8003316722	116.6278645992279	1342597.2638100667	97.3662383556366	1342746.8193120535	87.97332000732422	1342723.388116835	87.3932535648346	1342885.8543945854	77.71780967712402	1342895.3512178047	
74.50389051437378	1343441.8597058586	113.83455014228821	1343445.4232786812	116.2539005279541	1343548.5092850165	68.3122308254242	1334453.5286368195	78.57537412643433	1344349.990436575	116.65958857536316	1342581.849030887	97.38924860954285	1342777.7607184239	87.999831199646	1342743.68779862	87.41877245903015	1342876.0212794805	77.731365442276	1342856.9628231304	
74.53064465522766	1343486.9672780312	113.86149740219116	1343484.6840188415	116.28376460075378	1343657.3228861722	68.32774138450623	1334350.5606046089	78.58792901039124	1344358.7727112593	116.68949627876282	1342591.4260878745	97.41645812988281	1342793.764361953	88.02422976493835	1342750.3886763821	87.44189476966858	1342883.1846678855	77.74406123161316	1342881.5876599385	
74.55884981155396	1343428.9079175957	113.89258933067322	1343463.9253808213	116.30896353721619	1343632.4385544278	68.34433364868164	1334341.6764037914	78.60294318199158	1344393.2752483832	116.71734952926636	1342597.6326248043	97.43946933746338	1342786.5109511616	88.04898142814636	1342733.2878200642	87.46390295028687	1342883.426897912	77.76007080078125	1342882.78404244	
74.58089351654053	1343349.3181412183	113.91782474517822	1343476.0649264746	116.33591532707214	1343617.1974981965	68.35984373092651	1334344.764430136	78.61773180961609	1344380.5125020663	116.74662613868713	1342600.8803995524	97.46360349655151	1342789.677827338	88.08360433578491	1342747.01514091	87.49341654777527	1342881.884395664	77.77224111557007	1342883.735134343	
74.60678219795227	1343364.1641119882	113.94897603988647	1343444.6259667731	116.36216735839844	1343386.9285201281	68.37486100196838	1334331.3618798603	78.63225388526917	1344412.7669590863	116.77472138404846	1342589.807386073	97.48948335647583	1342781.493372872	88.10737347602844	1342749.1710260022	87.520437002182	1342885.021897943	77.78837776184082	1342875.4422064854	
74.63481259346008	1343356.6817064364	113.97643446922302	1343432.328759155	116.385174036026	1343379.934221907	68.39036655426025	1334332.232527014	78.64676141738892	1344443.3854892217	116.80551242828369	1342583.6473733073	97.5133101940155	1343817.3084665397	88.13088750839233	1342751.049873335	87.54967665672302	1342893.6823085516	77.80239009857178	1342206.3600660353	
74.66255617141724	1343346.015198086	114.00202417373657	1343441.9285032884	116.41483283042908	1343334.7957724086	68.40759229660034	1334396.5779287652	78.66077852249146	1344477.652839201	116.8290786743164	1342583.4197171442	97.54511904716492	1343815.272275442	88.15290021896362	1342755.8033413365	87.57368493080139	1342905.3675723667	77.81789445877075	1342213.452893989	
74.68930864334106	1343416.9882950592	114.02771186828613	1343320.6513982203	116.43926787376404	1343309.1757313742	68.42460584640503	1334408.2727536587	78.67478966712952	1344479.4646491194	116.85862278938293	1342600.2832213757	97.56777501106262	1343822.5387388133	88.17689776420593	1342755.1122792566	87.59990000724792	1342884.7683835404	77.83140587806702	1342240.1055737396	
74.71382904052734	1343427.6506932538	114.05447745323181	1343339.3301335373	116.46406173706055	1343311.8202398443	68.44011044502258	1334402.3194001669	78.68791580200195	1344418.6729009056	116.88861227035522	1342600.0256122602	97.59073424339294	1343823.5861027413	88.20241165161133	1343720.5088832623	87.62763738632202	1342886.6318671498	77.84459638595581	1342260.6442426313	
74.73695945739746	1343420.9616108604	114.08055996894836	1343703.2666984834	116.49202489852905	1343360.9897699626	68.45512461662292	1334393.8911746142	78.70292901992798	1344372.7688091078	116.9186384677887	1342583.0719643552	97.6152651309967	1343791.603140956	88.22976803779602	1343752.9227940599	87.65264678001404	1342871.2102330313	77.85810327529907	1342260.797702768	
74.76032543182373	1343436.6737559559	114.11410117149353	1343710.8506865555	116.52305746078491	1343371.7315354357	68.47063374519348	1334347.4617956772	78.71743726730347	1344299.7047872038	116.94816327095032	1342731.280929415	97.63668751716614	1343766.4098316783	88.25428462028503	1343761.9510459336	87.67809891700745	1342852.5618138625	77.87311172485352	1342282.7345970597	
74.78493237495422	1343454.553392209	114.14736747741699	1343689.5572727597	116.55040121078491	1343379.1629948004	68.48665022850037	1334342.13272642	78.73397469520569	1344290.743760842	116.97331809997559	1342783.0690710337	97.65970015525818	1343761.03172658	88.28112530708313	1343775.9463629222	87.69360423088074	1342860.0188423952	77.88730359077454	1342282.3228734797	
74.81220006942749	1343462.658273987	114.17540144920349	1343629.462473347	116.57534074783325	1343385.7344644493	68.50366282463074	1334336.426254344	78.7464861869812	1344305.7572445227	116.99800324440002	1342783.5829798507	97.68371844291687	1343714.048899329	88.3089189529419	1343774.179000056	87.70808100700378	1342866.5356137555	77.90185928344727	1342281.8671553135	
74.83694887161255	1343456.7941930525	114.19941329956055	1343619.3617232807	116.60166478157043	1343357.200559329	68.51916885375977	1334310.8248699103	78.7625002861023	1344289.6154422562	117.02353501319885	1342720.8269771077	97.70597839355469	1343716.4575632059	88.33282232284546	1343865.0059182907	87.72235465049744	1342833.8877903288	77.915363073349	1342269.3099659276	
74.86390829086304	1343762.379032499	114.23036932945251	1343609.91488861	116.62804055213928	1343391.9956197606	68.53637862205505	1334275.201663509	78.77600860595703	1344299.4849810982	117.0473370552063	1342780.7803093556	97.73067569732666	1343706.7262161626	88.3572518825531	1343879.560835576	87.73562788963318	1342844.1504090645	77.93037056922913	1342313.8504818827	
74.89153552055359	1343456.6062853816	114.25957083702087	1343345.220583685	116.65532159805298	1343396.558600402	68.55138921737671	1334267.7002987126	78.79102301597595	1344355.1752409744	117.07010078430176	1342786.693603732	97.75693035125732	1343707.3701605767	88.38027024269104	1343879.4446607954	87.7499771118164	1342829.433762022	77.94587635993958	1342255.548361261	
74.91440510749817	1343366.139483177	114.28426098823547	1343342.1567296379	116.67965364456177	1343392.884946014	68.56689739227295	1334471.9387658273	78.80553150177002	1344667.3152933063	117.0941231250763	1342850.7534985633	97.77969598770142	1343693.2956877297	88.4034652709961	1343881.5407203836	87.7684497833252	1342932.1217082483	77.96088576316833	1342351.1383061958	
74.94067287445068	1343309.3577527204	114.3076331615448	1343637.7212357034	116.70320272445679	1343386.240748367	68.58290934562683	1334471.8077447817	78.81974077224731	1344656.2026385802	117.11816143989563	1342818.857347855	97.80184149742126	1343695.7998027168	88.43120288848877	1343880.7861676242	87.78408718109131	1342922.0560926606	77.97538924217224	1342353.8838838185	
74.96523427963257	1343307.9293709812	114.33366370201111	1343648.9584848161	116.72966432571411	1343388.6904545033	68.59841775894165	1334492.9168721922	78.83475852012634	1344346.2700606182	117.15574026107788	1342710.7287636325	97.82755208015442	1343719.652444699	88.45472192764282	1343883.71898161	87.80166935920715	1342925.170327637	77.98905348777771	1342349.5456932185	
74.99041295051575	1343312.2981809403	114.36178231239319	1343345.4537065797	116.75556111335754	1343414.290472106	68.61715364456177	1334364.0483135527	78.84977054595947	1344344.384785949	117.18062257766724	1342726.9403583026	97.85256457328796	1343759.2838691915	88.48014879226685	1343887.5937481849	87.81718230247498	1342942.3115628157	78.00306701660156	1342328.6711541412	
75.01664400100708	1343324.7153183415	114.38929557800293	1343341.5092568658	116.78390216827393	1343419.715688565	68.63216280937195	1334430.2483444673	78.86628222465515	1344329.1880666355	117.20673775672913	1342697.7811909819	97.87807822227478	1343771.725404765	88.50327825546265	1343881.4823532735	87.83168864250183	1342915.9204190979	78.01757311820984	1342319.2425217992	
75.04031276702881	1343310.152085788	114.4218156337738	1343419.9106770616	116.81293869018555	1343422.8023534361	68.64867234230042	1334443.0035457178	78.88050746917725	1344333.8443392268	117.22926044464111	1342711.332117062	97.90344667434692	1343775.2187789453	88.53028726577759	1343884.6599640166	87.85169792175293	1342902.3638656477	78.0330867767334	1342333.60908947	
75.06480979919434	1343312.3310174805	114.44733500480652	1343421.6320868295	116.83455204963684	1343421.1808001313	68.66368126869202	1334441.9932433476	78.89401602745056	1343983.8596791413	117.2567036151886	1342713.1428397615	97.92612314224243	1343737.634071946	88.55541682243347	1343888.3951117995	87.87070798873901	1342904.0205174135	78.0483283996582	1342314.6865111212	
75.08953857421875	1343328.7898593538	114.47760319709778	1343429.4460547157	116.85665273666382	1343425.3856764892	68.6801860332489	1334450.5277599874	78.90852093696594	1343988.4006849276	117.28372836112976	1342841.9991662635	97.95463943481445	1343729.9030251675	88.5809314250946	1343848.4661814815	87.88571619987488	1342942.0907662616	78.06533694267273	1342331.0821922657	
75.11287903785706	1343341.9873950824	114.50611352920532	1343431.0175179616	116.88345146179199	1343496.9688378365	68.69719743728638	1334494.7769718263	78.92353701591492	1344044.956306287	117.31126046180725	1342842.1753550463	97.97964835166931	1343720.8983031567	88.60407829284668	1343864.5877112902	87.91273403167725	1342958.106674546	78.087895154953	1342333.5749855214	
75.13544535636902	1343344.3720945863	114.53806686401367	1343448.86763168	116.90740752220154	1343478.5796286897	68.71220803260803	1334497.0910950117	78.93855094909668	1344038.64065086	117.33628964424133	1342857.0806541115	98.00410580635071	1343735.8719060067	88.6277801990509	1344017.403534137	87.94560217857361	1342950.243122754	78.11141300201416	1342313.2347631236	
75.15997171401978	1343363.95801065	114.56702733039856	1343388.4781975579	116.93020677566528	1343479.0894934684	68.72771573066711	1334510.7273583938	78.95256400108337	1344069.8977336697	117.36482906341553	1342912.7062261638	98.03017091751099	1343769.84169237	88.65202903747559	1344018.8854218458	87.97161650657654	1342939.1937889333	78.13742184638977	1342311.8592119971	
75.18324255943298	1343688.9846821544	114.59520649909973	1343396.5246927713	116.95711660385132	1343460.6031975765	68.74485111236572	1334519.5787335203	78.96509671211243	1344065.66279661	117.39155650138855	1342933.1365667358	98.05668592453003	1343780.391103058	88.67870569229126	1344019.7870497808	88.00001835823059	1342882.8920289394	78.16045022010803	1342311.919285623	
75.20725464820862	1343686.572059914	114.6265196800232	1343352.4562008963	116.98297238349915	1343448.1723529545	68.76035475730896	1334471.8214972296	78.98010921478271	1344001.3850616522	117.42064905166626	1342870.0079300848	98.08370542526245	1343731.0956503712	88.71188020706177	1344038.874551113	88.03272414207458	1342894.7551501738	78.18247151374817	1342312.008451568	
75.23281383514404	1344053.8364048556	114.65283465385437	1343347.830678999	117.00868344306946	1343465.7003053774	68.77736401557922	1334446.1703029105	78.994619846344	1344021.7826345444	117.44946527481079	1342864.8351512256	98.10706114768982	1343718.6741614498	88.73995542526245	1344007.723419372	88.05888938903809	1342783.0161306988	78.20215392112732	1342314.0849735793	
75.2576539516449	1343683.3690621185	114.68438363075256	1343354.0498231126	117.0300669670105	1343450.0408773948	68.79537391662598	1334451.6492755704	79.00863361358643	1344018.6559315997	117.4715473651886	1342866.7246091743	98.13071417808533	1343726.240953702	88.76712846755981	1344013.8394227296	88.08259963989258	1342785.5045380525	78.21625638008118	1342348.3294908686	
75.28120994567871	1343694.5120334602	114.71140456199646	1343338.486769411	117.05683732032776	1343493.963498589	68.81039929389954	1334432.2824014558	79.02485132217407	1343955.8856053932	117.4973475933075	1342880.2129782343	98.15172338485718	1343781.3003670638	88.79829120635986	1344119.2317964563	88.10840487480164	1342795.5866336145	78.2317681312561	1342350.0772716997	
75.30441355705261	1343717.4344090412	114.74124240875244	1343330.1223302656	117.08325505256653	1343499.7987653902	68.82809019088745	1334429.1293474738	79.03986620903015	1343977.9703085513	117.52098774909973	1342842.8783889157	98.1792380809784	1343793.4420488758	88.82554483413696	1344106.3749923776	88.13549828529358	1342776.3709786152	78.24593901634216	1342302.7461030628	
75.32655620574951	1343691.9261143282	114.77045798301697	1343304.020784349	117.11246800422668	1343401.9911877818	68.84311103820801	1334395.048987622	79.05538415908813	1343945.6441616593	117.54566097259521	1342829.1231836297	98.20475172996521	1343800.0784234598	88.85437941551208	1344105.6557613066	88.16159963607788	1342796.1974269417	78.26070094108582	1342355.7494191446	
75.35318946838379	1343695.978878954	114.79635214805603	1343306.422619355	117.13692879676819	1343400.1394884414	68.86062002182007	1334388.9286313062	79.0678927898407	1343981.2204628051	117.57092237472534	1342799.800949597	98.22894811630249	1343808.331278162	88.88269686698914	1344105.677726884	88.1856164932251	1342809.7121760966	78.27420687675476	1342354.0543697414	
75.37898826599121	1343704.2817803281	114.82338118553162	1343321.2801695056	117.1627516746521	1343419.500039848	68.87663888931274	1334399.01312191	79.0831606388092	1344004.474473395	117.59897303581238	1342760.2834526838	98.25236797332764	1343822.8137090725	88.91310906410217	1344121.7231310494	88.20918869972229	1342786.2261303926	78.29071855545044	1342320.3441712654	
75.40404891967773	1343648.4601488262	114.85103964805603	1343292.0855816223	117.1850278377533	1343425.7048165638	68.89474773406982	1334413.7518875974	79.0986659526825	1344011.2735627843	117.62160634994507	1342767.2310863084	98.27711057662964	1343843.8339190525	88.93662095069885	1344160.9893099023	88.23386096954346	1343120.6026001363	78.30422472953796	1342314.1563397567	
75.42706561088562	1343656.5191291005	114.88175177574158	1343319.1949120834	117.21044754981995	1343423.9509722185	68.91025185585022	1334361.7740601536	79.11167883872986	1344019.02285286	117.66697645187378	1342786.8540405587	98.30327558517456	1343843.6085059568	88.96102499961853	1344120.394936149	88.2603874206543	1343072.0514975376	78.31872892379761	1342287.0010654097	
75.45014023780823	1343661.8689618702	114.9082727432251	1343332.891343054	117.23437595367432	1343427.533634915	68.92827081680298	1334377.2253187	79.12669229507446	1344010.8551048965	117.70601749420166	1342752.316016515	98.32629537582397	1343828.997267253	88.98903393745422	1344127.8854480737	88.28491377830505	1343073.6859994722	78.33173704147339	1342272.6534396035	
75.47649669647217	1343693.218222951	114.9306640625	1343327.7907568563	117.26022791862488	1342995.1537343569	68.94438076019287	1334675.4022775511	79.14070749282837	1343998.404189016	117.74556303024292	1342766.4012169829	98.35130620002747	1343801.972683841	89.0168251991272	1344077.8231943424	88.31028652191162	1343287.027697388	78.34624171257019	1342257.6248013033	
75.50019431114197	1343703.222478705	114.95536947250366	1343324.9645390345	117.2881236076355	1342996.1335446243	68.9623954296112	1334684.569676062	79.15721416473389	1344054.5666465906	117.78685760498047	1342767.2683231619	98.37482118606567	1343813.7035601786	89.04261803627014	1344124.2311258109	88.33349609375	1343290.803442821	78.3602032661438	1342273.8979716038	
75.52732038497925	1343716.3542742026	114.98351502418518	1343333.6177379263	117.31171870231628	1343001.5048121458	68.97790575027466	1334690.4749052383	79.171226978302	1344028.551126719	117.82593584060669	1342776.516657158	98.39983177185059	1343810.9182701665	89.07013630867004	1344122.9458176522	88.35684514045715	1342964.558529075	78.3757107257843	1342234.0035185767	
75.55335903167725	1343718.6989800923	115.0076162815094	1343348.026543317	117.34196662902832	1343114.7067241757	68.9969232082367	1334381.7279985265	79.187739610672	1344047.3123781611	117.86576819419861	1342750.7584884656	98.42602515220642	1343810.0578340483	89.09780359268188	1344112.058954916	88.38104391098022	1342991.216185605	78.39222598075867	1342270.4525092647	
75.57996773719788	1343729.8308017186	115.03222155570984	1343348.75569735	117.36966943740845	1343119.7434001358	69.01159477233887	1334378.9203779332	79.20476841926575	1344070.763536356	117.9023048877716	1342753.0712313708	98.45061039924622	1343818.1681839	89.12284421920776	1344061.088583876	88.40715336799622	1342966.5662787384	78.40724229812622	1342260.8310340652	
75.60545301437378	1343675.1756187847	115.05735397338867	1343406.222445191	117.39623427391052	1343120.494370229	69.02510571479797	1334405.599360021	79.21979856491089	1344073.6446256442	117.94837594032288	1342757.552375104	98.47712993621826	1343824.2727981112	89.15099000930786	1343961.7117639955	88.42994141578674	1342969.569090388	78.42225122451782	1342252.4403988626	
75.63108158111572	1343669.0958813056	115.08127331733704	1343379.3630874965	117.42246985435486	1343166.6578307145	69.04061579704285	1334702.4756598528	79.23674941062927	1344077.2997154847	117.97480726242065	1342744.0067059975	98.50074863433838	1343829.8694250658	89.17623949050903	1343990.096137275	88.45212936401367	1342965.337295696	78.43713164329529	1342238.7003996524	
75.65749526023865	1343669.663830084	115.10553979873657	1343373.471213121	117.44622087478638	1343159.2920081154	69.0551381111145	1334700.6860734166	79.2537772655487	1344077.3295357395	118.00034546852112	1342748.0498291734	98.52487325668335	1343825.7316772055	89.20276546478271	1343988.635873891	88.48065423965454	1342806.0410444606	78.45316123962402	1342409.4947628696	
75.6827220916748	1343671.4762219766	115.13415932655334	1343365.887993856	117.47201251983643	1343170.3619237822	69.06664395332336	1334708.2226292728	79.26978921890259	1344078.7866059034	118.02211928367615	1342747.2505284364	98.55188584327698	1343672.1676292822	89.2275161743164	1343981.4323341306	88.50166320800781	1342810.237962406	78.46866631507874	1342414.0301254129	
75.70773959159851	1343661.0380185444	115.16228318214417	1343381.6138951073	117.49686360359192	1343174.968099069	69.0801510810852	1334724.1739327942	79.28742098808289	1344070.2916942642	118.04417610168457	1342729.9133585796	98.5794129371643	1343692.2699078566	89.25668406486511	1343975.564621348	88.52525544166565	1342738.2709598173	78.48417973518372	1342424.5947806889	
75.7325222492218	1343671.9343207637	115.18790602684021	1343363.936992182	117.52243113517761	1343175.868126421	69.09416508674622	1334711.9190975023	79.30543828010559	1344075.1427314898	118.07457900047302	1342733.5911559567	98.60393214225769	1343698.6156002234	89.28006505966187	1343986.6227994203	88.54643249511719	1342728.6023550238	78.50118947029114	1342450.520802321	
75.75805974006653	1343649.6483384708	115.21458745002747	1343365.1180261	117.5467598438263	1343177.825667569	69.10767340660095	1334476.2077920523	79.32495784759521	1344080.8040033407	118.10217952728271	1343050.3545705024	98.63065004348755	1343712.6953811694	89.31015062332153	1343983.398129582	88.57044839859009	1342692.33248799	78.51533222198486	1342464.1038697748	
75.7797646522522	1343652.279722931	115.2401065826416	1343367.8541357045	117.57796168327332	1343178.4162254508	69.1216812133789	1334462.7329876763	79.34306311607361	1344093.56856968	118.12475252151489	1343079.10739445	98.65468168258667	1343823.9316136288	89.33604598045349	1343976.8269300347	88.59586906433105	1342703.630696496	78.53087830543518	1342425.252955389	
75.80278420448303	1343667.6833813146	115.26215171813965	1343497.284113568	117.6049370765686	1343185.7255685914	69.13370180130005	1334485.1430008453	79.36107873916626	1344094.6365197871	118.14878749847412	1343086.6205327173	98.67920422554016	1343831.6603313012	89.36242866516113	1343993.3201750026	88.62741017341614	1342694.109134516	78.54738235473633	1342430.1640824955	
75.83252954483032	1343673.0361231351	115.28925561904907	1343516.0975459681	117.6334331035614	1343178.579202939	69.1473319530487	1334462.4914341404	79.37758874893188	1344285.5412543644	118.17406749725342	1343095.9269807893	98.70539093017578	1343816.2491572092	89.39046335220337	1344002.2844062895	88.65470337867737	1343200.3632956324	78.5629940032959	1342393.385579854	
75.85802888870239	1343673.6925566276	115.31485867500305	1343243.821638986	117.66114950180054	1343669.191289554	69.1608374118805	1334467.22781689	79.3926010131836	1344272.9363750978	118.19743728637695	1343140.4174274188	98.7284471988678	1343815.6256582702	89.41723084449768	1344027.335911639	88.68022012710571	1343201.3355409792	78.5800108909607	1342422.9144508613	
75.88302898406982	1343964.1499404244	115.33721160888672	1343229.716354005	117.68493151664734	1343699.5726421247	69.17684698104858	1334452.7311311213	79.40711522102356	1344268.645630225	118.22297549247742	1343134.330284218	98.75246024131775	1343829.501539	89.44360017776489	1344020.6855549528	88.71273374557495	1343207.655522596	78.59520316123962	1342423.9386205457	
75.91116380691528	1343699.0312884331	115.36020159721375	1343242.2522820057	117.7098867893219	1343703.0877033423	69.18935132026672	1334467.4742498323	79.42315340042114	1344277.0776680694	118.24870538711548	1343146.7333922272	98.77897572517395	1343683.0475468903	89.47162818908691	1344024.978706917	88.7390022277832	1343170.6773740146	78.60926461219788	1342426.5603955407	
75.93565201759338	1343723.8375439679	115.38769006729126	1343256.3598900447	117.73725891113281	1343714.1002933295	69.20538687705994	1334444.678910234	79.44067811965942	1344260.719022572	118.27477931976318	1343146.404168575	98.80669450759888	1343635.3389655864	89.49929738044739	1343957.6863921676	88.76466965675354	1343170.7378845357	78.62527441978455	1342478.855725445	
75.96335220336914	1343681.0145815676	115.4117021560669	1343334.4424611882	117.7669882774353	1343700.0222835932	69.22056555747986	1334480.6101998386	79.45518231391907	1344257.467997282	118.3035945892334	1343208.9388719841	98.83052968978882	1343969.7739402794	89.52539372444153	1343914.1907599377	88.78837370872498	1343201.8309825908	78.64041304588318	1342514.913567355	
75.98799705505371	1343703.056260839	115.43582153320312	1343357.0664718782	117.79617428779602	1343711.0356737224	69.23258471488953	1334511.1106694627	79.47019553184509	1344259.746349487	118.32776880264282	1343214.6857975302	98.85622572898865	1344045.0065163674	89.55468726158142	1343909.9597015814	88.8113865852356	1343200.7373831724	78.65591955184937	1342490.146128782	
76.01519703865051	1343701.4861395261	115.46007776260376	1343359.7647034612	117.82233834266663	1343704.6498768262	69.24560737609863	1334490.8155069312	79.48561596870422	1344201.1491993382	118.35278463363647	1343295.6233742554	98.87773990631104	1344041.5870395687	89.5892014503479	1343915.9217675887	88.8359022140503	1343205.7134931758	78.67292881011963	1342489.2242011344	
76.04123973846436	1343696.5591298824	115.48227834701538	1343359.32218334	117.84891819953918	1343566.4083233136	69.25889015197754	1334510.0398281887	79.50164747238159	1344155.8217869243	118.37816047668457	1343298.4867929374	98.90202140808105	1344063.9104052344	89.61866092681885	1343956.439763077	88.85691404342651	1343255.4027089924	78.68993902206421	1342495.4345290442	
76.06509971618652	1343704.040833337	115.50579571723938	1343315.0850566523	117.87321829795837	1343531.8482269922	69.27388000488281	1334442.4108730473	79.51615357398987	1344171.54736439	118.40117383003235	1343280.1231776902	98.92573237419128	1344049.0574366974	89.6473171710968	1343965.8045325216	88.88743615150452	1343256.438821002	78.70485615730286	1342501.4256754075	
76.0911591053009	1343713.553216157	115.52853727340698	1343290.2985703	117.89547300338745	1343516.8922976837	69.28838205337524	1334387.2784200073	79.53368830680847	1344050.0664075573	118.42571353912354	1343279.8584695426	98.95174169540405	1342714.960725351	89.67284870147705	1343957.6681343226	88.91444540023804	1343257.3837398896	78.72186470031738	1342510.3596689987	
76.1160535812378	1343716.4137499952	115.55356812477112	1343020.5440204744	117.92047309875488	1343205.056618516	69.30340099334717	1334406.192203948	79.55071330070496	1344096.0854256947	118.44677114486694	1343282.4531622347	98.97725820541382	1342704.6479510365	89.69920468330383	1343925.6683352103	88.94238758087158	1343254.756510442	78.73636865615845	1342630.7489164313	
76.14383172988892	1343714.4971469431	115.57615327835083	1343030.8440151406	117.94455695152283	1343189.599655077	69.3189103603363	1334429.6146024393	79.5642158985138	1344137.137876786	118.47227025032043	1343262.4494634818	99.0022702217102	1342766.5781692755	89.72426891326904	1343924.8725285484	88.96990728378296	1343262.7135719408	78.75289344787598	1342632.898489423	
76.16816997528076	1343703.7273214976	115.6332061290741	1343025.3694059686	117.96938037872314	1343192.123499173	69.33303236961365	1334399.1308267722	79.58024024963379	1344134.7842638036	118.49429750442505	1343281.509985189	99.02609872817993	1342774.432797256	89.75793743133545	1343919.9418830306	88.99869704246521	1343256.7995105106	78.77090239524841	1342636.0114650552	
76.19411778450012	1343698.995658327	115.65572810173035	1342727.653790107	117.9951286315918	1343227.8311989363	69.34805393218994	1334391.9166146568	79.59774827957153	1344134.3884080546	118.5223388671875	1343098.1798466495	99.05010938644409	1342780.5672148198	89.78544998168945	1343943.4869923964	89.02621579170227	1342706.8231629254	78.78605031967163	1342639.027107892	
76.21755003929138	1343695.4181977264	115.68020343780518	1342706.5830040886	118.02179217338562	1343228.7274141249	69.36056590080261	1334404.0893692153	79.61212062835693	1344143.0137850526	118.54987096786499	1343094.4706215598	99.07962393760681	1342725.229742578	89.81388139724731	1343908.4184121194	89.05277848243713	1342705.4703634582	78.8050582408905	1342545.5140010447	
76.24414300918579	1343666.97223687	115.70350694656372	1342727.7056503384	118.04703521728516	1343251.4058835465	69.37758350372314	1334398.2951322445	79.62713956832886	1344148.3895884478	118.57736349105835	1343099.5520003578	99.10526990890503	1342707.0430624369	89.84240460395813	1343919.7186738118	89.07628202438354	1342708.2490999713	78.81857371330261	1342529.687200688	
76.26887154579163	1343606.804743272	115.72772002220154	1342757.125020029	118.07142663002014	1343315.4470324144	69.39260601997375	1334434.1408564171	79.64315748214722	1344149.0137291055	118.60641312599182	1343093.6233133846	99.13141083717346	1342676.0914442297	89.86605453491211	1343899.039252675	89.10130333900452	1342801.9857083624	78.83562231063843	1342520.5999558961	
76.29234170913696	1343308.97013262	115.75173377990723	1343192.8061345778	118.09546422958374	1343317.129389854	69.40875458717346	1334443.6763839696	79.65766429901123	1344158.7032104398	118.63117456436157	1343084.114299338	99.15792512893677	1342747.5763734835	89.88993096351624	1343898.099374229	89.12482953071594	1342810.6139345078	78.85163068771362	1342511.9075960414	
76.31286573410034	1343309.1680321412	115.77602672576904	1343179.9774258954	118.12054347991943	1343320.462835884	69.42377495765686	1334430.0888024908	79.67408847808838	1344162.581534858	118.65505290031433	1343187.2028686132	99.18193483352661	1342678.576355998	89.91690754890442	1343456.645219808	89.15411925315857	1342817.1845136008	78.86913728713989	1342474.4467480164	
76.33575201034546	1343296.1961807963	115.79904198646545	1343165.7305857253	118.14397835731506	1343395.594325005	69.4382815361023	1334408.7614880938	79.69078660011292	1344111.1339172814	118.68211579322815	1343187.4982017062	99.21398305892944	1342666.872969254	89.94407892227173	1343481.7096734815	89.18287444114685	1342822.8076746862	78.88458752632141	1342444.5633870678	
76.35900092124939	1343297.0191413448	115.82355856895447	1343421.0575302194	118.17021417617798	1343394.744456663	69.4528112411499	1334402.662518719	79.70631384849548	1344151.3296734039	118.70954608917236	1342677.0678833837	99.24065279960632	1342663.0167799382	89.96909022331238	1343490.7822273923	89.21039485931396	1342818.760087108	78.90059542655945	1342469.4805865912	
76.38695764541626	1343316.3808354826	115.84657883644104	1343408.5700418283	118.19933223724365	1343370.4203579614	69.47031855583191	1334408.08120885	79.72232961654663	1344180.214064312	118.73407363891602	1342680.1994172768	99.26616835594177	1342658.3794506693	89.99709916114807	1343582.2907636254	89.23891019821167	1342811.1318633321	78.91610074043274	1342460.153477293	
76.41065645217896	1343314.6478252388	115.87126851081848	1343414.1378480713	118.2256247997284	1343388.207485399	69.48533463478088	1334289.151998238	79.73835229873657	1344105.0014101632	118.75831460952759	1342734.525507387	99.29445171356201	1343838.246537089	90.02296781539917	1343682.944926483	89.26392722129822	1342814.760078756	78.93310976028442	1342474.4579640932	
76.43928670883179	1343312.6950341414	115.90131521224976	1343466.8511466384	118.2527551651001	1343392.4514273384	69.49884104728699	1334301.913292704	79.75398898124695	1344106.2398879137	118.78349542617798	1342730.6733599175	99.32117414474487	1343848.350781613	90.04908633232117	1343676.2710840416	89.2884578704834	1342807.7809992507	78.95011568069458	1342494.3835807329	
76.46262288093567	1343281.6534879417	115.9253420829773	1343473.946045223	118.27968716621399	1343306.319567378	69.51286149024963	1334282.3361358894	79.77100443840027	1344106.0379623903	118.80842208862305	1342719.3642124904	99.34968781471252	1343850.27668046	90.07356309890747	1343628.582840281	89.31347107887268	1342789.0164027135	78.96762228012085	1342527.0497717985	
76.4871666431427	1343318.023668774	115.9489324092865	1343467.345008315	118.30637788772583	1343299.5951574468	69.52836632728577	1334467.3922549337	79.7875108718872	1344077.2184936441	118.83195447921753	1342721.0781932408	99.37520718574524	1343854.05395103	90.09579396247864	1343581.6364781172	89.33925461769104	1342791.9313118653	78.98263931274414	1342478.7079209418	
76.5130181312561	1343303.351253883	115.97248816490173	1343464.7227568887	118.3338475227356	1343290.0846552385	69.54288697242737	1334448.8626950309	79.80752658843994	1343813.1451495816	118.85574531555176	1342681.8570491215	99.40372014045715	1343865.6785346856	90.12454009056091	1343905.5727429271	89.36175847053528	1342797.7421341895	79.00033211708069	1342481.5513998882	
76.53803038597107	1343326.432002214	115.99794816970825	1343511.226650223	118.36291694641113	1343304.5932840179	69.55807137489319	1334450.6070657524	79.82627153396606	1343788.8638673841	118.87846517562866	1342773.259088579	99.42845845222473	1343856.6128239748	90.15182423591614	1343600.6764120169	89.38326859474182	1342779.1756806686	79.01683926582336	1342516.9586327882	
76.56272649765015	1343332.858178759	116.0233588218689	1343530.6973987073	118.38776445388794	1343304.380600863	69.5720865726471	1334340.3302067122	79.84128451347351	1343824.6978080487	118.9024887084961	1342775.546809096	99.45649242401123	1343839.8030529236	90.17898535728455	1343598.5684639344	89.4068021774292	1342791.527608722	79.0323543548584	1342528.6447948888	
76.58924126625061	1343328.7458366798	116.04805374145508	1343481.8055277716	118.42111444473267	1343305.7389278868	69.58859825134277	1334306.7772069424	79.85779309272766	1343844.114789345	118.9257960319519	1342810.8089777622	99.4825029373169	1343832.5230005742	90.20300149917603	1343625.0343842153	89.4348361492157	1342636.0087841095	79.04863095283508	1342502.8395239208	
76.61296391487122	1343331.6324725086	116.07039737701416	1343466.260425036	118.44627070426941	1343297.449962651	69.60412073135376	1334575.1077396204	79.87280869483948	1343848.0010725106	118.94882369041443	1342882.582337689	99.50735998153687	1343658.3477446456	90.23118424415588	1343532.7158329217	89.46288824081421	1342635.9499629615	79.06546115875244	1342508.4822351714	
76.63797998428345	1343328.499800607	116.09491729736328	1343440.245128072	118.47454261779785	1343562.330213486	69.61687994003296	1334610.8022380269	79.88841962814331	1343526.8099453256	118.97708082199097	1342887.9724937612	99.53424715995789	1343705.4301654939	90.25769877433777	1343521.5694222955	89.49140501022339	1342760.6603210801	79.07997131347656	1342511.1591046692	
76.66378688812256	1343316.3789765397	116.12595129013062	1343418.1022730975	118.50159001350403	1343656.0738703513	69.63189387321472	1335168.7340564257	79.90743327140808	1343488.9881010784	119.00035691261292	1342893.915303044	99.55763077735901	1344057.6594547885	90.28324437141418	1343748.0908400966	89.520916223526	1342760.3084253932	79.09447717666626	1342536.4495485956	
76.68930125236511	1343325.8176840292	116.15176343917847	1343425.9887326483	118.52548551559448	1343650.3386337054	69.64691638946533	1335167.8620985677	79.92345094680786	1343501.9230375902	119.02637219429016	1342893.6638484313	99.5831413269043	1344050.0043010537	90.31233167648315	1343809.9020913672	89.54681491851807	1342758.3244008003	79.11048722267151	1342512.3484855094	
76.71584272384644	1343309.9228185364	116.17486524581909	1343421.8467173853	118.55358147621155	1343637.557342081	69.66042375564575	1335029.2599708633	79.9399733543396	1343459.842377054	119.04914116859436	1342894.1878667632	99.6073842048645	1344025.3710804163	90.33907437324524	1343800.9048272178	89.57259774208069	1342761.0893887891	79.127032995224	1342468.3033452402	
76.7406873703003	1343261.2329349448	116.20189356803894	1343405.9418872616	118.58340525627136	1343482.6194331762	69.67705535888672	1335086.2022863273	79.95748615264893	1343464.6341859738	119.07616543769836	1342905.5762305055	99.63062787055969	1343915.9558515232	90.36425304412842	1343760.5034408167	89.59992504119873	1342805.7258378	79.14510750770569	1342461.509987398	
76.76323962211609	1343263.6036281367	116.22943186759949	1343383.8728921378	118.61481523513794	1343474.2727359314	69.69164943695068	1335031.6036083815	79.9735050201416	1343465.2787687061	119.1017792224884	1342913.1507001808	99.6558427810669	1343916.765116684	90.38980412483215	1343814.611630917	89.62844467163086	1342801.3901344736	79.16164064407349	1342496.1761277225	
76.78827381134033	1343259.6685822885	116.25819873809814	1343236.3717053088	118.64568614959717	1343475.6105070692	69.7066068649292	1335091.9904338538	79.98801040649414	1343351.0858275127	119.12640428543091	1342875.2560415294	99.68085503578186	1343865.480568956	90.41388130187988	1343807.5815588557	89.65595722198486	1342830.2770752518	79.1776511669159	1342482.5859442307	
76.81330847740173	1343263.8728867895	116.28221106529236	1343235.3888600084	118.67232823371887	1343440.5133946408	69.72010922431946	1335093.7816365466	80.00402426719666	1343374.7627147823	119.15893173217773	1342869.026661897	99.70567846298218	1343856.7440819037	90.44410610198975	1343814.9248274283	89.68422055244446	1342963.9179406432	79.19426488876343	1342481.8251347744	
76.8359055519104	1343266.3952973024	116.30772686004639	1343259.1025846854	118.70042371749878	1343425.2408873707	69.73363304138184	1335101.579626905	80.02065968513489	1343375.5801331752	119.18365859985352	1342877.5123603018	99.73100113868713	1343820.7717555137	90.4682023525238	1343775.010935146	89.71173810958862	1342884.7021512615	79.21139717102051	1342474.5564765013	
76.86020159721375	1343277.952930803	116.33204412460327	1343241.810823087	118.72706842422485	1343435.337403398	69.74770855903625	1334981.5994831815	80.03767251968384	1343374.3332562451	119.21117854118347	1342893.1677447162	99.7575204372406	1343834.4239935295	90.49655556678772	1343596.3180004414	89.74404454231262	1342931.2655061015	79.22692084312439	1342489.0547303676	
76.88689136505127	1343299.8969452495	116.35656023025513	1343264.3966471094	118.75275373458862	1343381.0657596476	69.7602128982544	1334973.5429611506	80.05370116233826	1343384.9570591482	119.2412211894989	1342866.4494873018	99.78495049476624	1343842.7976801333	90.5235984325409	1343581.851719742	89.77057123184204	1342938.0605024276	79.24245953559875	1342490.594551249	
76.9088945388794	1343288.5102595435	116.3800859451294	1343297.1634070375	118.78289675712585	1343457.762828224	69.77522659301758	1335017.8167676087	80.06970858573914	1343489.2834872084	119.2649564743042	1342871.7062417509	99.80846357345581	1343914.7737675842	90.55001044273376	1343533.8710294487	89.7973473072052	1342937.1172985206	79.25893664360046	1342521.5122606093	
76.93424153327942	1343299.152679305	116.40659809112549	1343319.5379907875	118.81179571151733	1343417.249621133	69.78973436355591	1335025.1651844988	80.08747291564941	1343483.6229058031	119.2884771823883	1342939.5598132221	99.8304750919342	1343853.7718474506	90.5787627696991	1343519.7222588104	89.8243579864502	1342966.0612875817	79.27547287940979	1342539.0329869518	
76.95880270004272	1343315.6808935113	116.43060684204102	1343319.5175694793	118.84209489822388	1343434.3915023014	69.80630946159363	1335032.9079341828	80.10548615455627	1343525.0992317596	119.31600141525269	1342944.4265474768	99.8559889793396	1343850.1586216397	90.60670495033264	1343520.12589654	89.8498740196228	1342982.245220268	79.29195356369019	1342532.7975841542	
76.98241519927979	1343300.6611638241	116.45462250709534	1343391.049428452	118.87007236480713	1343438.2510009278	69.81935381889343	1335075.252684148	80.12354850769043	1343493.3701408028	119.3375301361084	1342943.7676666311	99.88350224494934	1343852.4202770733	90.6344633102417	1343530.813654965	89.87288308143616	1342993.1512382375	79.30796694755554	1342561.4921480608	
77.01017594337463	1343302.9923092606	116.47899389266968	1343414.8320997534	118.89548397064209	1343454.747905696	69.83436465263367	1335099.443935853	80.14108324050903	1343719.049653834	119.36055707931519	1342926.179921749	99.91072225570679	1343862.3793348789	90.66210460662842	1343511.9139975763	89.89890503883362	1342994.3720447277	79.32356119155884	1342547.4262989066	
77.0391595363617	1343330.2938804757	116.50341463088989	1343395.5279214003	118.92251586914062	1343516.1389996633	69.84739661216736	1335201.3312749374	80.16009855270386	1343693.7263648564	119.38402390480042	1342919.2993936804	99.934237241745	1343957.768436408	90.68543982505798	1343557.5595146504	89.93058824539185	1342996.720377158	79.34006595611572	1342558.345464557	
77.06478023529053	1343332.374061363	116.53061437606812	1343408.496887173	118.9469702243805	1343510.4104380547	69.86190819740295	1335191.1525842808	80.17480802536011	1343732.1673720055	119.41412568092346	1342831.992516472	99.95824980735779	1343945.6645731982	90.71985340118408	1343530.5372839794	89.9601263999939	1343000.555264482	79.35764956474304	1342560.4293068137	
77.0918710231781	1343286.7496493955	116.55612778663635	1343412.9926599143	118.97772288322449	1343518.9096012362	69.87792372703552	1335150.3017002635	80.18881821632385	1343861.6872858116	119.43864679336548	1342922.8086601698	99.98225951194763	1344043.3455114346	90.74505019187927	1343522.6780792193	89.98876786231995	1343008.550243105	79.37316417694092	1342561.832230821	
77.11723852157593	1343286.6108347005	116.58065223693848	1343403.9104680922	119.00352501869202	1343521.3319592343	69.89293813705444	1335141.1651801842	80.20342683792114	1343867.972634245	119.46326947212219	1342920.5174394588	100.01578307151794	1344050.0428632055	90.77112984657288	1343516.2701067298	90.01479434967041	1343011.225914815	79.38918948173523	1342553.7487488596	
77.14009976387024	1343299.399172712	116.62119793891907	1343380.1817196682	119.02882599830627	1343523.699151115	69.90844249725342	1335134.2378820807	80.21965718269348	1343909.4195589283	119.48979139328003	1342928.0948918858	100.04706263542175	1343814.9895591342	90.7981960773468	1343513.4239034133	90.04232144355774	1343015.9552666892	79.40474534034729	1342489.2585011125	
77.16431212425232	1343316.7040826946	116.6467170715332	1343399.5967336318	119.05754446983337	1343509.368520111	69.92445540428162	1335077.1165130404	80.23667931556702	1343897.5641381352	119.5118043422699	1342929.7840505848	100.07557940483093	1343953.212539619	90.8321533203125	1344018.1333176526	90.07423114776611	1342949.894630248	79.42075276374817	1342516.7864894648	
77.18725752830505	1343312.7461022835	116.67378354072571	1343418.067126844	119.08200526237488	1343497.9460129156	69.93919110298157	1335085.2786005356	80.25477719306946	1343898.779418254	119.53852581977844	1342928.8360738328	100.10675048828125	1344042.6473755962	90.85877561569214	1344049.0676854348	90.10476732254028	1343919.123561583	79.43626618385315	1342515.4570444985	
77.21199369430542	1343315.5994313245	116.6983060836792	1343420.7119992208	119.11008024215698	1343707.6000984532	69.9537205696106	1335320.7604163927	80.27078199386597	1343923.9721561898	119.56154322624207	1342880.2425141977	100.13647675514221	1344059.9496445442	90.88564038276672	1344064.9035481135	90.13351273536682	1343928.7225028193	79.4525556564331	1342529.484899084	
77.23704147338867	1343332.5905588393	116.72398567199707	1343423.7097959602	119.13767671585083	1343713.0539293315	69.96722650527954	1335300.8279982465	80.28654623031616	1343923.4177048968	119.58626317977905	1342915.0143858274	100.1614875793457	1344061.7768474806	90.91505980491638	1344105.6919933641	90.16771507263184	1343923.1333706246	79.46756482124329	1342542.6364011015	
77.26122879981995	1343335.6837441565	116.74855327606201	1343396.9571739403	119.16316723823547	1343706.7521319634	69.9822428226471	1335065.0803916894	80.30255937576294	1343909.6763081816	119.61578607559204	1343334.8025960666	100.19750905036926	1344052.117221462	90.94695329666138	1344102.8576940766	90.19954538345337	1343923.0769936945	79.48457837104797	1342998.244103518	
77.2832465171814	1343336.4144330837	116.7731146812439	1343397.8454992375	119.18801832199097	1343701.1115310322	69.99475431442261	1335059.341362048	80.3180661201477	1343915.0395603087	119.63930988311768	1343335.261413226	100.2262179851532	1344054.0483990128	90.97703099250793	1344081.8986877312	90.2310733795166	1343871.5945255205	79.49958658218384	1343004.6275686722	
77.30709671974182	1343290.2474412264	116.79783344268799	1343331.1435963588	119.21627855300903	1343681.448269663	70.0092842578888	1335060.8252071582	80.33258700370789	1343901.2365076866	119.66551494598389	1343328.7324656853	100.25573587417603	1344044.3184831848	91.00305485725403	1343621.5041703766	90.26602864265442	1343806.697822868	79.51560258865356	1343004.2202227374	
77.33186411857605	1343082.2605076362	116.82207202911377	1343300.8488426034	119.25230813026428	1343684.4894836214	70.02199840545654	1335066.9574819496	80.35060048103333	1343927.2729813403	119.69204449653625	1343340.3733043834	100.28525590896606	1344044.2350981454	91.03004860877991	1343622.8434044935	90.29287338256836	1343734.0660495237	79.53160905838013	1343018.063376617	
77.3569438457489	1343099.8186705112	116.84523487091064	1343333.8545712472	119.28756165504456	1343672.67397018	70.03750967979431	1335074.099952543	80.3651065826416	1343922.8081308694	119.71807289123535	1343347.2010808832	100.31755208969116	1344071.382817238	91.05561780929565	1343619.7119335537	90.323406457901	1343746.7299091339	79.54761791229248	1343026.96886595	
77.38001561164856	1343110.7751262707	116.87190461158752	1343367.346634631	119.34290385246277	1343689.209336723	70.05208730697632	1335038.1666154342	80.3831217288971	1343934.4016667146	119.7410843372345	1343337.6268651213	100.34606552124023	1344067.9545957674	91.08233499526978	1343624.0425020996	90.35129237174988	1343738.4439671475	79.56316781044006	1343017.9755955744	
77.40452861785889	1343112.0280935324	116.89442300796509	1343362.3030236508	119.38239645957947	1343691.241482758	70.065593957901	1335006.6478990319	80.40013551712036	1343901.559098312	119.76811289787292	1343330.448139788	100.37658309936523	1344093.3456161437	91.11325478553772	1343626.93380928	90.37581944465637	1343680.806034585	79.58118343353271	1343027.2032623268	
77.43005347251892	1343104.278676521	116.91845107078552	1343412.8364527342	119.42073273658752	1343697.5125080177	70.08009839057922	1335016.4712813778	80.41715717315674	1343698.9542113384	119.79734182357788	1343253.3665605988	100.40609788894653	1344097.226010921	91.14027452468872	1343593.650911876	90.40404963493347	1343676.2555358417	79.59867000579834	1343024.5118628233	
77.45418500900269	1343165.4915304044	116.94323444366455	1343417.8505230125	119.4589741230011	1343833.6499682923	70.09511113166809	1334990.2842241568	80.4333758354187	1343693.233342718	119.82919597625732	1343250.6979948105	100.44181489944458	1343860.6721369768	91.1739284992218	1343592.745736635	90.4313178062439	1343682.6493103171	79.61618661880493	1343022.4412445081	
77.48422169685364	1343177.1245675704	116.96945977210999	1343439.9268772898	119.50914907455444	1343970.0983941818	70.10861873626709	1334982.913938678	80.44888472557068	1343714.3523626367	119.85172080993652	1343251.2039347857	100.47583317756653	1343855.5370134297	91.2051215171814	1343592.1481165155	90.45897078514099	1343613.0556780226	79.63614821434021	1343027.460241651	
77.5123975276947	1343171.777050671	116.9934868812561	1343319.122755786	119.54333591461182	1343955.6825860373	70.1256332397461	1335064.890205309	80.46642661094666	1343698.4696119046	119.87692880630493	1343414.6354161224	100.51141500473022	1343867.1565565055	91.2350001335144	1343595.5459335078	90.48551368713379	1343527.5718856328	79.65473198890686	1343010.517617803	
77.5373923778534	1343399.1998489243	117.01801800727844	1343281.8746472022	119.58959460258484	1343964.622475662	70.1403956413269	1335064.862846916	80.48147225379944	1343697.5490005605	119.89997410774231	1343416.1362570105	100.55356168746948	1343930.581735604	91.26217269897461	1343602.6296644225	90.51201152801514	1343486.9889164842	79.67524480819702	1343009.0452470277	
77.56104278564453	1343415.7793251537	117.04561758041382	1343286.9192290558	119.6260461807251	1344060.2434665402	70.15443277359009	1335056.3958255495	80.49669981002808	1343699.883681764	119.92349863052368	1343428.3458282205	100.59007978439331	1343916.9381523996	91.28863620758057	1343912.5041428544	90.53927421569824	1343516.891686398	79.69675755500793	1342998.8501896865	
77.58772158622742	1343413.3367146468	117.069340467453	1343296.458714172	119.67022633552551	1343906.603654834	70.1689682006836	1334796.251104379	80.51471376419067	1343701.080398648	119.94802331924438	1343427.5960439052	100.6284728050232	1342853.626852985	91.31848692893982	1343940.9774735519	90.57080674171448	1343524.5226851846	79.71527218818665	1343002.6882019986	
77.6137011051178	1343412.9108277196	117.09035897254944	1343304.1838721416	119.71134781837463	1343951.3351521052	70.18198227882385	1334797.7544484055	80.53023386001587	1343698.7301532226	119.97454595565796	1343426.09578314	100.66749238967896	1343174.6310150237	91.34811067581177	1343956.2686333146	90.59856915473938	1343504.4321800154	79.73178482055664	1343004.923009267	
77.63297486305237	1343564.9780011605	117.11349654197693	1343304.2925681097	119.7481791973114	1343959.1123012386	70.1954939365387	1334805.5757236355	80.54574537277222	1343706.2176719233	120.00158309936523	1343429.8566263714	100.6991958618164	1343186.9153335006	91.37220764160156	1343944.8641628067	90.62466812133789	1343517.074128856	79.75029492378235	1343003.8280085367	
77.65107417106628	1343568.5083776857	117.13828444480896	1343313.980115971	119.79380297660828	1343903.496113756	70.20950770378113	1334805.5462838884	80.55824947357178	1343807.6398289679			100.73616218566895	1343152.6535639397	91.39884090423584	1343947.2534746004	90.65159249305725	1343503.695090582	79.76630640029907	1342995.2096686212	
77.66924738883972	1343566.4508412327	117.16337847709656	1343522.647420122	119.83600878715515	1343886.3670700926	70.22319221496582	1334826.533570576	80.5752637386322	1343812.754900245			100.77349591255188	1343680.1784663566	91.42723560333252	1343921.7288449525	90.68017077445984	1343569.1383915083	79.78652381896973	1343017.1286422822	
77.68602561950684	1343558.4279573224	117.18646049499512	1343520.6289316355	119.87444138526917	1343873.4423939288	70.23769903182983	1335015.1400118365	80.59227800369263	1343801.362704231			100.80902051925659	1343696.7102848098	91.45011687278748	1343921.7479819853	90.70423197746277	1343557.4912203862	79.8057541847229	1343016.8013059127	
77.70222663879395	1343547.0093410846	117.21025013923645	1343506.1200345652	119.90924191474915	1343876.234973776	70.25221991539001	1335017.1634775237	80.60778641700745	1343811.2637918566			100.84253859519958	1343701.953943387	91.4736475944519	1343932.305418908	90.73175716400146	1343571.830757853	79.82326602935791	1343015.0412121073	
77.71624422073364	1343534.6004324076	117.2376217842102	1343515.5753026202	119.94677758216858	1343906.7013308497	70.26673007011414	1334987.1012953154	80.62330389022827	1343779.1198090417			100.882559299469	1343406.1528808547	91.50260186195374	1343940.7169458908	90.75895547866821	1343603.179059977	79.84105920791626	1343013.6786309243	
77.73130297660828	1343565.855619334	117.26178979873657	1343524.594877635	119.99197053909302	1343920.646779063	70.2827398777008	1334975.7040672444	80.63802218437195	1343761.3958434926			100.94080901145935	1343367.204533572	91.5301148891449	1343938.4826785396	90.78584599494934	1343540.844884145	79.85807061195374	1343364.0016493723	
77.74602818489075	1343370.1604564544	117.28861141204834	1343459.2795453537	120.03610372543335	1343939.8932651088	70.29824733734131	1334978.995402076	80.65303564071655	1343776.897689813			100.97387337684631	1343383.0627973382	91.5541787147522	1344094.1609068508	90.81574034690857	1343587.5807555395	79.8770854473114	1343372.1940224774	
77.75911903381348	1343388.4045134028	117.31262159347534	1343439.6609499312			70.31426477432251	1334973.014066825	80.66754388809204	1343780.3472042063			101.01657915115356	1343498.0472088906	91.58063435554504	1344101.4980374833	90.84026789665222	1343591.1842914508	79.8927104473114	1343374.220459481	
77.77433943748474	1343369.6075195305	117.3364098072052	1343421.0851250552			70.33277487754822	1334951.817429855	80.6830632686615	1343779.0841478487			101.06480574607849	1343496.3002190685	91.60464477539062	1344077.4545472465	90.86680221557617	1343599.2532677932	79.91304087638855	1343364.384469994	
77.79035091400146	1343550.7970512365	117.36167192459106	1343432.4930042499			70.34746527671814	1334960.9625713732	80.69825077056885	1343779.474681563			101.0993926525116	1343572.5651304426	91.6328718662262	1344078.3527240409	90.89457416534424	1343616.680087256	79.93676018714905	1342848.2978461196	
77.80489230155945	1343585.377239173	117.38928151130676	1343475.1658968097			70.36347317695618	1334886.0536703095	80.71226501464844	1344079.0527728354			101.13749313354492	1343572.765825353	91.66273093223572	1344223.1376619807	90.9204216003418	1343611.8882854977	79.96178865432739	1342841.7108487207	
77.81948494911194	1343590.0554431926	117.41530585289001	1343483.600879228			70.37697911262512	1334879.3830116831	80.72628259658813	1344059.6436344283			101.18214106559753	1343498.8900530548	91.6913058757782	1344273.472209357	90.94416069984436	1343672.3411760447	79.98661160469055	1342849.3294292283	
77.83499336242676	1343585.782975576	117.4393162727356	1343515.8826331107			70.39048552513123	1334886.8432084657	80.74430346488953	1344072.2856178056			101.2187557220459	1343343.0864698999	91.71883964538574	1344269.3453745744	90.97169232368469	1343672.7224865768	80.01113510131836	1342867.1578168685	
77.84907007217407	1343536.706436967	117.46492528915405	1343526.846148595			70.40527200698853	1334883.8316806455	80.76131820678711	1344086.4972322558			101.25377655029297	1343342.0023864154	91.74591732025146	1344293.4951261606	90.9972403049469	1343672.722906381	80.03245902061462	1342868.29937442	
77.86391544342041	1343551.535511127	117.49063920974731	1343530.6367609168			70.42100667953491	1334900.8997313636	80.77482652664185	1343765.118719793			101.28980469703674	1343329.890073515	91.77505922317505	1344095.3951199786	91.02216958999634	1343672.9692703993	80.06131339073181	1342862.7713514857	
77.8779284954071	1343501.2629927888	117.51715540885925	1343481.9980486704			70.4350175857544	1334880.9358122938	80.79184007644653	1343784.0502504108			101.33362412452698	1343354.5554275785	91.80304288864136	1344103.5162130878	91.05470085144043	1343475.4206581982	80.0914397239685	1342865.1624778805	
77.89245772361755	1343520.9999112247	117.54141688346863	1343499.570936331			70.44802761077881	1334861.3351114127	80.80734658241272	1343793.953284425			101.39666152000427	1343367.472299087	91.82618451118469	1344100.1962393192	91.08228063583374	1343471.5300211015	80.11944890022278	1342844.1620657921	
77.90770483016968	1343520.2602584257	117.56794667243958	1343513.6875625022			70.46203565597534	1334833.699958365	80.82450222969055	1343803.3028455249			101.4364082813263	1343311.2079202684	91.85152053833008	1344102.8558333341	91.11182618141174	1343474.5908222224	80.14496994018555	1342698.4014591214	
77.92092609405518	1343523.4062003354	117.59346294403076	1343516.2230648391			70.47654223442078	1334837.7832586954	80.83951878547668	1343754.646155413			101.47192454338074	1343321.796006164	91.88170146942139	1343809.3401315361	91.1397476196289	1343264.150371612	80.1689920425415	1342720.516946078	
77.93554401397705	1343519.6663255654	117.61847829818726	1343506.1609779485			70.49155354499817	1334867.973099068	80.85353183746338	1343994.0814933418			101.50958943367004	1343321.7756313302	91.90687394142151	1343798.621398851	91.16881346702576	1343270.9866239366	80.19164896011353	1342725.8573978143	
77.94734811782837	1343562.3194581866	117.6435022354126	1343594.124330791			70.50606417655945	1334860.1463716691	80.86804175376892	1343996.604623607			101.55133485794067	1343280.6473690206	91.93339252471924	1343845.9163787684	91.19356155395508	1343186.143023465	80.2181646823883	1342705.16450045	
77.96086287498474	1343427.920356716	117.67009806632996	1343597.675278123			70.51957082748413	1334842.6934191464	80.88156270980835	1343964.9073741129			101.57984662055969	1343258.305229409	91.96152663230896	1343856.4059303044	91.2201075553894	1343186.1416293427	80.23888325691223	1342723.441604116	
77.97437119483948	1343445.8588439347	117.69172263145447	1343522.962432318			70.53309297561646	1334826.9049097656	80.8956310749054	1343251.6224699167			101.60436654090881	1343280.9606552671	91.98769521713257	1343864.3952932486	91.24629354476929	1343179.88096257	80.26640820503235	1342726.441082895	
77.99038457870483	1343427.579499449	117.7157244682312	1343498.8860031774			70.5488383769989	1334836.4065149345	80.90964102745056	1343253.5885336427			101.63034296035767	1343222.8369016326	92.01214623451233	1343854.0465874977	91.27450156211853	1343044.3004166728	80.29593920707703	1342790.3296846258	
78.00639867782593	1343304.0212837558	117.73640060424805	1343484.6624111056			70.56285643577576	1335181.9369045394	80.92315363883972	1343260.0082969153			101.65392637252808	1343242.9362670667	92.03879761695862	1343862.7379882608	91.30313897132874	1343199.5019981621	80.32195806503296	1342798.6327083241	
78.02141499519348	1343311.2340531817	117.76241779327393	1343496.4789541773			70.57736396789551	1335189.6389315934	80.93616795539856	1343261.8073480316			101.67493653297424	1343251.4566144906	92.06405568122864	1343865.9814704305	91.32727193832397	1343173.3660847866	80.34147071838379	1342826.7684505987	
78.03792190551758	1343318.321489617	117.79128336906433	1343499.7884813747			70.59186816215515	1335141.2658109658	80.9501805305481	1343248.9002866053			101.6993362903595	1343266.0326184821	92.09007287025452	1343862.6765942776	91.35401821136475	1343164.3392046995	80.36148571968079	1342879.618425873	
78.0515718460083	1343333.763823059	117.81747364997864	1343477.390305106			70.60539197921753	1335152.253760222	80.96368861198425	1343249.430905509			101.72364091873169	1343273.7396147575	92.11546111106873	1343849.8705228393	91.38805389404297	1343166.2370613	80.38528728485107	1342869.952821969	
78.06588006019592	1343345.574879712	117.84135603904724	1343464.5229814674			70.62016892433167	1335152.3304135539	80.97820043563843	1343228.2347278132			101.74924421310425	1343266.9630536812	92.14197731018066	1343849.8709326962	91.41810297966003	1343160.4645848612	80.40440273284912	1342874.0627936558	
78.0804557800293	1343364.5152451084	117.86483812332153	1343512.3421460695			70.63418245315552	1335149.2655554018	80.99221348762512	1343234.340651384			101.77225613594055	1343220.9994414959	92.17002296447754	1343817.9070841388	91.44865560531616	1343170.0914706727	80.42591571807861	1342868.9470780557	
78.09402394294739	1343368.4561601332	117.88938212394714	1343581.0824235177			70.64820075035095	1335153.0010960372	81.00672364234924	1343241.8009307384			101.79674005508423	1343202.7864180172	92.20409965515137	1343826.1587417773	91.47554278373718	1343166.4048833167	80.44707012176514	1342892.7210869342	
78.1093201637268	1343356.2882090197	117.91250681877136	1343457.1114888727			70.66170907020569	1334824.68787744	81.02097988128662	1343231.565394036			101.82240748405457	1343148.953953066	92.22836399078369	1343839.2788413332	91.50101685523987	1343168.7975104202	80.46658277511597	1342886.1184519192	
78.12405037879944	1343356.9730927495	117.94322967529297	1343500.1491595726			70.67572355270386	1334822.6329335433	81.03599452972412	1343207.7602854979			101.84993076324463	1343146.2672436608	92.25311231613159	1343839.1834935886	91.52550745010376	1343143.4470490857	80.49211311340332	1342897.307158287	
78.13768601417542	1343341.8182554003	117.96976351737976	1343487.3202547203			70.68823051452637	1334785.661017432	81.0485007762909	1343213.1875063602			101.8766713142395	1343141.4780987573	92.28563785552979	1343850.2911971312	91.55114364624023	1343142.8211370376	80.51862502098083	1342896.4294364979	
78.15327715873718	1343323.164009687	117.99451613426208	1343494.0548251315			70.70224714279175	1334787.2845388097	81.06251859664917	1343486.1858028541			101.90146493911743	1343155.319652595	92.31239557266235	1343855.4318907196	91.57670402526855	1343632.1995725788	80.54164218902588	1342892.915760756	
78.1676127910614	1343336.7815431305	118.02205657958984	1343508.558147923			70.7157530784607	1334787.2944056978	81.07602500915527	1343480.5239799034			101.92411708831787	1343151.1948858993	92.33812808990479	1343860.0519372711	91.60830926895142	1343620.918285801	80.56771636009216	1342878.6443999517	
78.18314480781555	1343352.4700544346	118.05203151702881	1343510.1790397489			70.73025965690613	1334792.6974553384	81.09054780006409	1343203.0350229442			101.94866919517517	1343144.6482304668	92.36410927772522	1343857.7375295805	91.63071870803833	1343649.39409086	80.58868336677551	1343314.0374745813	
78.19815468788147	1343356.294292477	118.07728862762451	1343513.512574087			70.74490547180176	1334805.2403863622	81.10576319694519	1343202.3037576713			101.97418475151062	1343145.6564224719	92.38931894302368	1343857.8534064763	91.65626335144043	1343678.591623139	80.6104028224945	1343326.5563428598	
78.21242189407349	1343343.1884827423	118.10253500938416	1343502.3471370959			70.75841403007507	1334783.6657673835	81.11826968193054	1343207.1200004078			101.99989056587219	1343215.2569725942	92.41264772415161	1343864.9895850057	91.68128609657288	1343506.6653935867	80.63106799125671	1343292.9882985484	
78.2269275188446	1343343.355078732	118.12843799591064	1343505.251398894			70.7724335193634	1334678.0816770808	81.13379168510437	1344227.07312848			102.0268144607544	1343207.1114890934	92.43939709663391	1343854.7726714755	91.69771242141724	1342969.8403131964	80.65297293663025	1343293.573668904	
78.24043130874634	1343388.3585379585	118.15348839759827	1343471.9378878206			70.78759026527405	1334670.891638708	81.14729809761047	1344240.3898806644			102.05082750320435	1343210.9591711725	92.46442008018494	1343848.7820714798	91.71296453475952	1343066.350734191	80.67348718643188	1343275.7107146177	
78.25543999671936	1343340.898444927	118.17750096321106	1343432.9711614593			70.79941272735596	1334671.6684697762	81.16131210327148	1344246.0339357946			102.07534265518188	1343213.374968206	92.49299645423889	1343830.5888123475	91.72772550582886	1343125.5145650862	80.69600033760071	1343281.7491242504	
78.269122838974	1343350.842827222	118.2096619606018	1343434.378996122			70.81395030021667	1334699.416140855	81.1758189201355	1344250.8290945913			102.10205221176147	1343161.4679846386	92.5228259563446	1343815.9643453811	91.74100303649902	1343072.226831338	80.71902227401733	1343269.6017378357	
78.28263354301453	1343339.1889620987	118.23635172843933	1343454.0223597323			70.82845640182495	1334492.210315728	81.19083428382874	1344249.7480985168			102.12643122673035	1343163.3587094406	92.54783463478088	1343832.7869171626	91.75601506233215	1343055.5823207381	80.74407649040222	1343279.4653474845	
78.29534149169922	1343387.0131698297	118.26707482337952	1343456.9005063493			70.83996391296387	1334482.3925107978	81.20533990859985	1344028.5703296002			102.15164160728455	1343538.3309622128	92.57885456085205	1343856.1228824388	91.76953482627869	1342922.1403303586	80.77787971496582	1343280.79171277	
78.31051325798035	1343387.9024618557	118.29440140724182	1343496.6392170147			70.85548043251038	1334614.2292402417	81.21895790100098	1344010.206906665			102.17845249176025	1343596.9757120695	92.60337162017822	1343853.100881377	91.78304648399353	1342910.9838785809	80.79863715171814	1343306.6361114166	
78.32588028907776	1343368.7991603117	118.31848216056824	1343498.4114072092			70.86898422241211	1334618.8433967507	81.23447918891907	1342977.3759500973			102.20146346092224	1343592.7320271425	92.63258814811707	1343804.1542249457	91.79620003700256	1343051.2164744907	80.82593870162964	1343274.6759597333	
78.34118700027466	1343396.177627822	118.34710168838501	1343503.1660056831			70.88299322128296	1334650.433788367	81.24798536300659	1343058.1568689453			102.22759890556335	1343595.138477301	92.6646056175232	1343570.6269385368	91.8087100982666	1343097.9960559732	80.85037755966187	1343271.4862842837	
78.35522794723511	1343401.3514667824	118.3721125125885	1343523.327009167			70.89750647544861	1334615.2631725185	81.26200032234192	1343069.814925665			102.25260853767395	1343592.6990868158	92.69129490852356	1343627.6185048562	91.82172060012817	1343148.0921181974	80.87655305862427	1343270.8160627515	
78.37034726142883	1343348.9925152473	118.40513062477112	1343519.371281593			70.91151475906372	1334610.7739183446	81.27650856971741	1343062.0049490388			102.2766604423523	1343646.5593940818	92.71797060966492	1343633.6016366577	91.83725357055664	1343170.303140154	80.89256930351257	1343281.4826339718	
78.38402080535889	1343346.577191697	118.43764758110046	1343523.7247409145			70.92702531814575	1334610.193591209	81.29172253608704	1343061.149504103			102.3006899356842	1343656.4386581585	92.74048805236816	1343634.6796243675	91.85150456428528	1343111.9141707588	80.90757703781128	1343234.8323781968	
78.39917302131653	1343300.1133113052	118.47025346755981	1343528.944349746			70.94081997871399	1334619.990656573	81.30823516845703	1343066.090960137			102.32597398757935	1343657.0401814333	92.76494002342224	1343646.1078700132	91.86418533325195	1343135.5389147953	80.9225857257843	1343248.9762450627	
78.4136860370636	1343320.4783577302	118.49651408195496	1343529.231082919			70.957346200943	1334666.6862856918	81.32504200935364	1343072.059145022			102.34998345375061	1343641.7142002508	92.7914559841156	1343627.754713577	91.87786316871643	1343144.1518208256	80.936274766922	1343259.0278222198	
78.42919850349426	1343293.435520398	118.52352786064148	1343532.7010790014			70.97236514091492	1334668.0489523076	81.33804965019226	1343064.8671229403			102.3745059967041	1343679.3880033605	92.81662082672119	1343630.0692747906	91.89137506484985	1343140.369724029	80.95028281211853	1343223.629903181	
78.44525194168091	1343251.6814400977	118.55629634857178	1343528.788289406			70.98587417602539	1334680.0033143756	81.3513708114624	1343063.0117634723			102.39752054214478	1343756.366443836	92.84084057807922	1343594.7687013585	91.9048867225647	1343133.6269805527	80.96337008476257	1343220.4894312553	
78.45782113075256	1343271.7005320555	118.58368849754333	1343542.4068270156			70.99937987327576	1334660.2013362153	81.36602926254272	1343074.935023506			102.42404770851135	1343766.1051866864	92.86535739898682	1343604.9086152692	91.92498755455017	1343030.5896609945	80.97834920883179	1343238.198155636	
78.4720368385315	1343280.3081254968	118.6097002029419	1343542.4071706755			71.0144214630127	1334659.0071318846	81.380042552948	1343069.5662749463			102.45069289207458	1343761.5888917355	92.89167785644531	1343598.7431893074	91.950852394104	1343052.772164954	80.99354219436646	1343222.5317588942	
78.48711490631104	1343346.5184557457	118.63821816444397	1343600.8376949856			71.02867126464844	1334673.1434347976	81.39455461502075	1343083.0044641278			102.47772026062012	1343754.5318489408	92.91937923431396	1343566.1830776574	91.97638630867004	1343055.235851408	81.00855159759521	1343209.329783965	
78.50296807289124	1343312.1181371696	118.6624653339386	1343595.9227580754			71.04269123077393	1334673.6051654208	81.40956449508667	1343063.6948667313			102.50262260437012	1343749.9109707086	92.94889330863953	1343555.834088545	91.99676036834717	1343044.1759875808	81.02206873893738	1343217.7494425983	
78.51602530479431	1343313.723066009	118.69467306137085	1342710.0197279658			71.05670881271362	1334669.2559791103	81.42525291442871	1343042.2169430617			102.53209209442139	1343739.3574894767	92.97591638565063	1343560.111152108	92.02028584480286	1343069.8682685245	81.03697919845581	1343220.040758303	
78.53028917312622	1343306.3345135045	118.72376322746277	1342703.259031903			71.07021641731262	1334546.5543658908	81.43826484680176	1343237.415720217			102.55960774421692	1343738.8091776052	92.998211145401	1343571.2100257087	92.04581141471863	1343054.1667635343	81.052499294281	1343210.3580860845	
78.54531359672546	1343298.9298230915	118.74852418899536	1342842.7291830902			71.0832359790802	1334376.4669791514	81.45428586006165	1343236.6600544127			102.58412027359009	1343735.1154622051	93.02382230758667	1343930.8398503186	92.06690788269043	1343089.701127424	81.06901335716248	1343208.2852282408	
78.56032919883728	1343296.4793464078	118.77531385421753	1342850.968699167			71.0987434387207	1334466.1936520417	81.46879386901855	1343172.7452880507			102.61213850975037	1343739.7547847535	93.05112218856812	1343948.026209599	92.08893251419067	1343135.0468372684	81.08567476272583	1343208.6768591716	
78.57583332061768	1343318.691326791	118.80224061012268	1342852.6012418994			71.11175799369812	1334439.8022450758	81.48131942749023	1343182.3687940117			102.63738703727722	1343608.520336579	93.07639598846436	1343950.1581318516	92.1149570941925	1343121.7892125628	81.1006829738617	1343192.257226193	
78.5893383026123	1343326.8295251017	118.82798314094543	1342829.2943522867			71.12526750564575	1334484.9552204236	81.4954719543457	1343146.472680667			102.66240048408508	1343594.3789528217	93.0984902381897	1344149.7392260665	92.14713764190674	1343105.722212199	81.1166934967041	1343213.099346742	
78.60491347312927	1343330.9877509417	118.85551595687866	1342826.9993243273			71.14401745796204	1334515.4842977154	81.51049017906189	1343134.7025620583			102.68995213508606	1343607.4401398208	93.12050199508667	1344111.1161764422	92.17115473747253	1343110.9675326708	81.13221025466919	1343211.0340454446	
78.62119674682617	1343339.4138916451	118.88122701644897	1342698.5348655826			71.16702938079834	1334462.7327640862	81.52528023719788	1343137.815605727			102.71536231040955	1343574.0280036898	93.14201641082764	1344121.4000871936	92.19368386268616	1343110.026371149	81.14567136764526	1343230.2748693272	
78.63570213317871	1343339.3089747645	118.91075134277344	1342683.6796334132			71.18604373931885	1334473.1334011357	81.53979802131653	1343210.2473873373			102.7400176525116	1343600.2646359904	93.16752791404724	1344142.839894472	92.2177484035492	1343137.3913922543	81.16118884086609	1343269.1015524305	
78.65430474281311	1343311.114375473	118.94212698936462	1342679.8622441483			71.20907187461853	1334478.096352	81.5553092956543	1343294.9232200338			102.76653814315796	1343592.598247158	93.1920428276062	1344147.1694570286	92.23727011680603	1343131.1002425356	81.17569279670715	1343272.2236527358	
78.67667627334595	1343320.0934325445	118.9719226360321	1342681.7817777127			71.22781801223755	1334558.9414942344	81.57132530212402	1343334.1278520457			102.79140973091125	1343581.6626637524	93.21894669532776	1344159.9991562827	92.26104927062988	1342890.05491357	81.19044852256775	1343260.0540126301	
78.70271039009094	1343306.7968162915	119.0024425983429	1342678.9965123537			71.24933791160583	1334560.9668347123	81.58583569526672	1343251.029935396			102.817547082901	1343576.9860718085	93.24146366119385	1344163.324656142	92.2822961807251	1342894.109331335	81.20397019386292	1343258.5364541295	
78.72677493095398	1343307.5119162716	119.04201793670654	1342723.5408289903			71.27385449409485	1334575.5244537508	81.59984803199768	1343252.7697264524			102.84255599975586	1343586.873802592	93.26497459411621	1343648.1574758273	92.30888175964355	1342904.5727999078	81.21897840499878	1343017.6625481045	
78.75007390975952	1343303.309766424	119.08481693267822	1342729.4441272886			71.29487085342407	1334576.1851269596	81.61386442184448	1343283.2117358346			102.8710720539093	1343595.7896429887	93.29036712646484	1343692.9714057012	92.33162927627563	1342898.0054185449	81.23449325561523	1343003.9595666758	
78.77326607704163	1343305.5528792837	119.12585115432739	1342738.5097846133			71.31989312171936	1334573.0693142207	81.62599301338196	1343287.2113872448			102.89470601081848	1343568.594756192	93.31715154647827	1343649.9691624157	92.35453462600708	1342837.3354168434	81.24815964698792	1343000.5636652494	
78.79893517494202	1343376.3423126223	119.16368675231934	1342745.906299584			71.34263706207275	1334577.0566520733	81.64151525497437	1343279.8893585731			102.92084383964539	1343552.3066193305	93.34566569328308	1343602.6448831498	92.38007402420044	1342737.477765408	81.26359868049622	1342735.4799281163	
78.81994605064392	1343379.8049857842	119.20436501502991	1342697.7355958365			71.3630223274231	1334570.5128912146	81.65702199935913	1343256.1932291992			102.94682240486145	1343556.1394189517	93.36818504333496	1343604.3202062112	92.40572738647461	1342723.753210781	81.2786066532135	1342746.2546024171	
78.848961353302	1343380.9728672754	119.24139428138733	1342754.4453144628			71.38703727722168	1334549.45439832	81.6710376739502	1343269.448622873			102.9746766090393	1343532.4489321194	93.3936984539032	1343587.8396793208	92.42637538909912	1342702.0844759578	81.29486894607544	1342756.0013154875	
78.87538075447083	1343388.8206935714	119.2857027053833	1342747.1237797088			71.41077446937561	1334509.2718670263	81.68619513511658	1343284.0245665903			103.00077676773071	1343522.0424427222	93.41799116134644	1343616.134094525	92.44589161872864	1342700.3633638434	81.30944204330444	1342742.8691704217	
78.89747381210327	1343386.765037023	119.32623338699341	1342732.0412934555			71.43497562408447	1334515.5242524089	81.70121431350708	1343311.9064182267			103.02592444419861	1343503.4805388015	93.4455053806305	1343596.3205612062	92.47241830825806	1343334.0020144158	81.32340788841248	1342742.2522069896	
78.92108154296875	1343391.2013300746	119.36945605278015	1342774.1414863348			71.45899486541748	1334530.1654935176	81.71671938896179	1343296.2012320166			103.04893398284912	1343521.1361396164	93.46901941299438	1343571.4628961063	92.49536347389221	1343420.228441314	81.3374445438385	1342740.9079091912	
78.94538640975952	1343412.4702130381	119.41148948669434	1342782.037871008			71.48252034187317	1334541.011298874	81.73045635223389	1343261.406431729			103.07345294952393	1343508.516981245	93.49463081359863	1343551.4316113705	92.5214831829071	1343404.8021456231	81.35157656669617	1342741.0633099857	
78.96719527244568	1343419.8147257331	119.45354437828064	1342792.1756375127			71.50453543663025	1334576.8551642578	81.7444109916687	1343191.2361848967			103.10809898376465	1343545.3322678015	93.52014327049255	1343549.9900178465	92.54465460777283	1343910.245928591	81.3645851612091	1342745.3491609534	
78.99128985404968	1343412.416146012	119.49888396263123	1342785.3764497016			71.52754855155945	1334578.517837832	81.75873041152954	1343239.3133961987			103.14727973937988	1343370.016339476	93.5466558933258	1343559.3912088037	92.57157778739929	1343524.8082839262	81.37860107421875	1342748.51594801	
79.01592111587524	1343426.853561766	119.54756832122803	1342825.4078238253			71.54856991767883	1334593.9542443722	81.77253246307373	1343219.8865334876			103.18529915809631	1343405.149354298	93.57221174240112	1343500.0316301605	92.59775424003601	1343522.706651697	81.39278101921082	1342723.922256443	
79.03793740272522	1343425.6954047873	119.59427738189697	1342806.419030169			71.57409334182739	1334568.5793459981	81.78704023361206	1343472.3574518631			103.22494316101074	1343353.265206868	93.6000325679779	1343522.1290399288	92.62095808982849	1343545.1838333237	81.40829873085022	1342735.9416568999	
79.06527876853943	1343424.3248534163	119.63599991798401	1342812.5026786749			71.60160303115845	1334542.214940369	81.80057096481323	1343459.6286658326			103.26896929740906	1343417.4926118546	93.62651681900024	1343532.8182930273	92.64848589897156	1343549.423597593	81.42230772972107	1342823.1043073817	
79.09241580963135	1343432.3205802331	119.67105793952942	1342823.1594579907			71.62508726119995	1334516.4565278946	81.81509470939636	1343454.730345066			103.30528688430786	1343400.479026213	93.65217471122742	1343538.938868173	92.67606163024902	1343447.7204994105	81.4371612071991	1342833.6178382598	
79.11593437194824	1343434.4375056592	119.71190047264099	1342820.390159025			71.64760661125183	1334533.0359965959	81.82785272598267	1343469.3192044098			103.34549450874329	1343405.3740031356	93.67851066589355	1343539.6596268443	92.70274305343628	1343453.7822758534	81.45217776298523	1342800.937773099	
79.14118695259094	1343414.9125104814	119.75234651565552	1342793.4677553957			71.66962122917175	1334536.6002229806	81.8408694267273	1343440.5874669356			103.38651585578918	1343398.5331069545	93.70431995391846	1343576.6248461185	92.7300534248352	1343473.9895467998	81.46619510650635	1342814.8405390363	
79.16727304458618	1343410.055423644	119.79184627532959	1342783.1618234718			71.69314074516296	1334540.0053433785	81.85437750816345	1343444.3124540965			103.42004156112671	1343370.0191125907	93.72849941253662	1343729.0504571146	92.75760412216187	1342844.8232793997	81.4812080860138	1342872.9405062126	
79.19230604171753	1342583.3064314055	119.82819533348083	1342799.103451302			71.71315360069275	1334798.5618326354	81.86790800094604	1343208.954445514			103.45973587036133	1343384.1277488882	93.75561022758484	1344052.3396084537	92.77962827682495	1342841.2926349407	81.49621772766113	1342856.8130034776	
79.21732115745544	1342574.9174725905	119.87084460258484	1342807.1642986897			71.73580503463745	1334794.6609273332	81.88293027877808	1343223.4328069086			103.5009412765503	1343404.9835779555	93.77917051315308	1344060.360579535	92.8073890209198	1342841.8098061017	81.50933146476746	1342840.8677699778	
79.2396354675293	1342559.831442821	119.916508436203	1342805.7444811699			71.75665092468262	1334777.8839966839	81.89672255516052	1343197.0775565547			103.53814697265625	1343417.384836916	93.80521941184998	1344063.1529240585	92.83843898773193	1342843.47905045	81.52434062957764	1342843.6182726743	
79.26181530952454	1342569.4365968136	119.96773624420166	1343666.9100754943			71.779226064682	1334768.3237888694	81.91139435768127	1343482.640088637			103.57716584205627	1343430.2003864832	93.83044028282166	1344074.512230039	92.86419534683228	1342880.8361512322	81.53884482383728	1342886.2563963162	
79.28683018684387	1342577.804159553	120.01558709144592	1343452.7950178122			71.8027560710907	1334779.4151954732	81.92390084266663	1343502.247041271			103.6146936416626	1343431.5341963281	93.85505247116089	1344158.1586544719	92.90176510810852	1342871.5149455017	81.55135822296143	1342881.1707475004	
79.31209921836853	1342583.487726476					71.82796907424927	1334786.312070761	81.93891477584839	1343463.5017957366			103.66158127784729	1343451.0022399547	93.87906289100647	1344184.319436351	92.92579364776611	1342886.3672792916	81.56386208534241	1342897.4542336618	
79.33723449707031	1342588.0761084696					71.85400414466858	1334761.6154985721	81.95192837715149	1343471.7397678373			103.70895481109619	1343478.2727013961	93.90675258636475	1344185.8330949263	92.953040599823	1342886.629917039	81.57886910438538	1342890.4965282108	
79.36312007904053	1342591.917527495					71.87901401519775	1334771.9785691416	81.96543598175049	1343463.131630613			103.7445957660675	1343486.8280528623	93.9302659034729	1344183.3680586645	92.97759628295898	1342887.7052535047	81.59400177001953	1342898.724440851	
79.38900756835938	1342603.0326479557					71.90020513534546	1334811.5529101277	81.9799427986145	1343494.0867084684			103.78812217712402	1343471.5353229796	93.96044158935547	1344303.7563318238	93.01332187652588	1342930.25209398	81.6080093383789	1342873.2534877243	
79.4150722026825	1342559.842265035					71.92773127555847	1334823.5726367258	81.9929563999176	1343408.3266183108			103.8283462524414	1343476.820889743	93.9844536781311	1344333.6028117738	93.03585624694824	1342932.3045770118	81.62152099609375	1342890.2649874224	
79.44338631629944	1342604.8240811983					71.95494794845581	1334732.3436504246	82.00646352767944	1343414.0796555213			103.86238074302673	1343469.1966104158	94.0094702243805	1344341.546385083	93.05792140960693	1342953.7815825157	81.63536834716797	1342895.0295364233	
79.46764588356018	1342630.3777968814					71.97996068000793	1334757.704069529	82.02098274230957	1343460.0395248216			103.88889598846436	1343466.2210199542	94.0329942703247	1344264.3385923537	93.0856466293335	1342941.3090723744	81.64806962013245	1342888.1288663372	
79.49375581741333	1342616.7547586013					72.00248384475708	1334768.819888732	82.03461718559265	1343447.6052449886			103.91505575180054	1343452.5854279925	94.06110668182373	1344274.361787653	93.11634612083435	1342883.2500636645	81.66258144378662	1342886.1860760215	
79.5203263759613	1342610.058490502					72.02514505386353	1334767.7071364364	82.04962682723999	1343447.7168791706			103.93863034248352	1343431.483598656	94.08442997932434	1344272.9604410047	93.142263174057	1342883.1735493199	81.67608714103699	1342885.7955563178	
79.54481863975525	1342621.7432362728					72.0506603717804	1334766.1147356394	82.06313753128052	1343411.7080971694			103.96264457702637	1343431.8994034491	94.10912227630615	1344275.0678482226	93.16680073738098	1342919.3512542066	81.69010901451111	1342844.696609468	
79.56895470619202	1342615.1629708677					72.07418179512024	1334813.5654384228	82.0766453742981	1343420.9257157256			103.98617434501648	1344068.84422223	94.13441061973572	1344890.6997762464	93.19133639335632	1342926.8277913856	81.70312023162842	1342947.8061815216	
79.59658312797546	1342439.038499511					72.09418964385986	1334848.524531708	82.0908088684082	1343429.3432485696			104.00918126106262	1344055.3557310114	94.161456823349	1344904.9498434456	93.21851015090942	1342891.2243878641	81.71712636947632	1342869.377514548	
79.62467002868652	1342320.907650123					72.12470817565918	1334841.676526715	82.10432600975037	1343264.719447772			104.0336971282959	1343979.7957439886	94.1864664554596	1344673.7092890523	93.23432040214539	1342817.1595811371	81.73013424873352	1342858.3807623007	
79.65029215812683	1342331.1414190342					72.14846706390381	1334831.7134079444	82.11882758140564	1343270.9601682185			104.05971646308899	1343923.2938703534	94.21397995948792	1344674.6436565516	93.24640679359436	1342821.5001288166	81.74482440948486	1342859.9282520944	
79.67680501937866	1343187.8350116522					72.17268991470337	1334834.2760803706	82.1323492527008	1343269.9669435404			104.08645462989807	1343938.5297803013	94.23866105079651	1344410.995108567	93.25992465019226	1342805.5502871738	81.75883913040161	1342866.1275714699	
79.70320153236389	1343202.3162082995					72.19570541381836	1334755.8251566289	82.1458568572998	1343432.98188621			104.1115369796753	1344249.7805370884	94.26467776298523	1344419.240483879	93.27443790435791	1342835.6941392592	81.77284693717957	1342887.6585256227	
79.7298355102539	1342762.083238692					72.21939063072205	1334757.5055153866	82.1608738899231	1343437.027174758			104.14286589622498	1344247.113732756	94.28872609138489	1343910.794653296	93.28836464881897	1343245.0378579497	81.78795433044434	1342885.1702501862	
79.75496506690979	1342775.2173814934					72.24191403388977	1334742.52723269	82.17639994621277	1343437.8035158734			104.1679699420929	1344268.2145323495	94.3209478855133	1343893.5667736465	93.30387878417969	1342920.5773758176	81.80217409133911	1342837.7774695477	
79.78072261810303	1342777.510328539					72.27044248580933	1334758.3199616545	82.19126057624817	1343234.1395773545			104.19433546066284	1344278.3017033166	94.35046100616455	1343890.5425063244	93.31604027748108	1342905.9749554787	81.81568455696106	1342838.2280809325	
79.80290246009827	1342780.3456301012					72.29597306251526	1334765.5111401225	82.20677852630615	1343242.5034913968			104.21885871887207	1343640.1562929663	94.37698125839233	1343942.4084865057	93.3300621509552	1342904.47017401	81.82769060134888	1342831.10692606	
79.82483458518982	1342782.2476318465					72.31998538970947	1334779.0122736713	82.22131896018982	1343296.9100614372			104.24382829666138	1343638.058949331	94.40149664878845	1343951.408761219	93.3430802822113	1342907.985612143	81.84296083450317	1342812.5954413083	
79.85211777687073	1343452.9283341316					72.35032868385315	1334780.1778208201	82.23502945899963	1343299.033639031			104.26835179328918	1343668.5853269207	94.42906522750854	1343949.6272797447	93.35682773590088	1342884.6289410922	81.85897207260132	1342820.9049714606	
79.87728929519653	1343462.2004891208					72.373854637146	1334752.2190254543	82.25065588951111	1343274.4933200509			104.29479598999023	1343676.5340988657	94.45459175109863	1343952.9874965553	93.37033772468567	1342884.2209224058	81.87398529052734	1342845.58363242	
79.90291738510132	1343469.6205877364					72.39639639854431	1336099.2641922596	82.26693797111511	1343899.9960515879			104.32282304763794	1343652.9415801864	94.48232054710388	1343942.7986493872	93.38484859466553	1343722.1267917291	81.88800573348999	1342834.8324793268	
79.9267578125	1343441.681104441					72.42565321922302	1336099.3721638562	82.28046774864197	1343903.0197507779			104.34620237350464	1343630.48032942	94.50773596763611	1343935.213964004	93.39737510681152	1343726.1644472142	81.90251755714417	1342810.4810961394	
79.95240616798401	1343485.4889985793					72.4501781463623	1336075.7769650104	82.29515743255615	1343883.0202032414			104.36821436882019	1343650.76028506	94.53325343132019	1343936.7249475922	93.41359543800354	1343635.5956028632	81.9180257320404	1342810.9821152452	
79.97892880439758	1343434.134209279					72.47269558906555	1336067.9963241173	82.31043720245361	1343892.6268187265			104.39339923858643	1343630.4154701864	94.56227207183838	1343953.971593431	93.42711973190308	1342751.0233551676	81.93353748321533	1342810.244919636	
80.00114965438843	1343425.2293880107					72.49471282958984	1336070.185201005	82.32494688034058	1343884.4082874383			104.42191624641418	1343615.2337723519	94.58691263198853	1343956.3528038089	93.43854689598083	1342708.6835771448	81.94854593276978	1343054.43396698	
80.02622103691101	1343466.9906667846					72.51472902297974	1336055.73515748	82.33996367454529	1343884.5491108187			104.44543194770813	1343637.9823511867	94.61242914199829	1343977.4328522782	93.45258116722107	1342735.0285210074	81.96405863761902	1342804.456491038	
80.05486822128296	1343481.2213683298					72.53824353218079	1336065.1553785035	82.35547232627869	1343878.270651327			104.46944499015808	1343633.8027917647	94.64327144622803	1343977.5467279514	93.4655921459198	1341951.7533121442	81.97656226158142	1342828.0649142936	
80.07820081710815	1343452.6166815686					72.56043720245361	1335481.7942651862	82.36948204040527	1343879.6856692252			104.49145150184631	1343651.118240419	94.66748809814453	1343946.6769257411	93.48010540008545	1341975.779574056	81.99199604988098	1342852.4011187905	
80.10684633255005	1343394.8675102983					72.58495664596558	1335479.1183883	82.38199210166931	1343884.380955072			104.51753687858582	1343661.6614932525	94.69374632835388	1344190.9128746367	93.49361515045166	1341976.3657766653	82.00643968582153	1342835.2368331328	
80.139652967453	1343204.4245078124					72.6064772605896	1335493.3675850027	82.39549970626831	1343884.6197149479			104.53954553604126	1343665.054752736	94.71943211555481	1343947.1675883732	93.50663256645203	1341945.4861060039	82.02144980430603	1342844.817499606	
80.16322135925293	1343234.2197557013					72.62875843048096	1335499.3831996003	82.4095106124878	1343883.7129015317			104.56706309318542	1343677.7112714418	94.74494647979736	1343945.2031483052	93.5215356349945	1343208.968577208	82.03447031974792	1342863.2808962888	
80.1868531703949	1343243.8964210541					72.65027809143066	1335502.3098257887	82.42353129386902	1343897.232018475			104.59107279777527	1343380.625774713	94.76997232437134	1343970.3699698374	93.53677439689636	1343214.8549107944	82.04854917526245	1342869.7997865074	
80.21393990516663	1343248.896222437					72.67479610443115	1335498.7131381247	82.43555736541748	1343880.8294803717			104.62028956413269	1343382.6617951766	94.79101538658142	1343976.5246344171	93.5504744052887	1343242.958994365	82.06506419181824	1342891.8933671794	
80.23818731307983	1343241.6683350056					72.69881176948547	1335504.105610612	82.44806361198425	1343880.970129954			104.64562010765076	1343407.1362813758	94.81753754615784	1343996.3701022381	93.56548810005188	1343246.8466090218	82.07956910133362	1342946.2801608841	
80.25996899604797	1343283.7463562663					72.72332739830017	1334590.9712181627	82.4620795249939	1343874.9831778936			104.67362952232361	1343438.9916044234	94.84283256530762	1343965.171805709	93.58102011680603	1343256.665080981	82.09408473968506	1342938.6169622121	
80.28196310997009	1343310.0325760483					72.74835467338562	1334620.3948176836	82.4775869846344	1343853.6213348338			104.70028042793274	1343439.0363133228	94.86644005775452	1343966.7672873996	93.59708499908447	1344846.2091601253	82.10909628868103	1342936.700761451	
80.30506587028503	1343303.0924655243					72.77037501335144	1334628.5996081468	82.49059844017029	1343859.0757307603			104.72481226921082	1343492.9760158022	94.89223074913025	1344089.289391095	93.61259031295776	1344846.38107094	82.12410616874695	1342932.7565499013	
80.33466744422913	1343309.3146455148					72.7958972454071	1334678.8844209397	82.50374102592468	1343852.0584259396			104.75182461738586	1343471.5681608287	94.9175238609314	1344096.5948128118	93.62711310386658	1344808.471592128	82.13911509513855	1342928.6774355704	
80.36004614830017	1343315.7778873572					72.82063341140747	1334684.1212466024	82.51824879646301	1343835.1437743332			104.77805948257446	1343416.4893911788	94.94322609901428	1344096.3544074814	93.64062023162842	1344917.464365717	82.15312552452087	1342945.7218687318	
80.3840684890747	1343319.8262680848					72.84637808799744	1334682.53951212	82.53178596496582	1343837.1893675847			104.80207204818726	1343401.3365382694	94.96788311004639	1344098.5997750205	93.65412592887878	1344928.8202731628	82.16698670387268	1342957.1450356029	
80.41156840324402	1343335.791607411					72.87490439414978	1334657.8205469346	82.54529333114624	1343813.3258682345			104.83225917816162	1343301.13953114	94.99823689460754	1344090.3419039694	93.67016935348511	1344941.5894319264	82.18291091918945	1342970.3440357684	
80.43796849250793	1343284.1692384484					72.9019238948822	1334648.7068372762	82.56030678749084	1343811.0367559474			104.85777831077576	1343329.470877483	95.02191638946533	1344112.13834632	93.68574118614197	1344943.1290332084	82.19642210006714	1342980.4319005536	
80.4630651473999	1343291.391051745					72.92644095420837	1334641.68912374	82.57581615447998	1343823.707298609			104.88729333877563	1343382.1277687086	95.0478675365448	1344130.1698175927	93.69925332069397	1344921.6357211256	82.20919036865234	1342989.9166036134	
80.48622989654541	1343293.0056700476					72.95576977729797	1334638.0794753493	82.59083008766174	1343813.9253667404			104.90998125076294	1343331.8792835393	95.0788893699646	1344137.1678593673	93.71416687965393	1344953.9609290152	82.22170186042786	1342994.740356569	
80.51139807701111	1343212.0483461756					72.97877979278564	1334634.2146325854	82.60533738136292	1343865.8166045235			104.93801808357239	1343345.0951524663	95.10589551925659	1344144.6421033314	93.73014068603516	1344964.7391511223	82.23721861839294	1342954.2601847698	
80.53513646125793	1342540.5099603578					73.00880885124207	1334629.4021603889	82.62071132659912	1343865.2639638803			104.96553325653076	1343351.0438559998	95.13355040550232	1344127.7178877671	93.74555325508118	1344970.8409475938	82.25151085853577	1342962.0538335156	
80.55992150306702	1342538.3205411953					73.0310640335083	1334685.7956648495	82.63473963737488	1343883.5525978			104.98954200744629	1343355.1284008825	95.15857434272766	1344124.3884318331	93.76382422447205	1344962.3914427853	82.26601338386536	1342964.9977596146	
80.58411240577698	1342543.3464724345					73.05608630180359	1334697.7115042722	82.64975118637085	1343895.323922513			105.01357793807983	1343351.7762630475	95.18359518051147	1344138.86968011	93.77784252166748	1344985.4010841676	82.28102922439575	1342955.5737744519	
80.61032629013062	1342549.5960759076					73.07910013198853	1334699.315875514	82.66526246070862	1343810.6161197743			105.03637742996216	1343293.931359249	95.21251678466797	1344145.6837121905	93.79386281967163	1344997.3434634814	82.29631519317627	1343060.3296393282	
80.63534021377563	1342527.3010543678					73.10012197494507	1334698.4276239784	82.68127751350403	1343781.1882601017			105.06232285499573	1343338.4436657229	95.24229335784912	1344139.592592881	93.8073103427887	1345000.8606934552	82.308837890625	1343040.0129704585	
80.65880560874939	1342522.9360332806					73.12464690208435	1334706.6482705772	82.69647145271301	1343874.6779225895			105.08660936355591	1343294.5026823669	95.26662373542786	1344133.703394003	93.82253956794739	1345001.0857050023	82.32506656646729	1343055.2751145603	
80.68100619316101	1342514.0969919711					73.14938497543335	1335061.327733811	82.7104902267456	1344033.0998308891			105.11207461357117	1343309.1512025376	95.29322409629822	1344133.544424939	93.83558773994446	1345007.225849669	82.34057879447937	1343048.5716965278	
80.70615220069885	1342514.5786124684					73.17290115356445	1334983.4224480551	82.72399711608887	1344037.7197084806			105.13750958442688	1343313.5409310993	95.31502938270569	1344136.0454010868	93.84963870048523	1344988.56083301	82.35559177398682	1343067.354889699	
80.73065447807312	1342484.6641973555					73.19791436195374	1334977.1814539598	82.74052333831787	1344028.168959025			105.15989542007446	1343365.5633226251	95.340096950531	1344143.7465574783	93.865651845932	1344960.3202379814	82.36760234832764	1343072.3562122216	
80.75889444351196	1343235.2749897563					73.21860146522522	1334987.2561320497	82.75702929496765	1343996.7942899044			105.18439674377441	1343373.4675880293	95.36639356613159	1344149.4871878843	93.88116455078125	1345000.9405460472	82.38461470603943	1343069.9258478088	
80.78196382522583	1343250.719906457					73.23862767219543	1335001.6028060685	82.77304911613464	1343997.0041336017			105.21052694320679	1343900.6745249853	95.39202976226807	1344133.2693479727	93.89567136764526	1345024.810570271	82.39915156364441	1343060.2846230613	
80.80798578262329	1343233.1215493532					73.26265597343445	1334998.8741895445	82.78855752944946	1344016.1033561933			105.23581051826477	1343966.0999814617	95.41575169563293	1344134.8959982737	93.91069149971008	1345046.3485706956	82.41488242149353	1343046.5449188007	
80.83491635322571	1343236.0671394987					73.28466653823853	1334987.737035408	82.80557656288147	1343998.1485017547			105.26346135139465	1343966.664069659	95.4385313987732	1344135.4446230854	93.92568445205688	1344957.5341105545	82.42889380455017	1343067.0993998458	
80.86208176612854	1343244.8194946796					73.30768251419067	1334976.9451414356	82.82136607170105	1343990.6921505216			105.29237771034241	1343992.4871922403	95.46292996406555	1344130.8141588827	93.93870067596436	1345035.7413793486	82.44490838050842	1343084.328011873	
80.89128541946411	1343241.0539784045					73.33069825172424	1334981.010907245	82.83938145637512	1343817.04344928			105.31820940971375	1344009.3011245225	95.48819351196289	1344118.313190947	93.95321035385132	1345146.2785330375	82.46133017539978	1343024.0835202408	
80.91661620140076	1343233.339360247					73.35999536514282	1334884.2559312421	82.86641502380371	1343822.3224260737			105.34659218788147	1344008.235387527	95.51246905326843	1344144.4697768893	93.9672257900238	1345109.2903760779	82.47633814811707	1343012.4697840647	
80.94205689430237	1343242.4495928371					73.37901139259338	1334931.9357487194	82.89412236213684	1343800.6026713168			105.37160325050354	1343988.775210619	95.53547883033752	1344361.0376737409	93.981196641922	1345111.1614273963	82.48986315727234	1342985.1580039936	
80.97237801551819	1343257.4088523923					73.39988684654236	1334930.202302284	82.91713619232178	1343557.6475177254			105.39578127861023	1343991.340199305	95.56000018119812	1344378.3266290952	93.99772930145264	1345101.2750392174	82.50488114356995	1342977.0440734632	
80.99797868728638	1343252.1085668956					73.4227864742279	1335136.1875099402	82.94616341590881	1343561.6213271061			105.42280006408691	1343922.6245825312	95.58201169967651	1344299.8999770784	94.01193737983704	1345105.8427202594	82.51889419555664	1342981.6996415996	
81.02515268325806	1343280.131412851					73.45180773735046	1335125.972410369	82.97769141197205	1343553.2419096702			105.44746375083923	1343911.2106672786	95.60602116584778	1344310.9476342525	94.0249559879303	1345126.0618309388	82.53190231323242	1342808.8245145425	
81.05296230316162	1343286.1290096126					73.47783064842224	1334986.9055920832	83.00421214103699	1343545.043995157			105.47397637367249	1343926.6260610335	95.63304424285889	1344319.2728287973	94.04009819030762	1345127.1840458168	82.54466891288757	1342947.4859827906	
81.08134126663208	1343280.2854022426					73.50835514068604	1334960.1634595315	83.03041791915894	1343612.4343068295			105.49951386451721	1343382.0930523954	95.65606451034546	1344370.804290927	94.05713224411011	1345119.123071821	82.55867886543274	1342944.079833874	
81.11021995544434	1343281.084581873					73.53487586975098	1334750.6695657782	83.05643320083618	1343623.1226633845			105.52568006515503	1343386.5962253811	95.67992663383484	1344363.5978453408	94.07165002822876	1345143.3738451134	82.57268834114075	1342980.7123371141	
81.1399757862091	1343284.4113242484					73.56062364578247	1334756.0764620455	83.08296418190002	1343623.688383798			105.55397057533264	1343351.430585964	95.7056839466095	1344322.6022842654	94.08417105674744	1343960.0091582655	82.58720755577087	1342983.296848388	
81.16457533836365	1343270.115132636					73.58064079284668	1334736.5648990232	83.10758876800537	1343623.4885342142			105.57798051834106	1343510.7277042847	95.7312638759613	1344263.0825305504	94.09719038009644	1343954.316436552	82.60174918174744	1342958.286590118	
81.19016814231873	1343271.2009749254					73.59765529632568	1334793.4300132317	83.13363027572632	1343627.785175033			105.60199165344238	1343531.5127964942	95.7639410495758	1344257.5014317094	94.1107029914856	1343972.0612797681	82.615483045578	1342995.8386105995	
81.21533179283142	1343359.2203137344					73.61317777633667	1334897.8884445056	83.16372656822205	1343613.3510088348			105.62941670417786	1343534.7971753974	95.79322648048401	1344226.2339317254	94.12573313713074	1343954.6110768649	82.62898707389832	1342991.603150085	
81.24139785766602	1343372.8643717235					73.6319785118103	1334915.1692415103	83.19125175476074	1343627.2266848944			105.66093134880066	1343542.4214157513	95.81855201721191	1344268.7845127212	94.13978171348572	1343960.9058028716	82.64234709739685	1342990.4636587724	
81.26915144920349	1343384.97122345					73.64699602127075	1334933.8229280962	83.21646857261658	1343630.7497948827			105.68746137619019	1343553.2428812531	95.84430980682373	1344256.3802659197	94.15193581581116	1343951.014362106	82.65687465667725	1342983.0907993221	
81.29655623435974	1343381.2441920678					73.66501331329346	1334941.5856375517	83.24398827552795	1343633.8289875013			105.72093939781189	1343566.7187799907	95.86835956573486	1344264.5666194202	94.16801929473877	1343946.3897022544	82.67439198493958	1342995.7967891465	
81.32117962837219	1343387.4713512817					73.67951846122742	1334840.3194700272	83.26950740814209	1343632.862511326			105.74780750274658	1343967.023859468	95.8954222202301	1344286.1953953258	94.18346190452576	1343949.0259302317	82.68864297866821	1342647.6888988044	
81.34806990623474	1343370.6786518926					73.69353103637695	1334842.1509093863	83.29664874076843	1343643.1799531353			105.77643465995789	1343493.2210627492	95.92120671272278	1344281.00251518	94.19598436355591	1343949.742603632	82.70220351219177	1342656.5728570314	
81.37612724304199	1343345.727996524					73.70703864097595	1334848.1933240083	83.32617330551147	1343634.6119106165			105.80152344703674	1343507.8364716477	95.94539427757263	1344246.6748009347	94.21012616157532	1343941.310581596	82.71621465682983	1342658.540811414	
81.40031147003174	1343354.6898318327					73.72205114364624	1334811.5500384043	83.35169911384583	1343640.9140656164			105.82366037368774	1343504.8299784388	95.96891117095947	1344251.6024334962	94.22308993339539	1343949.4029683203	82.73033022880554	1342713.7566802874	
81.42737817764282	1343360.108698308					73.7380645275116	1334856.2723151979	83.37771224975586	1343702.846086621			105.84773683547974	1343580.4609231316	95.99503445625305	1344247.5966348248	94.2367639541626	1343391.6032913404	82.74388861656189	1342707.6506921805	
81.45319414138794	1343369.0556382765					73.75508642196655	1334858.0422141503	83.4032347202301	1343694.8621537962			105.86974668502808	1343588.2083426067	96.02102875709534	1344248.310630148	94.25027465820312	1343431.565757047	82.75839519500732	1342729.971843526	
81.48137021064758	1343364.653254011					73.7695951461792	1334864.7659554586	83.42650723457336	1343708.2210416547			105.89777064323425	1343628.4986624718	96.0454170703888	1344242.6630932419	94.26386499404907	1343450.1508363492	82.77340483665466	1342681.0713211366	
81.50742387771606	1342599.4667774956					73.78445672988892	1334848.5209055643	83.44804382324219	1343931.0841294557			105.9255518913269	1343607.1395883143	96.06999230384827	1344193.928923855	94.27705192565918	1343451.819656011	82.78542304039001	1342681.8651994362	
81.53483152389526	1342604.409618367					73.80051970481873	1334805.5731070007	83.47224807739258	1343945.7521039553			105.9515643119812	1343645.5869321304	96.09665036201477	1344210.1978796693	94.29057216644287	1343451.6795791192	82.8001503944397	1342682.448140476	
81.56107425689697	1342610.9445235366					73.81718420982361	1334233.6911547696	83.49998044967651	1343945.6532968413			105.97507667541504	1343494.2125652623	96.12134122848511	1344209.7991257831	94.30408835411072	1343378.2911525064	82.81428456306458	1342692.7097694785	
81.58615231513977	1342617.359756309					73.83223295211792	1334219.919935284	83.5229959487915	1343622.9993171259			105.99708557128906	1343502.6046189615	96.14486813545227	1344193.6323132352	94.31717038154602	1343381.8471866841	82.82734370231628	1342914.8026902087	
81.60983848571777	1342617.360128112					73.84725046157837	1334245.7321724617	83.54801034927368	1343632.5546315573			106.02721428871155	1343999.8764473614	96.16909170150757	1344198.8018059046	94.33231997489929	1343331.9451767504	82.84191966056824	1342914.7982064835	
81.63838028907776	1342641.852664414					73.8622624874115	1334794.679099353	83.57753610610962	1343638.5667524068			106.05397295951843	1344002.3478052788	96.19310903549194	1344194.545768329	94.34473824501038	1343337.7016126981	82.85493016242981	1343107.676580884	
81.66685485839844	1342670.3410430707					73.87676978111267	1334804.8542777218	83.60205674171448	1343633.2420828629			106.08548831939697	1344004.9478633844	96.2158133983612	1344213.4906449406	94.35956573486328	1343315.9021553986	82.86843824386597	1343185.4133009913	
81.694002866745	1342753.195091105					73.89178371429443	1334857.4890651922	83.63078570365906	1343645.1817636553			106.11171054840088	1343988.324243198	96.23908710479736	1344211.4790783403	94.37465214729309	1343253.9796851068	82.88446402549744	1342932.7415826968	
81.72047996520996	1342762.954457537					73.90629267692566	1334846.768643759	83.65579986572266	1343635.8475302693			106.13600826263428	1343984.787154473	96.2641088962555	1344199.0221969397	94.38725399971008	1343235.7503804637	82.90052914619446	1342944.964921076	
81.74778175354004	1342781.3718911393					73.92230033874512	1334856.781827753	83.68132638931274	1343636.0269371616			106.16201734542847	1343994.452135687	96.28767466545105	1344171.326671795	94.39978694915771	1343734.8925983047	82.91453957557678	1342953.1493540725	
81.77670502662659	1343020.49899321					73.93931531906128	1334862.1016063176	83.71105098724365	1343726.031107078			106.186532497406	1343992.8141887481	96.31210660934448	1344172.7794559835	94.4164309501648	1343721.3077066091	82.93004894256592	1342946.3845286516	
81.79997849464417	1343033.2037537494					73.95753741264343	1334956.6671162953	83.7395715713501	1343734.3679857133			106.21154427528381	1344002.1453199966	96.33784055709839	1344131.353168734	94.43045115470886	1343716.3424611422	82.94406056404114	1342915.3359251884	
81.82518577575684	1343028.4229350593					73.97455310821533	1335011.6983992744	83.76559257507324	1343743.8826052733			106.23875975608826	1344020.466987086	96.36222505569458	1344171.0157202184	94.44450306892395	1343713.7571706518	82.95864152908325	1342935.2016179385	
81.84835982322693	1343008.5946644247					73.98805665969849	1335014.808049328	83.79311847686768	1343751.8424739912			106.26377034187317	1343994.4537954142	96.38698959350586	1344195.3654442886	94.45833539962769	1343716.1433155239	82.97515296936035	1342934.4288261402	
81.87367963790894	1342990.9996406846					74.00292158126831	1334982.8973356676	83.81622076034546	1343787.1021547453			106.28890800476074	1343995.9623035288	96.41150999069214	1344206.4529299422	94.4750485420227	1343726.7987069706	82.98865675926208	1342934.3628734215	
81.90296721458435	1342984.663467723					74.0182101726532	1334990.1135491887	83.84156632423401	1343799.6232708427			106.31358742713928	1343999.9415378275	96.4388530254364	1344185.365244003	94.48890471458435	1343882.096841191	83.00409293174744	1342928.401801827	
81.92901849746704	1342735.2256653386					74.03395748138428	1334864.1607931415	83.87013745307922	1343776.5475816685			106.34071207046509	1343991.0682876117	96.46515536308289	1344237.8984643177	94.50321960449219	1343865.7225255088	83.0191011428833	1342909.574868918	
81.95822882652283	1342732.5862761822					74.04896807670593	1334806.0746483286	83.89442920684814	1343787.9754500757			106.36523294448853	1343983.1586731845	96.49146008491516	1344251.8271346276	94.5182363986969	1343809.8035688545	83.03361344337463	1342902.3225851487	
81.98335838317871	1342734.3140255103					74.06197428703308	1334868.5754249394	83.92066359519958	1343792.3370270983			106.3872435092926	1343972.0516671329	96.51605081558228	1344246.6351669065	94.53591632843018	1343832.977619688	83.0470802783966	1342897.3445031398	
82.00907492637634	1342737.754114538					74.07706785202026	1334424.1990731799	83.94567823410034	1343706.2410961378			106.41575813293457	1343970.6139813354	96.53912663459778	1344253.429474195	94.55073666572571	1343841.4834040795	83.0600893497467	1342896.9322987737	
82.03331422805786	1342721.8729771774					74.09307789802551	1334435.5780086084	83.96772074699402	1343742.2258875375			106.43588590621948	1343953.7360815932	96.56333518028259	1344258.3405067355	94.56557202339172	1343832.571926426	83.07510209083557	1342954.557085186	
82.0552179813385	1342707.4917406777					74.10758566856384	1334612.479844475	83.99224209785461	1343734.647550686			106.45190525054932	1343942.3771409472	96.58646845817566	1344248.014878248	94.57822823524475	1343836.6092315307	83.08911228179932	1342947.1514056465	
82.07799124717712	1342707.6510620818					74.1200921535492	1334630.5781635863	84.01576161384583	1343759.7216844559			106.46591997146606	1343944.406890415	96.61001443862915	1344260.7305609481	94.59339237213135	1343884.555654283	83.10348868370056	1342946.8040136076	
82.10316324234009	1342730.975114506					74.13510298728943	1334568.7793741764	84.04103827476501	1343706.1550640555			106.48142647743225	1343933.5835165665	96.63326287269592	1344217.3154375362	94.60811138153076	1343906.1923910326	83.1179928779602	1342929.4090360277	
82.12907648086548	1342723.301676321					74.1503803730011	1334587.6155466456	84.06605410575867	1343733.841857913			106.49753952026367	1343929.904530911	96.6554684638977	1344237.658999331	94.62212944030762	1343918.3656548886	83.13403558731079	1342918.956290011	
82.15730595588684	1342707.3961447075					74.1653904914856	1334602.1867735556	84.09474039077759	1343721.896981326			106.51306343078613	1343947.6033361708	96.67705965042114	1344237.6597973227	94.63767600059509	1343910.3520281368	83.14904403686523	1342910.371180783	
82.18050980567932	1342708.3585725313					74.18089723587036	1334609.9040549428	84.12226462364197	1343727.2652931842			106.53019309043884	1344105.482825976	96.7013943195343	1344241.4781734936	94.6521852016449	1344040.323824731	83.16356086730957	1342912.60899311	
82.20800542831421	1342709.6810368225					74.19391226768494	1334602.0281971977	84.14827799797058	1343773.4149898603			106.54269814491272	1344088.0035837684	96.72315192222595	1344230.5688724443	94.66569232940674	1343209.5797270145	83.18007230758667	1342904.9447931275	
82.23662161827087	1342702.634773944					74.2099256515503	1334607.661363537	84.17787599563599	1343771.7225278595			106.55857229232788	1344156.517025617	96.74566984176636	1344230.6462075822	94.68089199066162	1343208.629117336	83.19508361816406	1342976.6762040548	
82.26546883583069	1342691.4410043617					74.22367000579834	1334597.1394140585	84.20339798927307	1343184.0334694542			106.57207679748535	1344144.2164511846	96.7687201499939	1344328.0434910469	94.69590020179749	1343212.897497468	83.20835375785828	1343001.8313327467	
82.29000449180603	1342697.6285804794					74.23987650871277	1334598.3656940826	84.22691893577576	1343167.1503385478			106.58899068832397	1344149.4261583814	96.79206824302673	1344333.3967555156	94.7116003036499	1343220.5732607378	83.22183537483215	1342962.5690834743	
82.31602954864502	1342703.2623687205					74.25740718841553	1334664.1433403192	84.25056052207947	1343674.6388840647			106.60399961471558	1344170.307635917	96.81568002700806	1344335.708279324	94.72612166404724	1343224.372680026	83.23526072502136	1342972.0369991125	
82.33978724479675	1342705.1586776553					74.27442693710327	1334673.654291583	84.27958035469055	1343860.550394541			106.61850714683533	1344177.5032274444	96.83746647834778	1344277.4958750138	94.7411527633667	1342875.8140880857	83.24956512451172	1342866.1200030968	
82.3690619468689	1342753.633261686					74.28893423080444	1334646.0978682672	84.30325317382812	1343874.250364441			106.63212394714355	1344164.2799925916	96.86249804496765	1344286.5892045929	94.75587868690491	1342439.4249188073	83.26457357406616	1342772.267410928	
82.39761996269226	1342762.0193070108					74.30594944953918	1334412.5065855775	84.330002784729	1343878.604384922			106.64613389968872	1344152.6672438774	96.88851022720337	1344259.6890980585	94.7679009437561	1342437.2771424712	83.27608060836792	1342775.74223023	
82.43225312232971	1342735.7118584188					74.3229591846466	1334942.2883658006	84.35763788223267	1343877.512203724			106.66065454483032	1344142.3694668289	96.91304516792297	1344266.2215847597	94.78198075294495	1342457.80603467	83.29028725624084	1342782.565465664	
82.45733714103699	1342734.5097360113					74.3364634513855	1334943.2127297008	84.37865209579468	1343893.5503152204			106.67466354370117	1344152.6123417513	96.94056725502014	1344286.2508039596	94.79599618911743	1342455.7787896201	83.30529618263245	1342775.3752918048	
82.48567366600037	1342659.5922394476					74.3529942035675	1334946.3542851312	84.40333962440491	1343638.0290548555			106.69069266319275	1344161.4404886041	96.9640862941742	1344239.5033581334	94.8095555305481	1342468.6483021965	83.32030534744263	1342795.341104371	
82.5133728981018	1342645.974354669					74.36750197410583	1334946.2303426692	84.42653489112854	1343620.0155271415			106.70491433143616	1344165.5714525222	96.98737597465515	1344253.0818215203	94.82257008552551	1342400.7556830298	83.3343186378479	1342815.4016467333	
82.53741312026978	1342791.1803584008					74.38451743125916	1334963.3908073304	84.45005989074707	1343686.7233083462			106.7190933227539	1344178.3019539688	97.01031923294067	1344251.7471808898	94.83658599853516	1342406.7363872363	83.34588623046875	1342818.9403824268	
82.56241607666016	1342776.2098143452					74.39902400970459	1335010.8320599783	84.47807455062866	1343601.4925013417			106.7342734336853	1344184.1685471134	97.04304051399231	1344264.605796418	94.85110640525818	1342409.9787617011	83.36118364334106	1342814.6169412972	
82.58671188354492	1342778.8867162727					74.41505360603333	1335309.7834099038	84.50399017333984	1343582.6838284323			106.74878096580505	1344202.8500958916	97.08012962341309	1344254.7618436257	94.86461687088013	1342404.9681409847	83.37507700920105	1342956.479889428	
82.61473560333252	1342778.1302373223					74.43056321144104	1335304.4229726843	84.52700638771057	1343597.9696741148			106.7657995223999	1344206.6700754338	97.12131452560425	1344254.2319633185	94.87772607803345	1342475.2070121302	83.38951086997986	1343004.1094771107	
82.63925766944885	1342772.9140506247					74.44708275794983	1335340.4666536553	84.5485417842865	1343568.084901744			106.78599500656128	1344206.2492673516	97.17122101783752	1344184.105574569	94.89181542396545	1342471.1282376966	83.40617442131042	1343035.1329660804	
82.66406846046448	1343434.1800172124					74.46309733390808	1335344.1753004908	84.57406687736511	1343585.8880842046			106.80200958251953	1344419.8182910199	97.21210980415344	1344208.2712219818	94.90740513801575	1342451.325247163	83.42043995857239	1343044.1190561843	
82.68934750556946	1343613.7308248456					74.4796028137207	1335330.6890562938	84.60159277915955	1343702.094880305			106.82174682617188	1344705.7071546067	97.25446105003357	1344165.2740879715	94.92090964317322	1342440.8723733583	83.435959815979	1343001.1085053603	
82.71491289138794	1343611.3638801577					74.49661684036255	1335342.4899956512	84.62511587142944	1343188.1997861082			106.8369722366333	1345074.5600055482	97.29307222366333	1344160.1600631252	94.93575286865234	1342879.7575603016	83.4504771232605	1343002.0863686313	
82.75026488304138	1343627.1886473051					74.5116240978241	1335336.3622150938	84.65018367767334	1343180.835400571			106.85247993469238	1345059.7228862178	97.32575535774231	1344168.6851914844	94.948566198349	1342884.2035407182	83.46305131912231	1342899.3510395344	
82.789302110672	1343595.3227201607					74.52713298797607	1335289.4523080166	84.67321300506592	1343814.7506097981			106.86748957633972	1345043.364593186	97.36678791046143	1344171.9205705547	94.96407794952393	1342882.2054844778	83.47906017303467	1342953.07275567	
82.82805299758911	1343374.553369462					74.54165029525757	1335083.2807459205	84.69674110412598	1343822.0271472961			106.88149857521057	1345040.7084213041	97.40437698364258	1344156.095088036	94.97767329216003	1342380.139207963	83.49657440185547	1342837.6314518533	
82.87485241889954	1343391.1338983383					74.55735087394714	1335073.4826276856	84.72773575782776	1343880.673272421			106.89801692962646	1345101.8326273093	97.45172119140625	1344141.9470399015	94.9927806854248	1342373.1346788742	83.51108312606812	1342879.6154059267	
82.91548871994019	1343387.15762487					74.57085585594177	1335077.2747396524	84.75132322311401	1343883.091141903			106.91543865203857	1344987.9910399292	97.4964189529419	1344143.9003922269	95.00899386405945	1342286.4745393877	83.52546834945679	1342889.8339595993	
82.95626139640808	1343577.3480507284					74.58686637878418	1334952.0072776396	84.77634787559509	1343838.2188711176			106.93107342720032	1345039.974501993	97.54614090919495	1344159.0711629642	95.02202010154724	1342303.412320912	83.53947758674622	1342909.665806546	
82.99904298782349	1343585.7456260768					74.60187602043152	1335004.5678352036	84.80187058448792	1344072.6166073903			106.94608283042908	1345064.7674791948	97.5814745426178	1344137.9640329725	95.03443503379822	1342364.4646989987	83.55250453948975	1342923.9776986006	
83.04267573356628	1343574.3810660995					74.6161572933197	1334952.1431674617	84.82802510261536	1344091.0309137045			106.96059226989746	1345028.4829136203	97.62378811836243	1344114.7369235724	95.04731869697571	1342511.874774938	83.56851410865784	1342904.6980650262	
83.0863926410675	1343578.8022316543					74.6321747303009	1334959.6914483798	84.85105347633362	1344097.7376930113			106.97760128974915	1344856.9269296152	97.66376423835754	1344121.0097756172	95.06082367897034	1342478.5438885773	83.58252191543579	1342902.7059305254	
83.1202039718628	1343573.291666682					74.6446852684021	1334981.3841929128	84.87706923484802	1343812.1345815395			106.99461126327515	1344476.6348455804	97.69570088386536	1344111.1304761206	95.0743396282196	1342477.2852115128	83.5950357913971	1342895.101559997	
83.15686964988708	1343595.748895868					74.65869665145874	1335055.5182499606	84.90210103988647	1343811.652654935			107.00811624526978	1344457.8014554246	97.73057413101196	1344106.1292182158	95.08838033676147	1342472.284123886	83.61123371124268	1342718.4536804673	
83.19347858428955	1343624.0158278008					74.67471098899841	1335137.1623677765	84.92511415481567	1342884.7987101476			107.02428913116455	1344506.7706254139	97.7745110988617	1344105.974167937	95.10163521766663	1342442.6162654879	83.62624883651733	1342725.3960370813	
83.23373770713806	1343637.0361662894					74.68821549415588	1335126.5694204643	84.94764018058777	1342946.866729312			107.04079675674438	1344503.6418971668	97.81726789474487	1344102.681627872	95.11565494537354	1342459.9078263016	83.6417624950409	1342698.8136561485	
83.2735333442688	1343607.1844652132					74.70172381401062	1335128.8271006045	84.97415828704834	1342922.323949681			107.05580592155457	1344570.0961910612	97.8581817150116	1344102.1339532468	95.12968754768372	1342456.0201554655	83.65531539916992	1342862.7607566295	
83.31558752059937	1343602.1625861167					74.71573519706726	1335076.6675585299	85.00168204307556	1342851.2023304126			107.07131338119507	1344576.8710647647	97.90218615531921	1344108.0520665345	95.1437017917633	1342916.6688625074	83.67032504081726	1342866.3331080892	
83.35766410827637	1343604.4773662516					74.73174834251404	1334749.126694026	85.0268805027008	1342836.0422717896			107.086341381073	1344532.8768875373	97.94037318229675	1344108.2199881335	95.1575186252594	1342905.0793255218	83.683833360672	1342881.5879058412	
83.41269516944885	1344401.1579094615					74.74727582931519	1334756.738914971	85.05241298675537	1342837.8225195815			107.1013617515564	1344528.193136453	97.9804117679596	1344014.3654457624	95.17203140258789	1342881.2728360116	83.69733619689941	1343040.7014011608	
83.45846629142761	1344391.185828516					74.76178336143494	1334759.5121873843	85.07642602920532	1342840.794255364			107.11793684959412	1344581.9960855513	98.01887130737305	1344017.7884269236	95.18613052368164	1342868.1243930263	83.71185207366943	1342850.064079405	
83.49327278137207	1344487.8650724234					74.77679657936096	1334759.7565803495	85.09968137741089	1342809.7775116377			107.13903999328613	1344592.1534685297	98.05736780166626	1344029.562345707	95.20022463798523	1342503.239116048	83.72486090660095	1342854.6556624654	
83.53338527679443	1344293.3024307825					74.79281282424927	1334768.9069421103	85.12520265579224	1342768.1615271217			107.15673971176147	1344606.915341454	98.09454393386841	1344047.9201404809	95.21411895751953	1342479.079546997	83.73736500740051	1342857.0054221428	
83.58130073547363	1344284.199426012					74.80532145500183	1334770.7853327047	85.15223336219788	1342781.421278599			107.172372341156	1344317.115396918	98.13339185714722	1344130.8825741347	95.22820949554443	1342498.7627413378	83.75088000297546	1342863.6021665283	
83.61746096611023	1344397.4523047344					74.81946730613708	1334789.4136449045	85.17724680900574	1342790.3504142335			107.19203162193298	1343865.5142860024	98.16780757904053	1344121.5890586441	95.24319624900818	1342461.9944897068	83.76388883590698	1342885.508219579	
83.66091680526733	1343570.9296751402					74.83448243141174	1334794.9959261375	85.21328592300415	1343991.7610513878			107.20905041694641	1343855.7044384317	98.2147536277771	1344134.207130732	95.26021957397461	1342467.6188329966	83.77739381790161	1342860.9516767038	
83.70328140258789	1343573.4750613137					74.8484959602356	1334763.185414578	85.24458527565002	1343984.187136866			107.22382283210754	1343867.938234708	98.2573516368866	1344130.1704401672	95.27373147010803	1342469.1182388435	83.79240274429321	1342875.4188236026	
83.73788070678711	1343563.9182197142					74.86351299285889	1334714.7779942288	85.26995062828064	1343980.665697932			107.23910331726074	1343870.2062318265	98.29279375076294	1344130.7705358765	95.2903003692627	1342453.8030693016	83.80861401557922	1342837.649231996	
83.78404784202576	1344411.7558890737					74.87702012062073	1334717.7580195894	85.2953839302063	1343980.023884434			107.25411248207092	1343856.9157821103	98.32890105247498	1344115.132213934	95.30480551719666	1342465.1417165054	83.82312941551208	1342835.589344565	
83.81940793991089	1344418.1652289652					74.89053416252136	1334729.8074624317	85.31695938110352	1343987.0613124168			107.27161884307861	1343849.0539315932	98.36673665046692	1344136.6151111035	95.31813025474548	1342454.9094962634	83.83514022827148	1342828.136455185	
83.85786128044128	1344416.4773042358					74.90454387664795	1334730.9917033578	85.3395369052887	1344004.0304571914			107.28662943840027	1343857.472776507	98.40423202514648	1344028.2329252053	95.33269476890564	1342476.880834476	83.85033941268921	1342839.9826549832	
83.89114308357239	1344295.2884098426					74.91904950141907	1334716.643313573	85.36205744743347	1344396.5355763473			107.29963684082031	1343859.056124904	98.4513795375824	1344044.59913517	95.34578609466553	1342479.323343594	83.86535143852234	1342817.9550222994	
83.93052673339844	1344303.646077784					74.93205714225769	1334704.2326035004	85.38807511329651	1344396.8636395743			107.31336307525635	1343890.8583127926	98.49162888526917	1344049.6612687835	95.36105680465698	1342495.6603181004	83.88188028335571	1342845.2003521025	
83.97427105903625	1344308.3802252524					74.94780611991882	1334652.0176105704	85.41259741783142	1344390.0330630117			107.32742691040039	1343928.8008303428	98.5433349609375	1344013.1234557645	95.37445425987244	1342503.2339557093	83.89489412307739	1342847.6463235633	
84.00429272651672	1344308.4773085853					74.96181869506836	1334618.6772439661	85.4372763633728	1344499.7045964736			107.34193277359009	1343848.1212297836	98.58237147331238	1344038.1236859227	95.389484167099	1342444.5381082904	83.90839910507202	1342810.4359616663	
84.03937911987305	1344316.426566266					74.97632789611816	1334075.0088464937	85.46279811859131	1344495.2922884428			107.36055064201355	1343849.5444369584	98.61988997459412	1344041.6967389544	95.40374088287354	1342479.5951906992	83.92266273498535	1342770.05344622	
84.07440090179443	1344285.6632908902					74.99233531951904	1334057.2641423666	85.48879790306091	1344616.0075554077			107.37756252288818	1343867.6353227438	98.65772795677185	1344065.7249549956	95.4167652130127	1342494.3158198968	83.93416738510132	1342770.107979214	
84.11527395248413	1344263.5743972799					75.00684356689453	1334066.3604114384	85.5170373916626	1344617.8220823247			107.39207053184509	1343857.0199232367	98.69492840766907	1344071.2988733095	95.43195056915283	1342504.706583824	83.94917631149292	1342772.150157387	
84.15120339393616	1344256.033427468					75.02036738395691	1333924.9579865558	85.54556584358215	1344187.278071661			107.40660047531128	1343830.2989071212	98.73332643508911	1344101.4819332245	95.44696426391602	1342506.3789171886	83.9642984867096	1342753.4467538383	
84.1981828212738	1343357.0005611551					75.03404760360718	1333939.4551818662	85.57408833503723	1344176.2574263425			107.42261576652527	1343804.7820000493	98.77619457244873	1344074.4623822512	95.46046924591064	1342516.2274407935	83.97730660438538	1342791.1112927129	
84.23944234848022	1343394.4882364194					75.049063205719	1333943.4282966268	85.59961318969727	1344184.1956503866			107.43784046173096	1343801.557026443	98.8117892742157	1344094.9383325719	95.4730236530304	1342513.4375303513	83.99031281471252	1342817.3235287366	
84.27839589118958	1343498.905351806					75.06407237052917	1333942.6134740156	85.62863302230835	1344185.8015053645			107.4508867263794	1343804.5375330732	98.84660530090332	1344078.0271612825	95.4867537021637	1342885.7112690127	84.00332355499268	1342792.2987506855	
84.3232045173645	1343503.712552545					75.07757925987244	1333947.4863534668	85.65385603904724	1344172.348239944			107.46388244628906	1343810.509227908	98.88074016571045	1344006.9329020977	95.50079584121704	1342766.9980581314	84.016037940979	1342801.8075641235	
84.35457110404968	1343510.275754802					75.09159064292908	1333948.3866342728	85.67987108230591	1344170.7508484952			107.47939085960388	1343827.9012662498	98.922682762146	1344000.8085266277	95.5145583152771	1342782.724310132	84.03254914283752	1342797.694667159	
84.39692068099976	1343497.608308772					75.10610127449036	1333939.1689214448	85.7084596157074	1344150.8670373017			107.49284362792969	1343832.0891949537	98.96129417419434	1344001.9584060244	95.52808094024658	1342542.8559051577	84.04605984687805	1342766.962794932	
84.44570207595825	1343505.9838362655					75.11961126327515	1333947.6259737702	85.73449349403381	1344151.780359795			107.50798797607422	1343830.5335240527	99.00408697128296	1343984.0261655995	95.5411057472229	1342545.3211301211	84.06625938415527	1342814.395431704	
84.48740935325623	1343533.9481848476					75.13461971282959	1333949.9500817687	85.7585084438324	1344158.6274384519			107.52357220649719	1343857.6799385776	99.04037499427795	1343764.8776527965	95.55614447593689	1342533.5412036905	84.0802674293518	1342802.2073200769	
84.52652478218079	1343541.2662195587					75.14885234832764	1334033.7206503164	85.78203082084656	1344163.5915397066			107.53658127784729	1343817.3254358484	99.08992266654968	1343788.6620805974	95.57016730308533	1342528.4842075547	84.09478187561035	1342444.0612191535	
84.5650041103363	1343510.308777849					75.16386461257935	1334043.2952766146	85.80804371833801	1344126.4641483184			107.55359673500061	1343775.360821209	99.12868547439575	1343799.666044205	95.58418011665344	1342510.3146764592	84.10828733444214	1342436.848947157	
84.60267376899719	1343514.0332050964					75.1763699054718	1334150.2421825414	85.83485531806946	1344122.972459305			107.57010841369629	1343771.507725579	99.16910147666931	1343809.1671522255	95.5986955165863	1342888.535226282	84.12179923057556	1342440.4674199298	
84.63743042945862	1343548.089252511					75.19087862968445	1334150.9097666563	85.85887455940247	1344143.465701268			107.5859386920929	1343763.7935031692	99.21302032470703	1343820.2661308087	95.61296582221985	1342890.638642518	84.13681364059448	1343045.0105829034	
84.66385817527771	1343484.3831241194					75.2058892250061	1334146.8440651894	85.88590478897095	1344130.7396664561			107.60344433784485	1343852.9720420616	99.25444030761719	1343811.916504876	95.62702131271362	1343031.653095078	84.15132999420166	1343048.4071188674	
84.68908429145813	1343456.918775495					75.22040581703186	1334119.028562142	85.91326022148132	1344113.9177179816			107.62196135520935	1343875.4867005465	99.29793405532837	1343816.7263130755	95.64052963256836	1342962.5441299404	84.16483283042908	1343049.961846236	
84.71727871894836	1343444.5520614365					75.23409414291382	1334120.1993509566	85.93826007843018	1344108.212178382			107.63857984542847	1343886.280446391	99.34788489341736	1343819.4716553465	95.65503692626953	1343517.9005769715	84.18145728111267	1343053.6910373191	
84.7425229549408	1343491.277254478					75.24810695648193	1334199.697445538	85.96678495407104	1344339.0908640919			107.65659427642822	1343901.8204522408	99.38844919204712	1343822.1652847126	95.67005968093872	1342263.4527737629	84.19746828079224	1343006.3895379053	
84.77016878128052	1342698.4618838138					75.26211643218994	1334191.7615678268	85.99001955986023	1344349.0390879717			107.67860412597656	1343903.5980722227	99.42692017555237	1343887.3593107804	95.6860785484314	1342312.9188226538	84.21257853507996	1343012.383377436	
84.79947257041931	1342817.4132068814					75.27662539482117	1334196.7782597977	86.01603746414185	1344358.0062324917			107.69185900688171	1343903.962846624	99.46225142478943	1343892.7387943491	95.70136642456055	1342321.3112492694	84.2265899181366	1343524.7684085928	
84.82405710220337	1342794.840232516					75.29163599014282	1334139.2748757226	86.03963255882263	1344070.1037998192			107.70813989639282	1343853.1154128485	99.50105810165405	1343895.0195639324	95.71588110923767	1342329.0178809434	84.24110555648804	1343518.1841736936	
84.85527276992798	1342692.2009576913					75.30714583396912	1334114.2854986065	86.06465196609497	1344058.214163061			107.72215247154236	1343856.0026768923	99.52948355674744	1343914.676700484	95.72784471511841	1342349.1326906343	84.25689792633057	1342957.3959804547	
84.87674069404602	1342697.1023183179					75.3221607208252	1334099.3762373142	86.08967733383179	1344120.0390902858			107.7378134727478	1343876.2231526712	99.5532877445221	1343862.6749088834	95.74325704574585	1342352.3890162571	84.27197885513306	1342962.0607753333	
84.9001841545105	1342695.2342888846					75.33667063713074	1334100.242815678	86.11440896987915	1344122.8232926768			107.75382280349731	1343880.3822730968	99.58041310310364	1343855.1072613308	95.75828075408936	1342355.644067002	84.28598833084106	1342972.7656195087	
84.92472624778748	1342706.3138113297					75.35099673271179	1334088.2901045608	86.13993287086487	1344129.4726025509			107.76997184753418	1343886.2665315843	99.605149269104	1343858.2648261613	95.771803855896	1342358.0405128398	84.30054068565369	1342977.0590841866	
84.94944429397583	1342706.9325260087					75.36500477790833	1334078.8123877705	86.16495060920715	1344141.1596097676			107.78727054595947	1343900.3825758842	99.63242077827454	1343857.0075465078	95.78431940078735	1342577.1997937458	84.3178277015686	1342987.3606180353	
84.97318387031555	1342707.355346622					75.38050889968872	1334109.6447854363	86.18996810913086	1344145.352418322			107.80428218841553	1343884.5756993243	99.65896654129028	1343840.4370482175	95.79984092712402	1342790.8020122233	84.33133912086487	1342999.7294762111	
84.99845957756042	1342691.267157708					75.39252948760986	1334123.565830703	86.21548986434937	1343779.6329180382			107.82680106163025	1343886.7561195772	99.68342757225037	1343857.9668072655	95.81422805786133	1342393.0122172954	84.34534764289856	1343022.6687299316	
85.02471423149109	1342704.0380188893					75.40803575515747	1334033.062224341	86.24183368682861	1343764.1116440026			107.84698128700256	1343859.4698302785	99.70837545394897	1343842.623634144	95.82675957679749	1342068.1179302488	84.3588547706604	1343013.0361853905	
85.04783821105957	1342704.594957869					75.42254972457886	1334140.139440828	86.26584959030151	1343798.6650544982			107.8666820526123	1343847.8206916938	99.73538994789124	1343858.4999572358	95.84257578849792	1341988.1150311003	84.3723669052124	1343070.4814347755	
85.07706236839294	1342709.1238614847					75.43671655654907	1334148.8848005098	86.29188346862793	1344044.1764369854			107.89806723594666	1343863.417803514	99.76405310630798	1343831.8386256672	95.85628890991211	1342353.1819225491	84.3883843421936	1343062.92958895	
85.10317850112915	1342686.331132285					75.45174193382263	1334155.0938650568	86.31990218162537	1344245.6329385606			107.91823768615723	1343844.3564049937	99.79085612297058	1343835.3489671862	95.86987972259521	1343042.7029600064	84.40240693092346	1343051.3967075294	
85.12658977508545	1342228.8153842918					75.46533298492432	1334162.7295484578	86.34594559669495	1344282.9492061676			107.93228507041931	1343842.550319816	99.81814980506897	1343829.156576324	95.88558769226074	1343048.4309845846	84.41666650772095	1343319.789061992	
85.1579978466034	1342216.7457908364					75.48147583007812	1334174.8040780197	86.37146735191345	1344254.1395174775			107.9469141960144	1343856.6173219802	99.84334444999695	1343810.5196115824	95.89910650253296	1343057.9088741583	84.43017411231995	1343551.530899263	
85.18264603614807	1342316.6736984977					75.49653887748718	1334123.6130642656	86.39809608459473	1344247.1653895467			107.96492457389832	1343861.1909084076	99.87160444259644	1343825.0323894997	95.9126193523407	1343037.213893695	84.44472622871399	1343550.4764603402	
85.20617008209229	1342326.0425554544					75.51154899597168	1334124.957382911	86.42543077468872	1344256.7493226693			107.98142886161804	1343872.1107881535	99.90026760101318	1343834.535493999	95.92719054222107	1343030.9674766671	84.46024084091187	1343554.0268996572	
85.22940611839294	1342337.9058824992					75.52808356285095	1334125.0694803454	86.45012259483337	1344212.2429277576			107.99743819236755	1343868.4501943763	99.92592763900757	1343827.5168982425	95.94071793556213	1342688.828582092	84.47625017166138	1343490.1963506965	
85.25563502311707	1342331.085930068					75.54274702072144	1334191.6509899304	86.4732928276062	1344209.1972254605			108.01194715499878	1343857.56587037	99.94922041893005	1343820.7707215624	95.9540753364563	1342676.6411587973	84.49876523017883	1343517.1147538582	
85.2792649269104	1342367.7631899177					75.55847930908203	1334172.1641756082	86.4948194026947	1344223.754551801			108.03065896034241	1343833.2989928317	99.97848510742188	1343701.415640765	95.9678521156311	1342683.780025286	84.5237808227539	1343520.301318997	
85.30238819122314	1342370.393644015					75.57249188423157	1334176.2086964238	86.51883625984192	1344257.6274967587			108.04917812347412	1343468.172496639	100.00619316101074	1343742.6394840041	95.98087930679321	1342713.6329870555	84.54129648208618	1343521.8289913072	
85.32840871810913	1342459.4187244913					75.58700108528137	1334182.25112994	86.54487133026123	1344264.424393418			108.06474900245667	1343428.187041946	100.03371834754944	1343629.5525401516	95.9958884716034	1342725.7824786045	84.55883479118347	1343566.3195648321	
85.35494208335876	1342452.285778794					75.60201168060303	1334188.8659526731	86.57140016555786	1344260.2207405714			108.08225393295288	1343421.943610128	100.06220602989197	1343622.4942069808	96.00983667373657	1342675.3977865207	84.57434558868408	1343570.201302113	
85.37946200370789	1342447.6171273205					75.61504077911377	1334202.0038282059	86.5964138507843	1344245.8990411458			108.09777116775513	1343460.829536476	100.088214635849	1343626.100297221	96.02321457862854	1342688.148610413	84.58829951286316	1343566.7680761379	
85.40432810783386	1342359.092659138					75.63028836250305	1334209.4460660194	86.62244653701782	1344185.9355088			108.11204385757446	1343444.8684039223	100.11620712280273	1343628.1988278534	96.03596830368042	1342704.3467189334	84.60420250892639	1343574.5997426342	
85.4293417930603	1342437.6867468168					75.6463074684143	1334178.3186088712	86.64556980133057	1344242.571126358			108.12714004516602	1343412.4478606812	100.1460268497467	1343541.2570548668	96.04848170280457	1342705.5487730186	84.61621642112732	1343573.001269851	
85.45581793785095	1343145.4037266865					75.66282725334167	1334132.275439991	86.6710958480835	1344234.624470079			108.14389896392822	1343449.926898725	100.17531633377075	1343536.763239515	96.0629997253418	1342641.793204823	84.63022232055664	1343553.1936358858	
85.48210406303406	1343059.2446600262					75.67533469200134	1334137.5548316648	86.7001223564148	1344249.091550223			108.15790963172913	1343457.893355953	100.20423865318298	1343554.1278463765	96.07701635360718	1342645.5003322898	84.6444354057312	1343553.107515985	
85.50617599487305	1343061.2838760526					75.68883919715881	1334143.126085713	86.72569251060486	1344277.214706287			108.17391777038574	1343464.9152400016	100.22724437713623	1343537.5445858564	96.09041905403137	1342624.192960749	84.66293287277222	1343254.9428498757	
85.53403401374817	1343061.2043852059					75.70184540748596	1334132.8988305277	86.75122714042664	1344325.8336797005			108.18842601776123	1343463.381127254	100.25377130508423	1343541.0964350412	96.10393285751343	1342618.4489596768	84.68444848060608	1343259.4122636996	
85.56202459335327	1343079.8646542123					75.71535229682922	1334141.1451409042	86.78041887283325	1344552.6266321493			108.20359635353088	1343468.0659668942	100.27707362174988	1343422.4434424548	96.11695408821106	1342576.488520392	84.69845581054688	1343244.8352430498	
85.58768963813782	1343081.8508049382					75.72985887527466	1334088.5005497502	86.80661916732788	1344525.7646211658			108.2181224822998	1343485.113486115	100.30477738380432	1343437.6943401387	96.1299798488617	1342734.8405983737	84.71273970603943	1343291.6900039942	
85.6153507232666	1343097.0057750482					75.74487900733948	1334109.8873153524	86.83326292037964	1344105.6877054973			108.23290205001831	1343482.9140804876	100.33197402954102	1343173.6297705164	96.1440019607544	1342726.1843654197	84.72778916358948	1343219.1238766797	
85.63911843299866	1343124.5739335513					75.75862789154053	1334678.8173287727	86.86578440666199	1344122.9223660047			108.25047636032104	1343488.2917668729	100.35657930374146	1343256.924370847	96.15968585014343	1342759.2902721749	84.74530792236328	1343218.7787027794	
85.66764974594116	1343051.0806287518					75.77263641357422	1334260.7413400305	86.89152646064758	1344056.4060729765			108.26570892333984	1343490.8869868093	100.38385796546936	1343264.1250774062	96.17419600486755	1342339.6584918194	84.75932025909424	1343186.2910218588	
85.6923930644989	1343019.1872237623					75.78706812858582	1334270.5274606352	86.91771793365479	1344096.570208717			108.28221368789673	1343491.3485596399	100.41043901443481	1343263.9578215738	96.18821454048157	1342339.1545256497	84.77332830429077	1343194.1749452045	
85.7221291065216	1343175.5331162424					75.80181980133057	1334269.0230610198	86.94574403762817	1344016.0057040288			108.30041265487671	1343504.4131704718	100.43605041503906	1343267.8119211262	96.20123505592346	1342358.7785100434	84.78833675384521	1343179.0432514043	
85.7453784942627	1343209.9946499579					75.81683421134949	1334240.4563861683	86.97026562690735	1344101.824741778			108.31707787513733	1343504.65309215	100.46790814399719	1343178.2053772109	96.21445512771606	1342357.5170664112	84.80608057975769	1342954.972448865	
85.77609443664551	1343304.482302681					75.83002305030823	1335008.0382146733	86.9962809085846	1344098.9065555565			108.33240556716919	1343498.5787589564	100.49338936805725	1343289.0555206796	96.22999048233032	1342353.397069891	84.8200900554657	1342981.2800246978	
85.80671262741089	1343331.534028382					75.84599804878235	1335018.8093746693	87.02230930328369	1344128.8917690483			108.34941458702087	1343570.774681747	100.51747846603394	1343339.0634434416	96.24249839782715	1342391.4908431994	84.8341007232666	1343162.0236060405	
85.83022856712341	1343341.4185317869					75.86205005645752	1334987.8146822802	87.04746103286743	1344131.446037317			108.36742639541626	1343567.320501043	100.54495596885681	1343746.092608781	96.25602221488953	1342381.4753913174	84.84735584259033	1343161.0029353662	
85.85935306549072	1343336.6523000684					75.87623620033264	1334991.2380680104	87.07398629188538	1344117.617943339			108.38393211364746	1343537.4327127216	100.5708737373352	1343732.3796054942	96.27204370498657	1342311.5905684503	84.86187195777893	1343152.2504588563	
85.89036679267883	1343266.5849686654					75.88974452018738	1335074.2273393848	87.10160636901855	1344111.6167864557			108.39956188201904	1343538.031015691	100.59679698944092	1343380.315106634	96.28579616546631	1342322.157415815	84.87488222122192	1343142.774736908	
85.919930934906	1343285.957738142					75.90375399589539	1335072.5743793338	87.12662053108215	1344061.2700462495			108.41508889198303	1343536.3265164813	100.62458324432373	1343459.4165500049	96.29781413078308	1342278.3405905382	84.88789224624634	1343145.103980714	
85.94804430007935	1343290.197275764					75.91876745223999	1335075.0411638415	87.15264821052551	1344070.905417901			108.42829537391663	1343536.4157209608	100.65458273887634	1343455.8827726482	96.3113214969635	1342285.018913168	84.9029016494751	1343276.2087963962	
85.97425580024719	1343274.74987686					75.93177533149719	1335072.140474877	87.17666244506836	1344091.0208727077			108.44531035423279	1343562.970851493	100.68202948570251	1343427.0894029408	96.3268530368805	1342269.4767785866	84.91691017150879	1343215.9607758617	
86.00266194343567	1343257.619300558					75.94678974151611	1334252.7271429242	87.20318412780762	1344060.6590689132			108.45982146263123	1343569.4174894583	100.70728325843811	1343413.767789978	96.33936405181885	1342265.7889011742	84.93142175674438	1343213.4143177734	
86.0280864238739	1343213.6001252274					75.97008180618286	1334300.400341723	87.22870421409607	1344075.816280431			108.47232675552368	1343577.409683317	100.73873949050903	1343426.5406234395	96.35409045219421	1342207.6656643471	84.94492864608765	1343214.4056555806	
86.05758905410767	1343217.452597581					75.99560141563416	1334271.239605053	87.25244522094727	1344071.6319268732			108.48793363571167	1343578.727263134	100.76426005363464	1343435.388903302	96.36711597442627	1342243.3099186867	84.96193814277649	1343205.9135462672	
86.0976357460022	1343210.9220990795					76.01711678504944	1334287.6518824052	87.27996921539307	1344008.5170519927			108.50094389915466	1343578.9119518423	100.7953622341156	1343444.9222999145	96.38262343406677	1342226.3528239112	84.9764461517334	1343253.9014441962	
86.1236572265625	1343212.287129184					76.03596448898315	1334317.193787973	87.30321788787842	1343994.8031187786			108.51461052894592	1343571.9185526124	100.82356071472168	1343406.249787258	96.39620804786682	1342237.5470868319	84.98945355415344	1343222.2370127488	
86.15503573417664	1343292.6262246012					76.05948519706726	1334323.4056629038	87.32623529434204	1344020.6930114592			108.53262710571289	1343545.5509526308	100.8525755405426	1343399.5304418453	96.41243505477905	1342219.6030777497	85.00515747070312	1342519.5968477882	
86.18823885917664	1343284.4288357168					76.08501434326172	1334336.577678203	87.3502721786499	1344239.2896518363			108.5463924407959	1343523.430439101	100.87907314300537	1343347.099124291	96.42498564720154	1342221.56365909	85.01916742324829	1342522.5942207205	
86.21235752105713	1343297.3266746171					76.10802721977234	1334360.783709474	87.37431526184082	1344222.4785190152			108.56189894676208	1343476.6638030503	100.90694570541382	1343615.6760315225	96.43898940086365	1342276.602867017	85.03417611122131	1343106.3441114642	
86.24108505249023	1343284.8289136696					76.13615846633911	1334361.3051932252	87.3983302116394	1344239.8079025731			108.57690858840942	1343362.3961229243	100.93257451057434	1343627.4893368643	96.45200109481812	1342281.2083470994	85.04719042778015	1343145.7836159514	
86.2684166431427	1343310.6268979325					76.16339111328125	1334305.9915453827	87.42468070983887	1344258.816388419			108.59192895889282	1343401.163373918	100.95893120765686	1343627.7980727109	96.46652793884277	1342238.2903262603	85.06035470962524	1343106.446661478	
86.29629778862	1343295.6043213187					76.18940305709839	1334368.4765017973	87.45332455635071	1344253.7176266422			108.60848593711853	1343465.43167068	100.98719549179077	1343664.4171829806	96.48129940032959	1342252.634792841	85.07636499404907	1343094.980050891	
86.3241856098175	1343281.1362917987					76.2094213962555	1334307.8557474723	87.47733759880066	1344073.6008220883			108.62381100654602	1343458.000143037	101.01752614974976	1343650.2390236263	96.49731469154358	1342242.6124348287	85.0913736820221	1343088.5014511875	
86.35006523132324	1343275.975161628					76.23013854026794	1334365.5829329134	87.50102758407593	1344081.320924587			108.63894248008728	1343465.5475014125	101.0463137626648	1343376.5658559892	96.51182770729065	1342241.1726218031	85.1073865890503	1343188.1868618026	
86.37932562828064	1343296.9253046028					76.25716400146484	1334396.479902902	87.52604508399963	1344084.2577832965			108.65454363822937	1343902.748703784	101.0727949142456	1343374.1030624064	96.52635049819946	1342242.2471230363	85.1228973865509	1343087.7077768089	
86.41025376319885	1343512.6090034966					76.27817869186401	1334407.3558819212	87.55006718635559	1344087.4871754607			108.66960644721985	1343900.2358578963	101.09975361824036	1343379.0027222442	96.53988337516785	1342242.707583973	85.13590931892395	1343089.5311517592	
86.4405951499939	1343541.1442239159					76.30220007896423	1334407.6017378015	87.57508993148804	1344127.4030995981			108.68394112586975	1343929.9769438694	101.12609529495239	1343475.419174874	96.55395817756653	1342212.407336487	85.14943051338196	1343081.6778114487	
86.47229051589966	1343533.224072708					76.32871890068054	1334415.4793729056	87.60260891914368	1344129.2909132396			108.69897508621216	1343895.3965213806	101.15264368057251	1343475.603057318	96.56802558898926	1342218.3952565643	85.16194581985474	1343094.9817601088	
86.4970371723175	1343540.965274838					76.35547637939453	1334326.3270940622	87.62813305854797	1344127.4501124502			108.71584820747375	1343893.9543917072	101.1803514957428	1343459.4655262781	96.5835349559784	1342202.7926555902	85.17545056343079	1343085.4829633245	
86.52449631690979	1343536.4832337226					76.37949180603027	1334480.5844218452	87.6528389453888	1344127.093796624			108.732901096344	1343720.6065062368	101.2044529914856	1343462.7864518287	96.59958934783936	1342182.2771239034	85.18945789337158	1343078.19471532	
86.55216956138611	1343546.5717315446					76.40500664710999	1334492.78565006	87.67885231971741	1344176.214352871			108.74852180480957	1343720.7958585196	101.2311782836914	1343456.984165704	96.61436462402344	1342170.1567766338	85.20396947860718	1343084.1071094247	
86.58023476600647	1343553.3088420655					76.42925453186035	1334493.0914630252	87.70351767539978	1344119.3961893583			108.76356387138367	1343817.3081871115	101.25597524642944	1343461.4456691332	96.63048124313354	1342176.4912258007	85.21897864341736	1343015.872340715	
86.60639309883118	1343685.7925076513					76.45728278160095	1334404.4979410353	87.72854280471802	1343355.8248643982			108.77965879440308	1343789.5067486798	101.2816309928894	1343464.2855905108	96.64418029785156	1342171.7557954649	85.23449301719666	1343070.4356446504	
86.63655209541321	1343708.7826413875					76.48479580879211	1334412.9316353572	87.75357699394226	1343327.0651716532			108.79843378067017	1344019.3800996493	101.30768418312073	1343496.3270066862	96.65820455551147	1342149.2785981186	85.2490017414093	1343081.89991309	
86.66384220123291	1343708.782256711					76.50780987739563	1334411.598906281	87.77759027481079	1343341.820971782			108.81344985961914	1344010.1534235629	101.3379590511322	1343452.9944525396	96.67178916931152	1342175.2418127398	85.26475358009338	1343078.8107526372	
86.69099116325378	1343705.6490118236					76.52981901168823	1334565.326740879	87.80311417579651	1343271.4329555954			108.8291425704956	1344043.4093909233	101.36305904388428	1343510.78971211	96.68682551383972	1342179.4579997708	85.27826356887817	1343068.860137626	
86.71580004692078	1343708.205357039					76.5526180267334	1334590.2703504392	87.8274474143982	1343293.4916589183			108.84481739997864	1344067.0222832854	101.38858437538147	1343528.9311359078	96.70159411430359	1342150.3471522613	85.2922739982605	1343025.5900942113	
86.74138164520264	1343520.08648257					76.57662796974182	1334600.2489340783	87.8554756641388	1343783.0886466205			108.85902094841003	1344040.64009571	101.4156403541565	1343527.798597716	96.71384143829346	1342140.9098751224	85.30728459358215	1343043.108230428	
86.76505088806152	1343439.6386086305					76.60064244270325	1334580.1534017904	87.87849283218384	1343793.3572809668			108.87352848052979	1343805.786991922	101.43887257575989	1343453.5517249976	96.73059153556824	1342158.1204413956	85.32029867172241	1343092.7297980604	
86.79508328437805	1343412.0277875673					76.62566637992859	1334609.7450782051	87.90625858306885	1343781.394432826			108.88885617256165	1343936.8082223183	101.46781730651855	1343419.4563375658	96.74581289291382	1342359.660048017	85.33441019058228	1343118.0785796458	
86.82251334190369	1342972.7258533274					76.64828586578369	1334643.9575207892	87.93079543113708	1343759.1221735347			108.9013614654541	1343940.5332737986	101.49635052680969	1343413.6077468572	96.75970315933228	1342356.4313875667	85.34791779518127	1343147.8376817873	
86.84574747085571	1342997.3467034418					76.6723039150238	1334652.2019083644	87.95532751083374	1343764.1312024873			108.91554975509644	1343958.9234599494	101.52340483665466	1343403.7566843173	96.7763524055481	1342855.7861277224	85.36142683029175	1343144.5557927215	
86.8722472190857	1342978.3740667365					76.69831681251526	1334673.5827866723	87.97834873199463	1343753.287606736			108.93084836006165	1343976.1491259122	101.55042266845703	1343495.5431256709	96.79090332984924	1342769.5007486918	85.37593364715576	1343032.1044950013	
86.89649558067322	1343009.1530790739					76.72384548187256	1334667.4701043623	88.0037636756897	1343779.3777826757			108.94928050041199	1343936.0033856118	101.58413863182068	1343515.4311259328	96.80647397041321	1342781.8584403775	85.38843846321106	1342509.4176950164	
86.92011594772339	1343026.0484149086					76.74686217308044	1334669.4184020585	88.03117084503174	1343945.5426596575			108.96379113197327	1343940.7528855952	101.61178994178772	1343467.8224980445	96.8209958076477	1342397.445570996	85.40245151519775	1342531.809538927	
86.94835567474365	1343055.744108914					76.76890397071838	1334677.8892453723	88.05569863319397	1343940.6445541272			108.97949934005737	1343927.046224052	101.63631844520569	1343468.5362789056	96.83635663986206	1342299.1746071219	85.41426682472229	1342490.9714188594	
86.97404837608337	1343235.9253835762					76.79342532157898	1334678.6330033082	88.08022141456604	1343943.7790739043			108.99451327323914	1344203.8687090536	101.66210150718689	1343470.0899761403	96.85056757926941	1342354.5308225101	85.43028521537781	1342495.5357330146	
86.99953603744507	1342910.0845066204					76.81586408615112	1334649.0404519506	88.10680079460144	1343803.219446929			109.01099371910095	1344173.5515242808	101.68478083610535	1343490.631966232	96.86562061309814	1342263.2229337825	85.44525742530823	1342495.0413929126	
87.025075674057	1342886.5596194393					76.84894680976868	1334325.3151380876	88.12981605529785	1343813.503927526			109.02652192115784	1344167.5883564707	101.71240973472595	1343488.8582783884	96.88081169128418	1342265.0782800952	85.45922636985779	1342499.842478999	
87.04907083511353	1342906.9142997707					76.87379097938538	1334318.172853268	88.15484142303467	1343800.372772697			109.04260540008545	1344176.9756249022	101.73796534538269	1343495.9573528646	96.89431929588318	1342279.9338915194	85.4739260673523	1342620.7705809313	
87.07705569267273	1342677.1063796119					76.89930939674377	1334329.9294922578	88.17885684967041	1343813.2470749454			109.05679774284363	1344190.8107681551	101.76186895370483	1343503.8241662055	96.90933799743652	1342288.753475071	85.4854326248169	1342613.8909533122	
87.10374927520752	1342650.5759142146					76.9245114326477	1334366.5910039786	88.20538973808289	1343843.5110546811			109.07287502288818	1344204.7145371577	101.79088115692139	1343498.1536277945	96.92435050010681	1342296.2494626383	85.50044202804565	1342683.768879086	
87.12830781936646	1342613.7888489156					76.94251894950867	1334374.5440651707	88.23145318031311	1343854.237287652			109.08688569068909	1344227.906143277	101.81934881210327	1343460.8166458455	96.93837857246399	1342301.123239503	85.51496601104736	1342695.39811548	
87.15851044654846	1342608.3885698866					76.95930337905884	1334329.7701849623	88.25597333908081	1343868.316271161			109.1008973121643	1344215.2103084717	101.84485864639282	1343466.887891743	96.9549388885498	1342302.4852705502	85.52902507781982	1342688.1065109982	
87.18343758583069	1342621.3610510118					76.9733214378357	1334339.2709247263	88.2844967842102	1343858.4784411339			109.11468291282654	1344194.7330863576	101.8694519996643	1343469.7042957805	96.9679582118988	1342312.898080084	85.54303288459778	1342694.6241909217	
87.2100441455841	1342611.4627633975					76.98982453346252	1334349.3713145985	88.30518007278442	1344019.8490179922			109.12880992889404	1344208.1253067716	101.89558696746826	1343510.8199991912	96.9824697971344	1342321.9331544673	85.55753993988037	1342681.6473260126	
87.23907804489136	1342621.5360574154					77.00484251976013	1334358.3785253854	88.328195810318	1344015.561950562			109.14354276657104	1344213.1745631457	101.92258024215698	1343498.507404262	96.99719166755676	1342464.6653917308	85.57154822349548	1342704.4352590328	
87.26792526245117	1342652.7198837558					77.01911640167236	1334354.8164584897	88.3522686958313	1344014.6294038421			109.16105365753174	1344129.9782238805	101.94639658927917	1343503.0123967312	97.01196336746216	1342487.5397560208	85.58533811569214	1342719.0315802535	
87.29327464103699	1342632.4913043953					77.03313970565796	1334338.684922885	88.37729096412659	1344000.143636171			109.1770670413971	1344142.7791210993	101.9700870513916	1343483.4164857368	97.02849578857422	1342449.8754346787	85.60035824775696	1342721.1440584739	
87.31581211090088	1342652.3409293755					77.0491533279419	1334281.36090463	88.4008219242096	1343897.653064266			109.19257426261902	1344144.5492691624	101.99362921714783	1343496.0954821792	97.04101133346558	1342443.2486416625	85.61499977111816	1342719.5589600343	
87.34255576133728	1342653.6529640155					77.06416654586792	1334195.2139991487	88.42534303665161	1343900.0401473064			109.20754718780518	1344139.9208376897	102.01780223846436	1343516.0607328294	97.05613684654236	1342429.2824736522	85.62800884246826	1342711.9722543028	
87.36740684509277	1342661.0163935588					77.07767248153687	1334186.862714148	88.45187568664551	1343897.98742915			109.22327017784119	1344070.7236494494	102.04226899147034	1343536.469238367	97.06998372077942	1342440.0698150632	85.64152264595032	1342685.4169416756	
87.39302730560303	1342707.3278055137					77.09268736839294	1334196.9583732889	88.475900888443	1343085.9727425207			109.23885536193848	1343909.7267026573	102.06766057014465	1343535.7317888925	97.08597207069397	1342442.8294391523	85.6545341014862	1342684.4192361874	
87.4171314239502	1342725.186490696					77.10519123077393	1334208.637408873	88.49971556663513	1343091.0524982428			109.25487184524536	1343915.8705268844	102.09532761573792	1343523.928062809	97.10085391998291	1342437.705160395	85.66876792907715	1342687.995579	
87.44104719161987	1342768.3135947874					77.12046003341675	1334200.7419200477	88.52595663070679	1343055.456308471			109.2679431438446	1343894.2133218294	102.12055945396423	1343535.8389419795	97.11628699302673	1342436.9711024459	85.68128228187561	1342695.0163198917	
87.46633529663086	1342746.4263054298					77.13362979888916	1334243.1199460055	88.55048966407776	1343136.1473002455			109.28135871887207	1343909.420688259	102.14610624313354	1343535.3764951297	97.1287031173706	1342793.3847010285	85.69627380371094	1342676.0341739946	
87.4922137260437	1342729.7124175725					77.14891791343689	1334309.0817972368	88.57753825187683	1343206.2208564107			109.29836940765381	1343914.6115691552	102.16938400268555	1343541.6485138885	97.14462375640869	1342795.1904697658	85.71378803253174	1342682.3346981294	
87.51617550849915	1342914.7680088726					77.16257739067078	1334376.3599350955	88.60106039047241	1342971.1612776036			109.31162285804749	1343954.4311155828	102.19247555732727	1343544.359976471	97.15935969352722	1342790.0778800794	85.72780227661133	1342656.633178623	
87.54052877426147	1342922.36243905					77.17908573150635	1334377.78188015	88.6255853176117	1342955.7617064193			109.32799243927002	1343966.8364297906	102.21625399589539	1343541.2320811446	97.17326164245605	1342783.9007615	85.74231314659119	1342566.6030732507	
87.5622627735138	1342924.6983650809					77.19610452651978	1334381.76412508	88.64810943603516	1342951.938502689			109.34532046318054	1343963.2574934927	102.24232792854309	1343818.4616283146	97.18928337097168	1342818.6878199119	85.75681829452515	1343415.3735928873	
87.58799719810486	1342999.271413071					77.21211433410645	1334534.558680626	88.67263460159302	1342950.4330131118			109.35983180999756	1343973.1360849312	102.26574540138245	1343818.2382540817	97.20329976081848	1342856.5306056882	85.77082562446594	1343412.2053005137	
87.61220002174377	1342965.655439557					77.22726511955261	1334624.3666542426	88.69464874267578	1342994.5944886624			109.37484335899353	1343981.825347617	102.28843307495117	1343821.5987458697	97.2182400226593	1342793.8969420271	85.78383469581604	1343417.2664184843	
87.63821601867676	1342920.461448667					77.24427938461304	1334604.1441610116	88.71829390525818	1343006.223887458			109.38863062858582	1343972.1630583268	102.31461238861084	1343795.6086739546	97.23425626754761	1342875.4443466868	85.79804277420044	1343412.8977119122	
87.66139101982117	1342974.7534357903					77.25929617881775	1334733.5617135663	88.74334859848022	1342962.547462122			109.40414547920227	1343684.1287837257	102.33826184272766	1343933.998148449	97.24727082252502	1342836.3937849856	85.81372594833374	1343362.459211203	
87.68732404708862	1343020.906453925					77.2763123512268	1334728.7646015792	88.77288436889648	1342939.1218650197			109.4181718826294	1343687.9459376917	102.36558198928833	1343963.7951116976	97.26178669929504	1342831.514230138	85.82823157310486	1343367.8273292715	
87.71252131462097	1343018.2421208527					77.29181814193726	1334691.7002759574	88.80040287971497	1342938.0037448204			109.43392634391785	1343696.0355034217	102.39049029350281	1343961.906940995	97.27430081367493	1342605.6225633607	85.84374833106995	1343358.2682550505	
87.7402274608612	1343106.6239311122					77.30583190917969	1334605.4747881328	88.82692694664001	1342944.5690149574			109.44894194602966	1343719.694880895	102.41702008247375	1343957.493091848	97.28932237625122	1342581.1147986352	85.85826015472412	1342716.7844664333	
87.76561188697815	1343058.0361017955					77.32033801078796	1334599.6632817755	88.84905886650085	1342945.0895553974			109.46946024894714	1343710.825578389	102.44085621833801	1343890.917365842	97.30404663085938	1342612.437304665	85.87294912338257	1342704.333987263	
87.79156017303467	1343048.618810304					77.33535575866699	1334628.3558558137	88.87458086013794	1343617.9919353705			109.50004506111145	1343698.0153924844	102.46292114257812	1343909.5284995334	97.31706833839417	1342609.3270465545	85.88595652580261	1342697.6699462591	
87.8151786327362	1343018.6420979477					77.35062527656555	1334643.4621285098	88.90009903907776	1343037.175252285			109.52495670318604	1343701.6343456663	102.48698997497559	1344262.624677205	97.33108496665955	1342593.8864621033	85.89896512031555	1342722.6250164644	
87.8415002822876	1343022.7177775227					77.36564135551453	1334712.6938524996	88.92299890518188	1343911.004879815			109.54447650909424	1343693.0950416457	102.51404356956482	1344244.7329794664	97.345134973526	1342592.443419231	85.91248774528503	1342722.5692438097	
87.86410284042358	1342938.3034729296					77.38165426254272	1334680.0489889805	88.94651794433594	1343925.257673359			109.55898427963257	1343691.0987954475	102.53866934776306	1344254.0943586724	97.35972309112549	1342641.2443612074	85.92780995368958	1342692.366072506	
87.89117240905762	1342949.9721171823					77.39816403388977	1334703.725145223	88.97204375267029	1343908.6922786091			109.57299494743347	1343668.618320689	102.56442785263062	1344252.9280936045	97.37573575973511	1342614.0794281997	85.9403145313263	1342686.3094285482	
87.9154748916626	1342945.8781247516					77.41217255592346	1334705.7464536282	88.9980616569519	1343904.120931866			109.58732056617737	1343716.3729591467	102.59935808181763	1344219.9461275856	97.39224934577942	1342588.7908186924	85.95451021194458	1342681.2796599884	
87.94010639190674	1342946.3784877069					77.42642569541931	1334708.3480627537	89.02258229255676	1343890.0368955894			109.60233306884766	1343716.1038596407	102.63440704345703	1344240.6996423113	97.4058165550232	1342598.0027662904	85.96851921081543	1342683.1673240452	
87.96645069122314	1342942.6341333434					77.44343709945679	1334710.7688048477	89.04824090003967	1343886.603435375			109.6178560256958	1343707.7509349757	102.67562294006348	1344208.9640208813	97.42055177688599	1342600.0682939738	85.98203158378601	1342690.7484328514	
87.9941816329956	1342948.6564426178					77.45845174789429	1334690.1833484084	89.07045221328735	1343896.7744850449			109.6328935623169	1343720.7733149226	102.70739841461182	1344182.9053225836	97.43510317802429	1342601.020932893	85.99798655509949	1342693.7930685338	
88.01784300804138	1342955.7406901994					77.47447276115417	1334699.4397627176	89.09597182273865	1343919.7469148247			109.6474142074585	1343698.5323573574	102.7302176952362	1344198.577375914	97.44739842414856	1342576.2579717098	86.01359558105469	1342675.0861740794	
88.04386782646179	1343438.1991855784					77.4899833202362	1334683.4139523222	89.12026238441467	1343956.8347898468			109.66213178634644	1343701.4187024618	102.75123047828674	1344197.33766419	97.46090888977051	1342597.717702908	86.0291383266449	1342661.9674742373	
88.06809639930725	1343452.1544431234					77.50800371170044	1334701.3496380567	89.14480686187744	1343965.3497318935			109.67449045181274	1343702.185181925	102.77942252159119	1344200.3612565706	97.47441697120667	1342598.3890756008	86.04292297363281	1342781.079310161	
88.09429168701172	1343428.9742013046					77.52597188949585	1334983.2343995203	89.17032837867737	1343969.6259965536			109.69099950790405	1343690.8925580746	102.80743360519409	1344205.4618462203	97.48943305015564	1342759.6960133116	86.05822348594666	1342774.2483074858	
88.11934351921082	1343414.4607631622					77.5410749912262	1334997.9818958603	89.19234418869019	1343962.121602692			109.70508646965027	1343526.9940026908	102.82883882522583	1344208.058323449	97.50294423103333	1342756.8723883748	86.07473659515381	1342782.6187908228	
88.14309883117676	1342986.3691921865					77.55657625198364	1335010.09900146	89.21986269950867	1344270.3428941357			109.71825790405273	1343541.6296676327	102.8526861667633	1344216.5551162402	97.51797103881836	1342596.397358347	86.08875155448914	1342779.460682863	
88.1703314781189	1343006.4722911872					77.57108807563782	1335022.1202647337	89.24362826347351	1344326.94930151			109.73302054405212	1343516.2829003073	102.88313961029053	1344219.0930973145	97.53358507156372	1342613.127611788	86.10476541519165	1342948.5790662663	
88.1963882446289	1343007.5268447192					77.58410286903381	1335030.1242363276	89.26864647865295	1344050.265381131			109.74853754043579	1343331.0531597743	102.90785908699036	1344216.8401437015	97.5481607913971	1342539.125901809	86.11933517456055	1342958.5352919507	
88.22251033782959	1343005.2835961755					77.59988570213318	1334916.0011838907	89.29468393325806	1344057.145301988			109.76266741752625	1343341.3565914717	102.93025994300842	1344220.220125405	97.56194472312927	1342544.4900162707	86.13084745407104	1342930.576504359	
88.24411034584045	1343010.3636734711					77.61419081687927	1334928.2883477828	89.31869792938232	1344024.8148095296			109.77688431739807	1343338.5985342816	102.95627951622009	1343983.7917147416	97.57696604728699	1342520.0489605705	86.14535307884216	1342929.223940474	
88.26542329788208	1343016.804520329					77.62910723686218	1334926.1216854688	89.34372615814209	1344011.1140567176			109.79164934158325	1343351.131067294	102.98080229759216	1343964.1249693537	97.59225392341614	1342538.8519216771	86.16086554527283	1342926.3052599179	
88.28928351402283	1343008.0097315412					77.64412641525269	1334934.5527699946	89.3687424659729	1344018.4506358786			109.80623579025269	1343448.87997241	103.00733733177185	1343986.1744502084	97.60879325866699	1342556.5545481183	86.17458772659302	1342924.5173961925	
88.31442999839783	1343051.3145481895					77.6596531867981	1334959.2532830765	89.39025950431824	1344021.4016788683			109.82224798202515	1343448.411202819	103.03757095336914	1343999.558944401	97.62448120117188	1342539.375408403	86.1881046295166	1342944.8120806175	
88.33561611175537	1343067.9214467516					77.67266488075256	1334963.1912432397	89.41627955436707	1343989.8544167401			109.83743000030518	1343416.8564643585	103.0593478679657	1344002.0923798275	97.6384961605072	1342511.040607681	86.20211744308472	1342925.307777126	
88.35807681083679	1343072.8504054882					77.6891827583313	1334965.088372499	89.44244408607483	1343989.7004711472			109.85244274139404	1343424.3731742427	103.08236885070801	1344003.4195719496	97.65400385856628	1342480.1001937082	86.21681451797485	1342635.223685749	
88.38434362411499	1343077.5733136511					77.70720195770264	1334980.5675154193	89.4664580821991	1343974.015026493			109.8669605255127	1343416.678553276	103.10667204856873	1343944.070040393	97.6670880317688	1342538.9278333024	86.2323317527771	1342637.0595768818	
88.40991115570068	1343685.4788799384					77.73471927642822	1334982.226806081	89.49215412139893	1343983.333626159			109.88197231292725	1343393.9388105841	103.13458561897278	1343938.4134049339	97.68214797973633	1342528.4054523094	86.2463390827179	1342646.5377032282	
88.43392586708069	1343702.147284196					77.75545454025269	1334974.8649338938	89.51617288589478	1343958.7080416866			109.89768195152283	1343397.2177915305	103.1606273651123	1343902.230384557	97.69816517829895	1342550.5880037155	86.26023435592651	1342468.6170357242	
88.4594497680664	1343693.8232317227					77.77246594429016	1334915.1090019257	89.54720425605774	1343925.572783326			109.91341590881348	1343398.4849089992	103.18414545059204	1343907.311053111	97.72369432449341	1342657.84528575	86.27529382705688	1342479.7933962396	
88.48306560516357	1343704.0617956286					77.78897500038147	1334923.6759609194	89.58423328399658	1343918.9234833594			109.92843794822693	1343305.3686918889	103.21116161346436	1343948.0502692244	97.74448943138123	1342662.6414776125	86.28781628608704	1342481.4524264664	
88.50760102272034	1343615.632272639					77.81270217895508	1334894.2200032454	89.6364233493805	1343913.9625827412			109.94292545318604	1343321.108887293	103.23753499984741	1343906.2693664255	97.77073788642883	1342668.671034215	86.302330493927	1342473.8162068226	
88.53112006187439	1343548.5112385028					77.8363254070282	1334888.644856452	89.67845463752747	1343914.6152120032			109.95707654953003	1343402.0791371148	103.26579165458679	1343904.788364065	97.79473924636841	1342721.7542562725	86.31634259223938	1342483.1402335635	
88.55638933181763	1343428.8292423042					77.85585069656372	1334944.098477445	89.72516870498657	1343915.5937894122			109.97519135475159	1343055.6626435637	103.28933358192444	1343891.474390993	97.81480860710144	1342719.3226999978	86.33034682273865	1342490.2096263256	
88.5828800201416	1343640.1804266337					77.87035751342773	1334926.019174924	89.76070857048035	1343908.446735685			109.98989057540894	1343044.245832358	103.31238985061646	1343876.7039953677	97.83674120903015	1342723.3307418278	86.34584927558899	1342496.8600611927	
88.6104519367218	1343638.793513418					77.88737845420837	1334880.2730805047	89.79223370552063	1344146.956121362			110.00412678718567	1343058.6058294724	103.33510303497314	1343877.6275388915	97.859445810318	1342713.0240849855	86.36111783981323	1342495.1245504383	
88.63580083847046	1343648.8300138647					77.90988850593567	1334876.097723053	89.82826113700867	1344141.5281972322			110.01913905143738	1343049.301407988	103.36672902107239	1343860.346731972	97.88350558280945	1342719.6820631982	86.373126745224	1342499.057622568	
88.65837168693542	1343651.1599734258					77.93184494972229	1334876.5924925033	89.864422082901	1344167.2105703158			110.03325653076172	1343040.7246031805	103.39751839637756	1343847.6162510274	97.90602684020996	1342710.9066409383	86.38563275337219	1342477.039828879	
88.68445563316345	1343646.4630355595					77.95461964607239	1335119.141574494	89.90655636787415	1343878.8058511037			110.04834389686584	1343020.2491134026	103.4233250617981	1343810.1553956696	97.92855024337769	1342690.0579480259	86.4026505947113	1342471.740888826	
88.70880365371704	1343643.0315935088					77.97863721847534	1335139.1045495141	89.93860149383545	1343878.9647205325			110.06435656547546	1342942.3467013359	103.44916939735413	1343820.247367493	97.95410871505737	1342725.1538540595	86.4152979850769	1342554.302737635	
88.73386335372925	1343644.5268879186					77.9956533908844	1335087.1669084386	89.9746298789978	1343891.722126253			110.07986736297607	1342954.7586718164	103.47475790977478	1343828.4192830045	97.96993565559387	1342728.3308737627	86.43030452728271	1342570.2012035446	
88.75844168663025	1343708.1790418092					78.01466631889343	1335092.0420162734	90.00516510009766	1343904.979622309			110.0948874950409	1342955.6411331831	103.499272108078	1343847.294512372	97.98344421386719	1342824.511534576	86.44531774520874	1342564.304385062	
88.78650975227356	1343666.0082048026					78.03110384941101	1335075.1628419943	90.04687690734863	1343914.1402092287			110.110910654068	1342932.419970228	103.52300214767456	1343894.4752309334	97.99653315544128	1342889.2722038075	86.46050500869751	1342574.7371737668	
88.81179904937744	1343654.211859778					78.05212640762329	1335075.8026069659	90.08609819412231	1343921.1641207095			110.12727761268616	1342933.0909017825	103.5535352230072	1343905.8674822238	98.01144766807556	1342892.1881207624	86.47577261924744	1342570.441115288	
88.83579921722412	1343710.6699679596					78.07314205169678	1335094.7016100136	90.12804079055786	1343680.3263243856			110.14214301109314	1342957.0125555156	103.580575466156	1343908.3309630745	98.02762484550476	1342892.1522003678	86.48879027366638	1342559.1518277037	
88.85936641693115	1343472.5301648362					78.09314727783203	1335094.7266561368	90.15857410430908	1343678.7266255422			110.15765929222107	1342931.235034501	103.60559606552124	1343950.011607241	98.0421392917633	1342902.1180434504	86.50332260131836	1343142.892784969	
88.88458037376404	1343494.2182085358					78.11065864562988	1335103.224016913	90.19460248947144	1344014.4667932785			110.174241065979	1342930.1256160506	103.63031840324402	1343964.350884854	98.05615639686584	1342908.612195164	86.517333984375	1343135.003435393	
88.90666675567627	1343502.8142742626					78.12967157363892	1335079.402750711	90.23564720153809	1344008.2468466603			110.18775224685669	1342968.6474366728	103.657559633255	1343929.1293897724	98.06906723976135	1342895.017474009	86.53242897987366	1343148.3120565654	
88.93235349655151	1343504.2194956779					78.14690327644348	1335091.1633510732	90.27043342590332	1344005.9765151963			110.20276927947998	1342948.3286030176	103.68407893180847	1343898.5425427456	98.08475494384766	1342895.0896574643	86.54904866218567	1343149.6589825246	
88.95857691764832	1343603.848155397					78.16743564605713	1335061.8315341666	90.3116557598114	1343994.189258344			110.22001814842224	1342955.0421701726	103.70963478088379	1343895.9724247952	98.10025262832642	1342913.5644737391	86.56353664398193	1343100.037243648	
88.98469090461731	1343614.2718703966					78.186452627182	1335064.7752952764	90.34821939468384	1344002.844118418			110.23389172554016	1342963.4898249784	103.73729538917542	1343890.9373107674	98.11773800849915	1342898.0604503613	86.5770537853241	1343109.1325042755	
89.00725436210632	1343615.239345218					78.20346689224243	1335063.7203085353	90.38525032997131	1344011.3842565345			110.24906253814697	1343329.0320168098	103.76631593704224	1343893.1342716406	98.1294002532959	1342890.3967671397	86.59306955337524	1343102.0858443112	
89.03136539459229	1343598.6011068018					78.22460508346558	1335074.4709513243	90.4222776889801	1344022.062551652			110.26257038116455	1343330.9111863493	103.79145240783691	1343891.5442873195	98.14317107200623	1342884.6095575118	86.60722517967224	1343114.4012568172	
89.05645275115967	1343599.7915515753					78.2401111125946	1335109.078260119	90.45247173309326	1344018.776805369			110.27777361869812	1343347.2238303062	103.81496524810791	1343900.8743513867	98.15671157836914	1342902.21634363	86.62123584747314	1343103.3133055856	
89.08261299133301	1343604.772530823					78.25863480567932	1335078.6313020263	90.48599410057068	1344001.8335201747			110.29378533363342	1343353.083829587	103.84036183357239	1343904.3961363733	98.1722297668457	1342802.6000594555	86.63424468040466	1343110.108344095	
89.10919642448425	1343597.0772231666					78.27765274047852	1335082.8446876751	90.52374124526978	1344007.7229336214			110.31030225753784	1343355.801154471	103.86336874961853	1343960.1020674817	98.18505001068115	1342808.947036182	86.64875507354736	1343096.2481885324	
89.13539934158325	1343583.5610021322					78.29767060279846	1335103.0549359177	90.55951356887817	1344026.4868873423			110.32493257522583	1343351.3864030123	103.88538241386414	1343977.8884972169	98.20608472824097	1342785.1811015047	86.66493058204651	1343123.212156856	
89.1595139503479	1343562.7607557413					78.31326580047607	1335104.1763827098	90.59452056884766	1344041.2809079688			110.33957862854004	1343361.93971722	103.90987038612366	1343961.2550717308	98.23741054534912	1342741.3582568085	86.67943572998047	1343131.5285915455	
89.18553590774536	1343555.8294940002					78.32677102088928	1335096.4459830362	90.63392162322998	1344026.1993568218			110.35358810424805	1343358.0195537633	103.93452501296997	1343972.0589781757	98.26095581054688	1342774.2949175467	86.69365358352661	1343146.379471753	
89.20770740509033	1343560.2915819953					78.34027934074402	1335123.6868186644	90.67137837409973	1343761.4085055562			110.36760258674622	1343278.428660725	103.95560359954834	1343956.4328192815	98.28450989723206	1342602.1530734578	86.70861482620239	1343171.2700853667	
89.23134756088257	1343557.954963457					78.35501623153687	1334884.4447144177	90.71463203430176	1343753.7651099563			110.38361239433289	1343283.270148758	103.98128581047058	1343943.6568161957	98.30979490280151	1342597.1490806495	86.72412705421448	1343147.0069766024	
89.25936150550842	1343590.5846242346					78.37202453613281	1334901.6405991332	90.76167798042297	1343766.0770677608			110.39662265777588	1343286.9162281994	104.01231694221497	1343947.5366072683	98.33513188362122	1342581.1623747952	86.73929119110107	1343144.6351879307	
89.283043384552	1343606.4630152197					78.3865315914154	1334915.835162535	90.79420161247253	1343760.184413749			110.41263604164124	1343307.6081940017	104.0372109413147	1343921.0348131773	98.36173963546753	1342566.5582004497	86.75430130958557	1343147.0832542256	
89.30658388137817	1343600.494752166					78.40154242515564	1334916.0843659875	90.83174538612366	1343694.3475677797			110.42656207084656	1343262.9142428816	104.06274509429932	1344154.0473677842	98.38978910446167	1342552.4178086366	86.77784585952759	1343130.3257256371	
89.33611178398132	1343603.0723703888					78.41756081581116	1334917.1547401617	90.87588691711426	1343700.5948571682			110.44221544265747	1343295.9903501866	104.08720874786377	1344459.1562078604	98.41293668746948	1342559.8008222561	86.79686379432678	1343155.2810551582	
89.360342502594	1343609.8823066815					78.43381333351135	1334940.5664710975	90.91506600379944	1343296.9074015957			110.45673680305481	1343318.9194239343	104.11402034759521	1344439.8315034623	98.43849062919617	1342559.253084632	86.81851506233215	1343093.2587164468	
89.38836312294006	1343596.2291225153					78.44831824302673	1334919.7064542256	90.95360612869263	1344203.406465931			110.47274780273438	1343385.9303689091	104.13857316970825	1344525.9224778675	98.46316432952881	1342543.1264017154	86.83853507041931	1343071.7248262533	
89.41187810897827	1343803.20615641					78.46182775497437	1334939.7795460196	90.99363613128662	1343302.3334301356			110.49026036262512	1343386.4872071256	104.17034983634949	1344461.2959028278	98.48756837844849	1342555.6845697437	86.86523699760437	1343079.3662427848	
89.44040203094482	1343829.585333171					78.47633576393127	1334929.4308328105	91.03118658065796	1343314.01932414			110.50777959823608	1343387.5477603595	104.20135593414307	1344464.2016115151	98.5178804397583	1342624.0658304514	86.88625288009644	1343078.247092395	
89.46441388130188	1343774.3659907964					78.4908447265625	1334932.8982332994	91.06397366523743	1343293.8894004214			110.52180218696594	1343396.0765872276	104.23568081855774	1344476.5713141214	98.54395842552185	1342643.905148787	86.90241432189941	1343105.643686495	
89.48855900764465	1343800.4540128147					78.50585103034973	1334942.2724484887	91.11367225646973	1343315.6975640368			110.53696799278259	1343399.771224124	104.26873707771301	1344474.012077681	98.56954407691956	1342694.6698016245	86.92092490196228	1343115.133500336	
89.51207947731018	1343804.6085052928					78.52286529541016	1334935.5579232113	91.15220999717712	1343313.9262348567			110.5509889125824	1343312.0043659725	104.29375767707825	1344520.3756349115	98.59588837623596	1342680.0610802427	86.93793439865112	1343378.5607627481	
89.5396020412445	1343812.682611743					78.5373706817627	1334963.169070402	91.19223976135254	1343316.2182438392			110.56550979614258	1343407.9246581804	104.3190507888794	1344232.6608819137	98.62014412879944	1342680.9162842482	86.95645117759705	1343389.5385740597	
89.56437849998474	1343861.9022673941					78.55219221115112	1334915.6887140435	91.23177647590637	1343366.8758951456			110.58094024658203	1343453.1701097135	104.34511804580688	1344211.3520187826	98.64511108398438	1342280.1243724558	86.97496366500854	1343380.4503249982	
89.58998441696167	1343800.413736417					78.56569766998291	1334856.8364521095	91.27211713790894	1343579.2765129178			110.59595227241516	1343457.599669823	104.36863112449646	1344196.287101633	98.67072367668152	1342280.9528598282	86.99307441711426	1343372.0106422782	
89.6149971485138	1343793.1770067925					78.58020567893982	1334836.2540204637	91.30383253097534	1343515.362217135			110.60897207260132	1343451.1054710634	104.39364838600159	1344249.450165784	98.69625735282898	1342295.8731573978	87.00778436660767	1343410.7049567935	
89.63801574707031	1343798.7494701443					78.59422397613525	1334718.2941622306	91.34537172317505	1343515.0948537278			110.62348628044128	1343457.2113846294	104.41528844833374	1344261.5648513746	98.72606778144836	1342299.7145805885	87.02601027488708	1343419.775763892	
89.66453242301941	1343825.6295445377					78.60773158073425	1334707.8864200427	91.3929090499878	1343523.1914565985			110.63849902153015	1343474.6901680494	104.44054675102234	1344249.5578935693	98.75273871421814	1342284.0355923194	87.04615020751953	1343431.6593550984	
89.69226145744324	1343822.057081516					78.61974692344666	1334713.4347720405	91.4283549785614	1343524.5502622665			110.65251111984253	1343462.6251264464	104.46871280670166	1344267.3718637796	98.78041672706604	1342281.3588366504	87.0666356086731	1343307.9998134437	
89.7162721157074	1343842.6686442366					78.63343453407288	1334712.5626540328	91.46860909461975	1343522.480423046			110.66702342033386	1343466.6952459274	104.49692130088806	1344266.2161135832	98.8085150718689	1342307.1064959122	87.08165764808655	1343098.7327265348	
89.74379849433899	1343811.4302366863					78.64673948287964	1334690.5967896397	91.50285029411316	1343321.742265949			110.68004035949707	1343443.0186083193	104.52258396148682	1344274.2666496562	98.83208990097046	1342271.6816837483	87.0966694355011	1343028.6053023057	
89.77050352096558	1343818.064045112					78.66095566749573	1334670.9752164572	91.54238796234131	1343314.1928651545			110.69404745101929	1343443.5632536064	104.54957938194275	1344284.05551562	98.86237239837646	1342264.7190162076	87.11518573760986	1343003.5927326484	
89.79551720619202	1343814.756505198					78.67296409606934	1334675.3676617048	91.58241891860962	1343298.8721980203			110.7080647945404	1343434.3188321807	104.576336145401	1344284.1831970199	98.88990712165833	1342316.2867142095	87.13269853591919	1343064.1783788109	
89.82303237915039	1343826.472979059					78.68646764755249	1334687.9131281972	91.61093974113464	1343357.7853818415			110.72226619720459	1343441.8249535982	104.60034775733948	1344247.6044395636	98.91944718360901	1342322.5029197715	87.14820671081543	1343063.2855303623	
89.85020327568054	1343834.8747547055					78.70247983932495	1334684.918553097	91.63395404815674	1343369.0960850432			110.73836755752563	1343442.4848869808	104.62436151504517	1344112.5759810847	98.94497323036194	1342243.9878934454	87.16246581077576	1343009.075584235	
89.87372326850891	1343824.7506908816					78.71598696708679	1334684.918760636	91.65807723999023	1343365.391205352			110.75437664985657	1343355.3112518413	104.64735198020935	1344134.6127579436	98.96999025344849	1342265.9017385424	87.17947745323181	1343011.9458063326	
89.89740443229675	1343841.356400571					78.7304937839508	1334682.331575278	91.68059849739075	1343376.008060792			110.76888942718506	1343370.0965780334	104.67288422584534	1344136.3635215778	98.99752521514893	1342271.288885374	87.19549679756165	1343026.215459516	
89.92192673683167	1343848.28370377					78.74350810050964	1334682.099117205	91.70583534240723	1343379.2767464754			110.78531432151794	1343354.5391868101	104.69739937782288	1344131.4410020781	99.02137756347656	1342257.3461463833	87.21101069450378	1343028.278440218	
89.9466540813446	1343838.3203322596					78.75769996643066	1334676.6745343914	91.72785019874573	1343380.787211079			110.80032062530518	1343401.466407734	104.72157669067383	1344137.9571866344	99.04590892791748	1342259.2776019534	87.22678542137146	1343067.0933320282	
89.97042751312256	1343774.6406841923					78.77020072937012	1334663.9279145214	91.75387740135193	1343783.235734422			110.81483697891235	1343396.6673453026	104.74628925323486	1344442.7051431446	99.07753705978394	1342262.224247881	87.24279713630676	1343563.234707303	
89.99744176864624	1343645.2877337954					78.78621435165405	1334674.6333132915	91.77689552307129	1343780.9197885604			110.82982039451599	1343408.9646289768	104.76845860481262	1344476.8850566475	99.10155630111694	1342263.6554628406	87.25881290435791	1342748.9708322969	
90.02496767044067	1343635.5825316652					78.80322980880737	1334678.28787666	91.80241584777832	1343785.22726735			110.84348583221436	1343394.632270791	104.79347538948059	1344482.8385262182	99.13710165023804	1342239.8431824949	87.27752232551575	1342768.9526637166	
90.05537915229797	1343629.3913553532					78.82347273826599	1334691.7451951483	91.82643413543701	1343776.398564146			110.8587543964386	1343366.0409657173	104.81748580932617	1344489.023674729	99.16433048248291	1342228.1905616922	87.29303574562073	1342753.3972384832	
90.0814151763916	1343636.7803844174					78.8406252861023	1334616.9949485883	91.85209727287292	1343780.1829600998			110.87270998954773	1343403.0461644551	104.84285020828247	1344473.0814631837	99.19186568260193	1342222.3298934582	87.30804777145386	1342743.0243717516	
90.10821270942688	1343631.2318829894					78.85814356803894	1334884.810074761	91.87811374664307	1343782.9366279058			110.88639092445374	1343412.981715001	104.86402106285095	1344479.7931842408	99.21804070472717	1342240.1359956258	87.32356333732605	1342699.7245222696	
90.13265299797058	1343611.3621622457					78.876149892807	1334875.24536235	91.9028332233429	1343790.9366663015			110.9023802280426	1343430.427169854	104.88653540611267	1344089.5658805133	99.24860906600952	1342572.0479150566	87.33857250213623	1343082.0178012296	
90.16088366508484	1343648.6485369697					78.89516401290894	1334875.0704447122	91.9278473854065	1343804.3695298922			110.91790771484375	1343442.2544266998	104.9108657836914	1344094.0981963295	99.27464938163757	1342257.3670017396	87.35308885574341	1343130.091555613	
90.18610739707947	1343644.495314051					78.91219186782837	1334846.9382648761	91.95487451553345	1343796.9506076681			110.93147015571594	1343436.64408329	104.93808937072754	1344103.8052630066	99.30018544197083	1342255.6602992855	87.36759614944458	1343138.5469806776	
90.21041440963745	1343659.5701589128					78.93069624900818	1334844.185249972	91.97689509391785	1343792.9185301038			110.94624757766724	1343459.1582058736	104.96611309051514	1344066.9390463978	99.32622122764587	1342727.7208792255	87.38261556625366	1343435.088019851	
90.23543667793274	1343611.1881833212					78.94721961021423	1334887.8994876808	92.00242018699646	1343999.4117024022			110.96207118034363	1343414.3455023738	104.9906325340271	1344073.378662881	99.35390210151672	1342713.9057205054	87.39662480354309	1343425.8187414738	
90.26295733451843	1343651.813368509					78.96437382698059	1334836.0920767453	92.02843427658081	1343784.731092724			110.97808003425598	1343442.5756262576	105.01814889907837	1344079.8199250905	99.37898230552673	1342799.5166164378	87.4116427898407	1343415.0334301402	
90.28818440437317	1343651.8860379546					78.98438358306885	1335027.600164268	92.05661964416504	1344078.2518053483			110.99408960342407	1343408.2531340206	105.04284954071045	1344068.6558253192	99.4045238494873	1343123.493285434	87.42786002159119	1343411.208945771	
90.31423687934875	1343650.511180823					78.9988911151886	1335027.4303416421	92.08314323425293	1344076.3269516947			111.00911283493042	1343421.9828918884	105.06786966323853	1344073.6998147892	99.43075466156006	1343169.360711328	87.4428722858429	1343268.8005009214	
90.33976411819458	1343662.6549506045					79.0129005908966	1335029.6826959602	92.10982704162598	1344045.151469085			111.02569675445557	1343436.5861009064	105.09454655647278	1344047.6174279775	99.45477533340454	1343168.6596526953	87.45837807655334	1343280.3319709192	
90.3644962310791	1343683.024176473					79.02743697166443	1335023.903120837	92.1363537311554	1344154.7242616646			111.04021191596985	1343443.3854901025	105.12335228919983	1344028.5438774468	99.48031663894653	1343168.968330587	87.47453689575195	1343296.7649594755	
90.39001750946045	1343660.313805247					79.04344749450684	1335036.547508086	92.15964865684509	1344153.56509211			111.05422377586365	1343436.7121078582	105.14884948730469	1344044.4379062231	99.50588726997375	1343168.907840134	87.49060797691345	1342622.2782079973	
90.41455388069153	1343668.2385083272					79.05845999717712	1335057.7232814014	92.18703532218933	1344229.086647662			111.06787967681885	1343432.5337065756	105.17581725120544	1344054.2660414022	99.53119492530823	1343173.924541456	87.50661087036133	1342630.462945443	
90.4375741481781	1343670.8584579062					79.07348203659058	1335050.680283376	92.21287965774536	1344231.6119028328			111.08198380470276	1343433.0596845187	105.20283722877502	1344053.3787988704	99.55472183227539	1343180.8545282402	87.52260971069336	1342639.1140650546	
90.4631040096283	1343664.128139443					79.08998489379883	1335209.1754639212	92.24042510986328	1344237.1289326858			111.09549593925476	1343435.2110012183	105.22535252571106	1344061.9646120602	99.58036136627197	1343176.941379244	87.53868126869202	1342667.0466579578	
90.48830986022949	1343663.9775751603					79.10700392723083	1335267.888681039	92.26498627662659	1344239.9118195113			111.10750484466553	1343405.8317781154	105.2514705657959	1344072.9177604618	99.60596060752869	1343169.8534987327	87.55345606803894	1342677.78205906	
90.51233220100403	1343667.1477052306					79.12051033973694	1335273.8063191832	92.29000067710876	1343963.0386995347			111.12207317352295	1343384.033813674	105.27600049972534	1344068.43622636	99.6291491985321	1343160.3216970563	87.5664656162262	1342668.5047366403	
90.53834772109985	1343673.9871751107					79.13552594184875	1335252.4033267999	92.31369805335999	1343957.6950274506			111.13758277893066	1343364.7471023411	105.30280423164368	1344072.6911799812	99.65317296981812	1343172.6847039147	87.58047461509705	1342647.8929550506	
90.56405472755432	1343681.6182966563					79.14980459213257	1335238.3762806042	92.33821892738342	1344004.8447036182			111.15373492240906	1343362.7529243494	105.32903814315796	1343815.7503775696	99.68170142173767	1343717.9764069456	87.59506177902222	1342645.9173105832	
90.5915777683258	1343687.2466512115					79.1648268699646	1335273.7974754449	92.36574196815491	1343981.5941306765			111.1697506904602	1343799.2494280434	105.3580904006958	1343829.7703928314	99.70825362205505	1343696.3554456972	87.60824227333069	1342613.7721306258	
90.618093252182	1343706.359729385					79.17933106422424	1335271.5040546071	92.3912661075592	1344014.0945227968			111.18826222419739	1343358.4301046215	105.38429474830627	1343832.4301558195	99.7339117527008	1343696.9462718617	87.62392735481262	1342480.5772789808	
90.64261674880981	1343721.2749930671					79.19334244728088	1335302.006455119	92.418283700943	1344008.1986863674			111.20377516746521	1343382.0438759523	105.41231560707092	1343874.4141323399	99.76072263717651	1343698.608989359	87.63793563842773	1342480.578104552	
90.67013812065125	1343716.5208405864					79.20685005187988	1335336.160971856	92.44394564628601	1344078.43761197			111.21728920936584	1343385.3518334848	105.4368360042572	1343870.6595512326	99.78582239151001	1343715.1096792563	87.65244913101196	1342852.481294835	
90.69424343109131	1343700.109386832					79.22085809707642	1335337.487870903	92.46996092796326	1344082.295896972			111.23248815536499	1343699.1864363998	105.46360850334167	1343846.8768342065	99.81323599815369	1343723.9142471405	87.66795659065247	1342861.0603718571	
90.71977114677429	1343754.309039968					79.23461699485779	1335292.5765508662	92.49448132514954	1344078.5940001013			111.24600791931152	1343677.5242036565	105.48932814598083	1343843.669834745	99.83707904815674	1343717.0859375624	87.68235683441162	1342857.7753733534	
90.74729442596436	1343795.2789757873					79.24962830543518	1335286.772348704	92.51660823822021	1344085.9201305301			111.26119256019592	1343674.5847804232	105.51635670661926	1343841.2755684892	99.86515855789185	1344064.7173840154	87.69836688041687	1342841.6035718543	
90.77640914916992	1343794.8405083858					79.26565146446228	1335295.8149341645	92.54364490509033	1344073.5552645691			111.27614235877991	1343698.805686111	105.54528903961182	1343847.9382199864	99.89054918289185	1344069.2513292094	87.71238422393799	1342854.2309464684	
90.8000283241272	1343805.836862271					79.2826669216156	1335305.332087013	92.57117009162903	1344077.0921846253			111.29001808166504	1344074.2322590314	105.57329869270325	1343860.7196553205	99.91659450531006	1343833.2408408485	87.72739386558533	1342866.0660753383	
90.82591652870178	1343812.0557058665					79.29717254638672	1335312.3103686168	92.5981879234314	1344083.3089093803			111.30366778373718	1344056.351777079	105.5969398021698	1343858.8984426998	99.93812561035156	1343833.6112950377	87.7424201965332	1342872.698148858	
90.85044956207275	1343811.7965503866					79.31219291687012	1335311.207679377	92.62771964073181	1344063.433339953			111.3201196193695	1344071.8236680785	105.62345600128174	1343864.3669082075	99.96590805053711	1343834.6598552421	87.75610256195068	1342873.5234385694	
90.87149047851562	1343860.2324312706					79.3267023563385	1335351.1582036256	92.65153694152832	1344056.1979683852			111.33616280555725	1343399.7571630983	105.64903783798218	1343870.0598348165	99.996164560318	1343756.129225807	87.76960754394531	1342891.4889336638	
90.90092301368713	1343854.6758449262					79.33920788764954	1335348.0279753143	92.68074679374695	1344055.330145462			111.34837436676025	1343388.3793261766	105.67778325080872	1344261.8955854222	100.02597904205322	1343731.7012932405	87.78412914276123	1342894.3968545445	
90.92945504188538	1343820.452345153					79.35487222671509	1335351.4339606091	92.7062680721283	1344063.5918951682			111.36238431930542	1343376.1511058998	105.7062976360321	1344254.2297708762	100.05351161956787	1343709.9263312176	87.8006420135498	1342888.2394460354	
90.95199418067932	1343851.0589829173					79.36737847328186	1335353.3620625453	92.73341202735901	1344051.6026863698			111.37690281867981	1343624.4534120471	105.7391767501831	1344254.7541840263	100.08295369148254	1343730.4574366068	87.81482672691345	1342889.4185192487	
90.97973346710205	1343847.8242916435					79.38538932800293	1335357.603928009	92.7579357624054	1344061.1552878625			111.39152216911316	1343982.8147738983	105.76720595359802	1344289.7217570415	100.11488437652588	1343741.2242187434	87.83083462715149	1342870.8159793727	
91.0077657699585	1343838.776718329					79.39889812469482	1335406.8454909637	92.78671193122864	1344061.5054128852			111.40504455566406	1343539.700297277	105.80035018920898	1344238.0577577546	100.14279508590698	1343728.8947447177	87.84484243392944	1342884.788864515	
91.03428840637207	1343585.133837295					79.41391968727112	1335350.934988925	92.81545662879944	1344071.7925319942			111.42005681991577	1343520.4872846152	105.82894492149353	1344272.2845989838	100.17004919052124	1343683.823556644	87.85947132110596	1342888.0328126578	
91.06631183624268	1343574.0992025398					79.4293692111969	1335347.5934780128	92.84265494346619	1344072.2870879094			111.43484592437744	1343412.1713971542	105.85564732551575	1344504.1841726038	100.19206762313843	1343672.2172752847	87.87298893928528	1342890.7364410327	
91.0894525051117	1343577.5594472939					79.44538640975952	1335349.772164916	92.86867046356201	1344085.3914142305			111.44985461235046	1343417.5441798384	105.88245987892151	1344504.5000170977	100.21086859703064	1343694.7830283751	87.88643622398376	1342910.9281713439	
91.11349844932556	1343591.5117760806					79.46040678024292	1335350.2509008395	92.89512825012207	1344392.1911445402			111.46437072753906	1343439.4027875566	105.90686297416687	1344507.2351282844	100.22617697715759	1343679.0491872488	87.90044689178467	1342913.2525228644	
91.13956189155579	1343568.4586718848					79.47542452812195	1335335.2833768423	92.9197883605957	1344393.7065248536			111.48087906837463	1343416.5168852261	105.93611574172974	1344513.7378326096	100.24405813217163	1343669.8781834857	87.91345596313477	1342918.5901563521	
91.16319870948792	1343571.2564661547					79.48893094062805	1335342.372044187	92.94677448272705	1344064.7968308139			111.49439311027527	1343415.114132352	105.96233868598938	1344588.1310529297	100.25807404518127	1343660.06707231	87.9259603023529	1342909.9319837203	
91.1912202835083	1343574.1106880265					79.5039496421814	1335330.3669088895	92.97304034233093	1344073.953403639			111.50924921035767	1343304.0035063687	105.98935914039612	1344521.551910133	100.27158212661743	1343677.7588953394	87.94247341156006	1342920.3401921482	
91.21724033355713	1343522.5555675717					79.5204529762268	1335354.6306255113	92.9999520778656	1344075.2941484938			111.52452945709229	1343345.3396547758	106.01636528968811	1344494.9230044205	100.2872564792633	1343672.9950880543	87.95848536491394	1342852.1972038427	
91.24226260185242	1343528.0878581426					79.53346228599548	1335339.8916021353	93.02297163009644	1344074.9411858607			111.53958368301392	1343263.6313799112	106.0418484210968	1344521.2877017793	100.29977416992188	1343709.271923413	87.97255635261536	1342863.0113044414	
91.26727867126465	1343512.029344178					79.54647588729858	1335368.3711474303	93.0490574836731	1344076.185140401			111.55422854423523	1343251.0881625023	106.07443356513977	1344527.5000396336	100.31421732902527	1343640.2797668893	87.98755860328674	1342853.7933531778	
91.2975332736969	1343492.5849424254					79.56019639968872	1335368.1813467639	93.07359218597412	1344093.6457984615			111.56878590583801	1343260.1642348298	106.10230302810669	1344521.5825765445	100.32791900634766	1343627.6763577291	88.00557589530945	1342848.357887714	
91.3260612487793	1343503.5166345285					79.57521724700928	1335369.7150566794	93.09910821914673	1344074.0066890647			111.58515644073486	1343262.0899745154	106.13430094718933	1344445.1644798326	100.34143209457397	1343529.4899529063	88.02367234230042	1342836.7421455004	
91.35110092163086	1343506.3611743872					79.59019422531128	1335291.09497149	93.12465357780457	1344068.437361241			111.5991644859314	1343248.2196381968	106.1623306274414	1344430.2889504342	100.35417604446411	1343542.8649262183	88.03768992424011	1342817.4243268399	
91.37707138061523	1343503.473321652					79.60311961174011	1335265.4753031747	93.15269088745117	1344072.4444318635			111.61577224731445	1342947.4326639357	106.19078493118286	1344017.632099359	100.36982679367065	1343540.0488581823	88.05217170715332	1342819.1815598852	
91.40510869026184	1343497.5032164091					79.61653733253479	1335269.6092346753	93.17770648002625	1344084.3429697284			111.63289427757263	1342964.4812910545	106.21656227111816	1344140.978923478	100.3858437538147	1343536.3144802751	88.06585788726807	1342818.4825483956	
91.43113207817078	1343508.5065305894					79.63079762458801	1335327.419999736	93.20323014259338	1344066.258429794			111.64795565605164	1342960.9633834052	106.24174737930298	1344146.2563530044	100.40037178993225	1343546.9838958608	88.07936096191406	1342816.076005095	
91.46215867996216	1343511.0424871033					79.64581632614136	1335363.6387272167	93.22792792320251	1344061.0351629155			111.66347169876099	1342986.690729455	106.27160358428955	1344146.2528261314	100.41318964958191	1343555.650306571	88.09237837791443	1342823.3088360184	
91.4868597984314	1343530.566628409					79.66182899475098	1335349.6930311809	93.25213694572449	1344012.3153700854			111.67698311805725	1343037.5245077345	106.29909944534302	1344112.6086195463	100.42727303504944	1343072.9488412363	88.1063883304596	1342816.1460622216	
91.50788116455078	1343553.985718917					79.67584085464478	1335276.1095790996	93.28165864944458	1344010.958728275			111.69048929214478	1343015.6553807738	106.32590579986572	1344123.2767665142	100.43978071212769	1343124.981157301	88.1209864616394	1342831.900305638	
91.53841018676758	1343547.377787456					79.69049978256226	1334951.923403519	93.30790424346924	1344278.1270326376			111.70533990859985	1343024.8183713327	106.35795044898987	1344129.8245491402	100.45429301261902	1343180.5981377575	88.13564538955688	1342806.8009143493	
91.56315183639526	1343549.6412018447					79.70497465133667	1334952.6990198123	93.33542847633362	1344329.0717734757			111.7200756072998	1343078.6098767363	106.3850793838501	1344172.6144472463	100.46830821037292	1343145.3911909927	88.1506564617157	1342886.40037151	
91.5941801071167	1342577.1680954397					79.71948170661926	1334998.5077212807	93.36146211624146	1344334.3873467683			111.73474597930908	1343210.7802326584	106.41259479522705	1344179.100346293	100.48082447052002	1343148.3864600237	88.16516423225403	1342905.3601819274	
91.6267204284668	1342587.3706053311					79.7325005531311	1335006.4529734626	93.38647747039795	1344083.6141450452			111.7507574558258	1343210.9783349237	106.43808197975159	1344209.1360252518	100.49433279037476	1343152.0751522242	88.17817211151123	1342921.8203280203	
91.65077757835388	1342590.0457807342					79.74651312828064	1334966.1063783676	93.41099786758423	1344131.7497329288			111.76576733589172	1343220.8800124621	106.46410846710205	1344197.1298888037	100.51035332679749	1343149.5592174223	88.1926863193512	1342911.727964875	
91.67782020568848	1342573.8954811888					79.7617757320404	1334964.856014219	93.43452286720276	1344132.0645726945			111.78177833557129	1343225.5763900676	106.49062323570251	1344238.5719222724	100.5259017944336	1343127.6978140844	88.20765089988708	1342901.7836695425	
91.7033166885376	1342530.5348440397					79.77528643608093	1335350.1476362427	93.45866584777832	1344141.117115656			111.79613852500916	1343208.076050216	106.51869702339172	1344242.1388188924	100.53912448883057	1343129.4628975838	88.22382831573486	1342904.1361051213	
91.72665476799011	1342503.433635685					79.79429888725281	1335348.413108248	93.48318982124329	1344093.2728738443			111.8111641407013	1343194.4993671344	106.54462051391602	1344058.2163117956	100.55353665351868	1343110.1064225268	88.23783779144287	1342879.9156418424	
91.74767351150513	1342472.821841039					79.82081270217896	1335358.4306937964	93.50881624221802	1344090.223110802			111.82567858695984	1343205.5839909795	106.57374358177185	1343771.3799760484	100.56799149513245	1343118.031111854	88.25285601615906	1342873.8483580907	
91.77453351020813	1342482.2007826765					79.8393292427063	1335362.8587816507	93.53133797645569	1344063.3103896116			111.84205269813538	1343688.979847164	106.59935069084167	1343794.9862207735	100.58270478248596	1343256.2521772496	88.26752948760986	1343123.1290942482	
91.80157017707825	1343752.4994914143					79.86235642433167	1335333.3381928196	93.55586171150208	1344080.4625583182			111.85606265068054	1343208.3641320588	106.63195252418518	1343783.0872776818	100.59672522544861	1343260.3419698444	88.28203988075256	1343141.671993151	
91.83560061454773	1343737.225895637					79.89187502861023	1335034.8074352997	93.58238792419434	1344083.8776005746			111.87057876586914	1343212.3719804464	106.66111826896667	1343741.0989638013	100.60975241661072	1343255.3640478186	88.29654693603516	1343152.142367577	
91.86563110351562	1343681.1185028171					79.91389656066895	1335029.2487275372	93.60740256309509	1344078.4580385275			111.88537931442261	1343188.941375	106.6941430568695	1344058.7888039434	100.62637543678284	1343252.4422318742	88.31055808067322	1343183.4466558695	
91.89004683494568	1343684.0892895947					79.93690991401672	1334981.7464714432	93.63092470169067	1344080.6309743042			111.89988350868225	1343223.3957354035	106.72651767730713	1344076.2759708837	100.64109969139099	1343307.5846114524	88.32507586479187	1343188.4857172277	
91.91806864738464	1343664.3874002716					79.96294498443604	1334991.6348785495	93.65477275848389	1344109.3234538632			111.91455602645874	1343182.952339147	106.7551064491272	1344081.690955396	100.6546061038971	1343310.942495065	88.3385808467865	1343191.6437988887	
91.94514298439026	1343689.4435341484					79.98645639419556	1335146.4049507577	93.67678666114807	1344105.3230565952			111.92922067642212	1343184.8841042237	106.78236675262451	1344026.175012747	100.66862607002258	1343312.2556992192	88.35359406471252	1342971.588739286	
91.97067832946777	1343362.1643611873					80.0084707736969	1335166.624993102	93.69869303703308	1344120.2529925148			111.94387364387512	1343166.1193718435	106.8103837966919	1344042.542667353	100.68315649032593	1343292.9014469995	88.36760449409485	1342953.8607927733	
91.99320411682129	1343371.6062416974					80.03512263298035	1335164.2994424356	93.72585272789001	1344298.81780958			111.95988965034485	1343137.3671386712	106.84036827087402	1344033.4327976503	100.69709086418152	1343297.3721224328	88.38411784172058	1342933.8372892304	
92.01855039596558	1343379.5691284535					80.05463886260986	1335160.0248676627	93.74987697601318	1344313.0745287135			111.9738986492157	1343137.1250045027	106.86457419395447	1344051.8781847295	100.7122573852539	1343301.3416980612	88.39904713630676	1342941.0025030323	
92.04257822036743	1343382.7111372259					80.08064913749695	1335143.9557480284	93.77389574050903	1344312.472394303			111.98857069015503	1343134.8990150476	106.88777565956116	1344052.4121265113	100.72795343399048	1343293.6098821578	88.41471219062805	1342942.9292603233	
92.06760954856873	1343395.0878103436					80.10516428947449	1335137.4211833817	93.80041480064392	1344322.616108562			112.00330662727356	1343112.0524783265	106.91179728507996	1344059.176521938	100.74230933189392	1343215.596811786	88.4279727935791	1342950.5656972933	
92.09333992004395	1343073.920344476					80.1281750202179	1335215.3172075655	93.8264307975769	1344304.8769485059			112.01916742324829	1343103.7023432544	106.94065141677856	1344039.4728250713	100.75671720504761	1343240.2744777452	88.44149374961853	1342948.6563875196	
92.11736249923706	1343081.6546800192					80.15270018577576	1335213.7636145502	93.85233759880066	1344306.8029566424			112.03570365905762	1343119.0342808145	106.9678955078125	1344033.5203116175	100.77295017242432	1342752.5564904965	88.45699977874756	1342877.66316243	
92.14311480522156	1343079.400249461					80.17539381980896	1335140.2981210982	93.87635016441345	1344280.576709545			112.04929089546204	1343142.9863494085	106.99366974830627	1344034.9990376346	100.7869701385498	1342747.560373598	88.4735803604126	1342864.50510577	
92.16932225227356	1343076.2528370277					80.19940829277039	1335160.7737622482	93.9013819694519	1344294.5333333085			112.06341361999512	1343143.1110780458	107.01918148994446	1344025.3509499298	100.8014805316925	1342652.310008124	88.48710131645203	1342872.3204234065	
92.19736409187317	1343048.8723876996					80.22317147254944	1335154.5101731888	93.92611980438232	1344288.3703834827			112.07794737815857	1343133.6067836967	107.0476667881012	1344035.3829331277	100.81470465660095	1342658.8777421736	88.50061869621277	1342812.0979756468	
92.22181868553162	1343063.70755045					80.24435997009277	1335156.1199249	93.94863867759705	1344298.7934229155			112.09346842765808	1343158.705832626	107.07118844985962	1343750.9389380787	100.82733130455017	1342477.704723577	88.51404094696045	1342786.3179095741	
92.24473810195923	1343086.7105740511					80.26837730407715	1335075.7645834063	93.9711594581604	1344246.2907461752			112.10747814178467	1343173.665194532	107.09677839279175	1343752.2913742946	100.84092044830322	1342484.8740337393	88.52804899215698	1342791.8225306992	
92.26774716377258	1343409.7966813105					80.29390525817871	1335034.7254384826	93.99517560005188	1344252.0805407455			112.12065124511719	1343271.0729397356	107.11812281608582	1343730.24428126	100.8551573753357	1342435.4971525238	88.54156136512756	1342769.2527571735	
92.29132747650146	1343403.737044491					80.31691837310791	1335042.984804749	94.01978015899658	1344031.0949166447			112.134850025177	1343291.3993401204	107.14384722709656	1343742.20903532	100.86921262741089	1342605.2020633216	88.55657148361206	1342767.8048317714	
92.31599068641663	1343429.3998712723					80.34094071388245	1335031.0901981362	94.04582786560059	1344038.7321385			112.14935231208801	1343292.3697481307	107.16886448860168	1343753.982993999	100.88185715675354	1342594.9731237222	88.57715630531311	1342765.9249313402	
92.34201836585999	1343426.731687812					80.36297965049744	1334960.2596006175	94.06884145736694	1344053.5124697788			112.16536903381348	1343302.1518549756	107.19334936141968	1343714.1000893218	100.89580535888672	1342561.5390615084	88.60418653488159	1342761.9317427303	
92.3667221069336	1343416.0880579636					80.38398909568787	1334923.4236810063	94.09537291526794	1344071.5064697892			112.17887473106384	1343324.2553950606	107.2188732624054	1343707.0759864782	100.91132855415344	1342920.0653197323	88.62442111968994	1342799.581047445	
92.39924478530884	1343420.1500890884					80.40500235557556	1334926.21097383	94.12219285964966	1344064.6176840172			112.19338822364807	1343319.4004616104	107.24569725990295	1343724.2918907239	100.92772626876831	1342914.6464347758	88.64743614196777	1342828.5545503094	
92.42627143859863	1343424.4787483364					80.42975902557373	1334947.596063205	94.15122318267822	1344065.4152449646			112.20840764045715	1343319.0350071732	107.27071619033813	1343740.7696577127	100.94136834144592	1342910.636605568	88.67263054847717	1342818.8592028974	
92.44930148124695	1343433.0143826115					80.4529914855957	1334963.7564772754	94.17423725128174	1344343.8539745926			112.22192239761353	1343328.2564832233	107.29817533493042	1343718.3844207418	100.95459485054016	1342923.1618531544	88.70377135276794	1342818.462574509	
92.4805703163147	1343434.1785296665					80.47900247573853	1334980.170696835	94.20076012611389	1344325.8322027975			112.23643803596497	1343331.1061219922	107.32035970687866	1343776.0956146747	100.96966910362244	1342920.7251427742	88.72786593437195	1342844.2644428494	
92.50560235977173	1343442.6858081224					80.50252413749695	1335001.9717339594	94.22477650642395	1344328.2775854405			112.24916172027588	1343314.3699909956	107.34661388397217	1343747.3357607585	100.98317980766296	1342921.0783838653	88.7483811378479	1342843.5677127754	
92.53312683105469	1343456.8011890356					80.5285382270813	1335021.8048000624	94.24960708618164	1344299.559578689			112.26344299316406	1343311.9067799882	107.3738477230072	1343752.7845936522	100.99719786643982	1342922.466181334	88.77240371704102	1342669.1366374248	
92.55886816978455	1343138.1631422099					80.55056142807007	1335027.4877302845	94.2749981880188	1344326.4399252571			112.27894997596741	1343633.9160718306	107.39934825897217	1343759.2922555143	101.01157307624817	1342927.557301342	88.79442572593689	1342672.4078300386	
92.58593845367432	1343134.4166214496					80.57809948921204	1335028.4118584145	94.29860758781433	1344321.434673944			112.29346323013306	1343861.6026820266	107.42187166213989	1343773.7894209325	101.02678966522217	1342890.6093005524	88.816077709198	1342685.5020073783	
92.61647629737854	1343137.8240015681					80.60011553764343	1335028.1561898536	94.32329773902893	1344318.8986305986			112.30797243118286	1343857.2104343353	107.44484496116638	1343814.435327531	101.03929781913757	1342920.0538987035	88.84284472465515	1342680.9520259704	
92.642005443573	1343090.213408401					80.62084460258484	1335026.5451524118	94.34881925582886	1344322.8163861455			112.32195496559143	1343899.6018265635	107.47265386581421	1343807.0540402383	101.05380749702454	1342925.2944540004	88.8671202659607	1342671.6940478645	
92.66551947593689	1343091.4208706242					80.6440200805664	1335025.38567329	94.37534403800964	1344361.6218899277			112.34062051773071	1343902.919656604	107.49884486198425	1343789.6870573508	101.07187843322754	1342925.579138347	88.88163590431213	1342647.7702691779	
92.68779039382935	1343102.6075253342					80.66607856750488	1334988.9287474032	94.39986085891724	1344358.260399926			112.35913681983948	1343903.8527947993	107.52509236335754	1343791.1101536956	101.084388256073	1342908.3488381538	88.89764761924744	1342653.20645259	
92.71380996704102	1343112.213880739					80.69109225273132	1334987.8926560525	94.42387914657593	1344347.3714143177			112.37965869903564	1343915.049835544	107.54735255241394	1343789.4694718355	101.09840750694275	1342939.2680626458	88.91251111030579	1342656.3541700637	
92.74033689498901	1343180.0612239859					80.71694850921631	1334720.4492533153	94.45307183265686	1344567.103870176			112.39817476272583	1343925.7584414936	107.57185482978821	1343791.0849068975	101.11191701889038	1342875.4715929413	88.931711435318	1342711.175025609	
92.77057552337646	1343183.775160617					80.73696422576904	1334724.4798487234	94.47908616065979	1344544.482505965			112.41369867324829	1343915.6020942354	107.59684491157532	1343786.6933125525	101.12649583816528	1342875.292256709	88.94572401046753	1342652.168725157	
92.7955973148346	1343200.904956818					80.76222705841064	1334725.1834689523	94.50261807441711	1344474.545231865			112.43423199653625	1343910.2435390477	107.62380027770996	1343804.8177379398	101.14001655578613	1342869.2057119096	88.9597373008728	1342638.881782849	
92.81962752342224	1343271.181578446					80.78623938560486	1334995.9360394415	94.52732920646667	1344471.4174456615			112.45439052581787	1343910.88720675	107.64770150184631	1343839.4482938836	101.15325236320496	1342835.2817704557	88.97424960136414	1342641.887892231	
92.84766435623169	1343284.9646678343					80.81175684928894	1335000.110913615	94.55237150192261	1344437.9785562481			112.47490906715393	1343952.5487721954	107.67343783378601	1343844.7086060117	101.1680428981781	1342851.12123685	88.98893857002258	1342642.724889836	
92.87577843666077	1343289.160135702					80.83542823791504	1335017.3835596219	94.57688093185425	1344619.7504109817			112.4944212436676	1343959.381462469	107.69811582565308	1343836.206676976	101.18221640586853	1342863.1785621806	89.00801277160645	1342740.5265626947	
92.90048933029175	1343280.344823513					80.85795402526855	1334852.5658163587	94.60246109962463	1344718.3978508029			112.51243901252747	1344054.6281472761	107.720694065094	1343838.5669229287	101.19720363616943	1343197.737735899	89.02202415466309	1342760.4123832139	
92.92417240142822	1343224.1336773578					80.88247227668762	1334850.6715968016	94.62998795509338	1344707.9961452996			112.52508807182312	1343960.2182903094	107.7468330860138	1343838.7557668106	101.21171498298645	1343131.9718175884	89.03780555725098	1342721.691007045	
92.94619107246399	1343211.328392036					80.89798140525818	1334849.4780482808	94.65470552444458	1344703.4131641753			112.53920865058899	1344230.7215332254	107.77099585533142	1343830.8949741635	101.22800326347351	1343109.6814532708	89.05216431617737	1342718.172111661	
92.96986651420593	1343212.3677489858					80.910489320755	1334849.5793046474	94.67772102355957	1344493.8193338322			112.55472707748413	1344222.249841916	107.79935193061829	1343822.9609851362	101.2435131072998	1343130.0156648392	89.06642150878906	1342739.1751392484	
92.99988675117493	1343215.1470030677					80.92450404167175	1334847.6168660577	94.70024037361145	1344487.7009830333			112.56973624229431	1344229.2404361684	107.82237339019775	1343801.5173304642	101.25752902030945	1343135.028947467	89.08282041549683	1342736.5625208695	
93.02642059326172	1343158.2445306445					80.93900942802429	1334817.8748015233	94.72684478759766	1344496.9878700238			112.58374333381653	1344223.0670687482	107.84684419631958	1343803.050089251	101.2718939781189	1343133.2638576191	89.09767603874207	1342739.3855655973	
93.05344533920288	1343122.3246794483					80.95269107818604	1334942.4728139925	94.75328469276428	1344427.3937131471			112.59675741195679	1344221.8276521135	107.87152290344238	1343790.4298202184	101.28699851036072	1343140.103347884	89.11711764335632	1342746.0666637889	
93.08398151397705	1343164.755899893					80.96819949150085	1334941.4566446978	94.7783055305481	1344446.1710695692			112.6092643737793	1344223.2044039122	107.8964192867279	1343742.0460018865	101.30034065246582	1343136.5918235427	89.13363647460938	1342742.8458948194	
93.11163568496704	1343137.4398829439					80.98170375823975	1334995.1863554248	94.80452919006348	1344446.1659062868			112.62377858161926	1344244.6518919566	107.92146110534668	1343701.9768349847	101.31635069847107	1343162.2751459298	89.14914917945862	1343339.9647153937	
93.13572788238525	1343135.593463278					80.99471879005432	1335008.0889631826	94.83004665374756	1344455.7916285044			112.63980078697205	1344244.6479709975	107.94714593887329	1344550.1227984214	101.33049845695496	1343173.7394237113	89.16666340827942	1343340.0193311814	
93.16297054290771	1343124.0127634273					81.00922417640686	1335013.3688191406	94.85824537277222	1344444.9164850805			112.65347170829773	1344238.1924916718	107.97188520431519	1344558.2412308604	101.34401321411133	1343135.9176795695	89.18792700767517	1343235.6202823122	
93.18949341773987	1343140.6998322874					81.0237512588501	1335038.6725009342	94.8817675113678	1344447.5519332506			112.66748452186584	1344197.3669356543	107.99833583831787	1344562.7081469987	101.35740518569946	1343138.2767817385	89.20843839645386	1343253.829920127	
93.21664547920227	1343105.6938158842					81.03838801383972	1334787.4024554917	94.90610980987549	1343748.2791030356			112.68399810791016	1344201.9355820366	108.02496457099915	1344569.1422391841	101.37220311164856	1343128.4065580587	89.22463393211365	1343254.1274372947	
93.24167513847351	1343107.7079798614					81.05293250083923	1334787.4918616544	94.93025350570679	1343354.0169486224			112.69800734519958	1343252.6436046697	108.04966139793396	1344569.1397536946	101.38477802276611	1343128.4881737796	89.23712849617004	1343253.347322511	
93.2697205543518	1343111.3873534994					81.0674376487732	1334757.3649279973	94.9537763595581	1343316.6850633328			112.7127206325531	1343297.9553842547	108.07585668563843	1344577.0397524564	101.40073776245117	1343143.0109187986	89.25114059448242	1343252.6078742633	
93.29499506950378	1343096.7117663247					81.08345866203308	1334927.8229485794	94.97879076004028	1343341.1425436805			112.72644710540771	1343313.8003961649	108.10336470603943	1344580.871735027	101.41626024246216	1343038.449093819	89.27031564712524	1343268.0639956808	
93.32053279876709	1343154.8895241588					81.09896349906921	1334944.580105347	95.00431180000305	1343383.1282123113			112.73996496200562	1343347.2597461059	108.1278977394104	1344558.7790416342	101.43002605438232	1343055.286543317	89.28583359718323	1343256.8667061003	
93.3445508480072	1343149.6591495185					81.11497712135315	1334848.3205980074	95.02632689476013	1343366.5980836814			112.75368857383728	1343367.9812468656	108.1548388004303	1344517.6613453836	101.44576001167297	1343053.0277911432	89.29884195327759	1343268.4890521788	
93.3680968284607	1343150.9492119965					81.12948274612427	1334858.392897227	95.05249309539795	1343469.172252921			112.76819944381714	1343370.8588689251	108.18236756324768	1344549.3795796484	101.4597909450531	1343059.7285510276	89.31285572052002	1343287.1525499802	
93.39612054824829	1343171.8498380736					81.14449954032898	1334825.1802965666	95.07750606536865	1343119.7008857056			112.78422236442566	1343355.7643683827	108.2113995552063	1344556.3638969683	101.47429633140564	1343048.3683602014	89.33016085624695	1343318.779270884	
93.4252781867981	1343172.1402387707					81.15669798851013	1334826.6481318264	95.10102963447571	1343106.7126258325			112.79798412322998	1343320.4604910125	108.23926019668579	1342544.0196395973	101.48831844329834	1343079.0480725272	89.34617018699646	1343310.7872774473	
93.4467978477478	1343169.813821986					81.17020344734192	1335181.8279146762	95.12526178359985	1343075.8610336678			112.81200528144836	1343086.9450307703	108.2645251750946	1342526.9532081967	101.50187158584595	1343055.3701242493	89.36018490791321	1342751.5731361592	
93.47333121299744	1343113.7823496843					81.18522024154663	1335150.0497826517	95.14978241920471	1343090.400524032			112.8285276889801	1343083.2604382366	108.28805017471313	1342525.4056793854	101.51588249206543	1343112.3491422592	89.37588596343994	1342758.8031121078	
93.50266456604004	1343099.2141756008					81.19972968101501	1335130.4934471853	95.17630338668823	1343079.3972025998			112.84235525131226	1343052.7429809396	108.31357431411743	1342525.4062228329	101.52999234199524	1343113.4631888785	89.39190649986267	1342750.8897607229	
93.53168749809265	1343117.3276368713					81.2154643535614	1335153.4457511574	95.20133233070374	1343192.4384107362			112.85836982727051	1343060.384282216	108.33933591842651	1342527.3779284172	101.54451036453247	1343102.4988569648	89.4069185256958	1342752.6337476936	
93.55821704864502	1343127.7140420456					81.22847771644592	1335169.7878425673	95.22785687446594	1343177.0353266762			112.8723816871643	1343053.868015685	108.36710357666016	1342548.9857463134	101.55809688568115	1343104.0214428173	89.42111206054688	1342763.5131187807	
93.58345007896423	1343189.2443881468					81.24611735343933	1335182.1614140228	95.25305771827698	1343182.580667759			112.88690233230591	1343015.207673397	108.3906180858612	1342556.3232808805	101.57324457168579	1343169.115189606	89.4356198310852	1342755.6990980057	
93.61048102378845	1343218.2692219664					81.25915551185608	1335181.4607472336	95.27907252311707	1343123.958126739			112.90291428565979	1343031.934029001	108.41540861129761	1342569.446391084	101.58647346496582	1343182.7493385365	89.45113563537598	1342739.8801959099	
93.6340024471283	1343227.4999548492					81.27517247200012	1335193.0209379084	95.30410313606262	1343102.1558513867			112.92014408111572	1342920.8694573413	108.44068956375122	1342556.6497657646	101.60012698173523	1343186.4622513177	89.46535587310791	1342738.0697719743	
93.6565272808075	1343176.5459076867					81.29518723487854	1335099.6218594909	95.3313775062561	1343072.511170074			112.93435645103455	1342925.0843709006	108.46494245529175	1342556.799740827	101.61444926261902	1343181.351219361	89.47836494445801	1342745.56760165	
93.68155670166016	1343173.5331309258					81.31620144844055	1335095.2959518335	95.35620331764221	1343084.554107106			112.94850564002991	1342875.6110264221	108.48889136314392	1342518.101870315	101.63098645210266	1343170.2368049638	89.49600410461426	1342745.7239735464	
93.72429990768433	1343233.9706416938					81.33721494674683	1335105.8347772262	95.38377666473389	1343371.9150129862			112.96403121948242	1342871.0525975663	108.51473736763	1342524.9937071756	101.64599871635437	1343197.0182365628	89.51251912117004	1342745.7811173853	
93.74731254577637	1343239.9234432215					81.35524249076843	1335000.127236485	95.40979027748108	1343378.5033829573			112.97854351997375	1343126.7850255114	108.542489528656	1342550.7737550896	101.6595106124878	1343771.8257988472	89.52461767196655	1342839.0735275678	
93.77635431289673	1343242.7541572077					81.37790274620056	1334978.6261125265	95.4343159198761	1343373.4243888292			112.9917094707489	1343136.291242285	108.56945848464966	1343735.4990810866	101.67402410507202	1343774.4460659523	89.53862929344177	1342846.1299357386	
93.80038332939148	1343248.0152446572					81.39891982078552	1334648.1003230354	95.4569673538208	1343398.201391452			113.00672650337219	1343801.6288638113	108.59584999084473	1343727.5518485687	101.68952584266663	1343777.020487281	89.55063986778259	1342858.1275248267	
93.82442307472229	1343254.3340264421					81.41493320465088	1334974.3532201806	95.4814944267273	1343850.591482358			113.02019548416138	1343703.8516323187	108.62361264228821	1343716.430143505	101.7043206691742	1343756.4113141706	89.56415820121765	1342849.4775133724	
93.84944009780884	1343239.847074122					81.43345165252686	1334971.612209181	95.50802373886108	1344014.4290949032			113.03410625457764	1343706.722201971	108.64954161643982	1343743.5644244251	101.71962332725525	1343757.479175733	89.58017563819885	1342826.049185599	
93.87296175956726	1343233.97593788					81.45219469070435	1334951.8806960227	95.53223848342896	1343472.478682404			113.04744958877563	1343701.2520691645	108.67617917060852	1343770.6538689057	101.73494100570679	1343782.64609978	89.59593749046326	1342872.6037720866	
93.89760756492615	1343223.297724533					81.47167944908142	1334952.4773241244	95.55475902557373	1343482.5323452754			113.06096148490906	1344028.6843768049	108.70285367965698	1343767.9704799699	101.74829244613647	1343771.6657344406	89.61089134216309	1342794.9881906335	
93.92114114761353	1343225.1431488611					81.49230933189392	1334963.779367174	95.58228302001953	1344172.5586371338			113.07545328140259	1344033.604825165	108.72822165489197	1343746.7892036326	101.7628436088562	1343783.2148949201	89.62504363059998	1342806.9957218098	
93.94265460968018	1343381.759808539					81.50881457328796	1334651.043439722	95.6083014011383	1343832.112586913			113.08810663223267	1343769.8611363703	108.75163340568542	1343764.5835489575	101.77751159667969	1343778.1614484189	89.64055061340332	1342797.4949445457	
93.9649486541748	1343389.5351800742					81.527836561203	1334372.1980588913	95.63182544708252	1343738.0261678242			113.10161304473877	1343507.3163358013	108.77886581420898	1343799.7962553478	101.79201555252075	1343793.4786464314	89.65556979179382	1342809.2262987013	
93.99254274368286	1343384.591818666					81.54685163497925	1334348.5806654186	95.65680289268494	1343720.9658617962			113.11501574516296	1343511.679303519	108.80558800697327	1343800.3212473	101.806800365448	1343796.2027036801	89.66857957839966	1342826.17739535	
94.02107214927673	1343394.4502090993					81.56961488723755	1334359.2278081242	95.68232274055481	1343724.403789488			113.12922763824463	1343510.9288682353	108.82950687408447	1343805.3781517895	101.82056260108948	1343806.8174807383	89.6835994720459	1342795.3114340187	
94.05260515213013	1343412.8563868909					81.58663415908813	1334359.5439301531	95.707843542099	1343739.47756901			113.14367437362671	1343511.679964655	108.853919506073	1343757.2437365511	101.8366060256958	1343902.89161384	89.70010709762573	1342805.8183875787	
94.07962584495544	1343409.9604710466					81.60666036605835	1334343.0588060182	95.73304533958435	1343973.509194456			113.15718150138855	1343523.7707914545	108.87774276733398	1343756.7939428505	101.85287666320801	1343894.5016072786	89.71825075149536	1342819.5142193148	
94.11245894432068	1343401.9435247083					81.62717866897583	1334349.8196016015	95.75656199455261	1344013.5100089107			113.17119026184082	1343527.1789474364	108.90176701545715	1343764.1466110216	101.86789631843567	1343872.8793140715	89.73625874519348	1342830.7122829617	
94.14660263061523	1343401.0723121397					81.64492082595825	1334362.7308733047	95.7840826511383	1344027.0601015543			113.18470478057861	1343535.0815144242	108.92848229408264	1343761.4426600428	101.88185453414917	1343884.780638984	89.76050019264221	1342792.094226088	
94.17184805870056	1343404.482263597					81.66608357429504	1334365.9615823212	95.80709910392761	1344436.7409353047			113.19920611381531	1343462.7938646788	108.95238614082336	1343764.8565858528	101.89598798751831	1343879.057932907	89.78151106834412	1342800.8722415639	
94.20950865745544	1343398.426160449					81.68596911430359	1334345.3469416262	95.83461904525757	1344431.0220822555			113.2137176990509	1343469.4638016135	108.98041272163391	1343838.299637102	101.90997743606567	1343860.9831161932	89.80153346061707	1342807.6198671553	
94.24554181098938	1343394.8748658148					81.70398473739624	1334344.4872526692	95.86115384101868	1344497.7552012652			113.22623467445374	1343474.833903631	109.0084376335144	1343794.3497433572	101.92641186714172	1343851.8169654598	89.82916760444641	1342810.4725738403	
94.28158783912659	1343395.6970230993					81.72250270843506	1334299.7591730328	95.89017033576965	1344580.6600273703			113.24042010307312	1343516.2419894028	109.0345242023468	1343784.5983953658	101.94191145896912	1343862.6795241674	89.84267854690552	1342817.000117804	
94.31301426887512	1343381.9331262729					81.74070191383362	1334304.0362872914	95.91985177993774	1344599.256610916			113.25493025779724	1343498.8991373356	109.0592873096466	1343796.6557390827	101.95803880691528	1343896.1299231322	89.85768914222717	1342843.0813409982	
94.34116268157959	1343243.1351275905					81.7614254951477	1334299.9137134587	95.94489288330078	1344614.1497668354			113.26743817329407	1343512.0944772463	109.08515477180481	1343785.6943580105	101.97055125236511	1343905.3344683624	89.87182950973511	1342824.1051128453	
94.37037563323975	1343251.058338884					81.77844762802124	1334286.355493131	95.97241353988647	1344612.895447615			113.28144574165344	1343419.0951787431	109.10778999328613	1343780.4009501918	101.98556876182556	1343921.3610109019	89.88734316825867	1342846.3007094373	
94.40391373634338	1343289.094340231					81.7984631061554	1334277.4656272714	95.99542760848999	1344623.3615407483			113.29696393013	1343403.598799753	109.13478088378906	1343788.1140563106	101.99957323074341	1343904.9503724102	89.90135717391968	1342851.9813586045	
94.43753147125244	1343299.7342739927					81.81347513198853	1334276.5768494692	96.01994442939758	1344639.7292148778			113.31248021125793	1343398.4816272582	109.15879368782043	1343930.2611623532	102.01307964324951	1343930.8443983253	89.91436696052551	1342855.9719752558	
94.47561025619507	1343280.3999868678					81.83315420150757	1334219.5911947337	96.04467678070068	1344620.6479348878			113.32692456245422	1343371.6253923215	109.18531537055969	1343935.1283895182	102.02695202827454	1343944.7240202136	89.92837500572205	1342855.5548019325	
94.50799679756165	1343275.847282688					81.8518579006195	1334242.0666437484	96.07519888877869	1344618.870868671			113.34147810935974	1343602.4005320247	109.21134042739868	1343930.2101727086	102.04319357872009	1343914.2806162562	89.94295001029968	1342860.7759470996	
94.54102730751038	1343273.213564956					81.87068676948547	1334265.8549830895	96.10071849822998	1344529.3351660417			113.35661911964417	1343577.8970725853	109.24179768562317	1343900.6975914903	102.05721545219421	1343920.127444875	89.95645475387573	1342861.5724000381	
94.5675139427185	1343435.734586069					81.88870310783386	1334239.1348590248	96.12695860862732	1344421.703574258			113.37121105194092	1343617.382416884	109.26735305786133	1343920.4731028723	102.07173871994019	1343916.421647206	89.97096848487854	1342858.176588178	
94.60055422782898	1343454.5179669855					81.90935754776001	1334160.3224510981	96.1504774093628	1344415.6874170995			113.38372349739075	1343623.8850232142	109.29137706756592	1343929.6008252497	102.08430910110474	1343920.550413358	89.98637533187866	1342848.2419647218	
94.63459348678589	1343445.3697868092					81.92736959457397	1334143.132918446	96.17449402809143	1344419.1345850413			113.39788866043091	1342774.9775338732	109.32139658927917	1343931.5280783044	102.09834671020508	1343931.3399394106	90.00143623352051	1342851.9939512308	
94.66010808944702	1343451.2200851808					81.9483871459961	1334193.7283988155	96.19750714302063	1344415.8800495956			113.41190123558044	1342776.4259269172	109.34525632858276	1343925.8249721795	102.11234998703003	1343906.81642692	90.01495313644409	1342881.7601615076	
94.68813848495483	1343453.9061595318					81.9671721458435	1334220.9596953234	96.22003269195557	1344423.687763869			113.42592024803162	1342777.4923378206	109.36777305603027	1343913.1058838451	102.1258692741394	1343905.6199434388	90.02818894386292	1342892.766169947	
94.71652793884277	1343465.2593514875					81.98518657684326	1334234.652497328	96.24570059776306	1344515.5266604715			113.43994903564453	1342881.4558119935	109.39524412155151	1343915.7522782744	102.14202094078064	1343936.4624251542	90.04144477844238	1342889.800783575	
94.75607061386108	1343250.28543914					82.00520515441895	1334217.701564583	96.27322936058044	1344492.9656876514			113.45366477966309	1342466.7631816233	109.41876196861267	1343923.9630831294	102.15640139579773	1343937.1393226571	90.05471014976501	1342898.2190138176	
94.78760004043579	1343248.3652346714					82.0243546962738	1334208.5493209108	96.29824352264404	1344477.3234768705			113.46818161010742	1342459.464893916	109.44728517532349	1343828.5422480798	102.17091798782349	1343874.2280346956	90.06797695159912	1342903.1204556455	
94.82764959335327	1343330.2569494178					82.04097151756287	1334215.9708769743	96.32339882850647	1344467.4160236171			113.48200631141663	1342472.7419547932	109.47415041923523	1343841.1900364745	102.18494081497192	1343856.1790102618	90.08249402046204	1342905.1088482798	
94.85712218284607	1343333.5727840066					82.05796384811401	1334234.8617295173	96.34996485710144	1344471.6211523488			113.49480700492859	1342474.188887589	109.5013256072998	1343753.0754992855	102.19796347618103	1343864.0173768853	90.09650468826294	1342888.3546668466	
94.88865518569946	1343346.5921400443					82.07697534561157	1334246.9995761735	96.37353277206421	1344474.2566775149			113.50777506828308	1342480.7738653733	109.52484798431396	1343641.7365717604	102.20947098731995	1343864.1268202749	90.10951662063599	1343220.556607554	
94.91792559623718	1343341.4668391517					82.09550929069519	1334257.944295838	96.39805316925049	1344481.8223665105			113.52216911315918	1342484.9754724433	109.5533459186554	1343657.9516447294	102.22348928451538	1343926.5835434988	90.1232922077179	1343192.94923226	
94.9504656791687	1343318.5444806786					82.11452126502991	1334371.381637997	96.42258334159851	1344495.0176642784			113.53651595115662	1342814.5279279777	109.58036470413208	1343657.1675995484	102.23802137374878	1343826.5981480372	90.13630223274231	1343207.759463726	
94.97808814048767	1343310.07850799					82.13353037834167	1334369.2701214873	96.44611692428589	1344555.6734742704			113.550537109375	1342690.9381205863	109.60891103744507	1343588.6050635164	102.25211143493652	1343836.1053988114	90.14881610870361	1343221.6722530306	
95.00210046768188	1343336.852241889					82.15004062652588	1334368.5121586928	96.47134327888489	1344548.9298303095			113.56664109230042	1343749.172462035	109.634929895401	1343597.2534864838	102.26461839675903	1343820.896363326	90.16433143615723	1343221.4246124614	
95.0261459350586	1343333.0791671535					82.1690878868103	1334328.99954098	96.49535918235779	1344580.1302181408			113.58364272117615	1343747.4610779346	109.65831780433655	1343595.2725214977	102.2786192893982	1343535.3791063048	90.17683529853821	1343239.7403529526	
95.05120706558228	1343346.8632805943					82.18910598754883	1334332.6837054943	96.52138686180115	1344571.2479581486			113.59706783294678	1343751.150092873	109.68540096282959	1343593.5729692276	102.29312753677368	1343535.4107194708	90.19088673591614	1343249.8739343868	
95.0757384300232	1343310.2974132407					82.21262335777283	1334309.358435318	96.54640078544617	1344564.8832435291			113.61207914352417	1343745.8552762067	109.7168197631836	1343586.5821693887	102.30469632148743	1343536.3879531855	90.20290350914001	1343235.2043365347	
95.1056261062622	1343335.8092033493					82.23081278800964	1334269.87266514	96.57272696495056	1344560.590182231			113.62694096565247	1344335.8042798785	109.74369740486145	1343591.257345048	102.3187825679779	1343863.352411797	90.21640968322754	1343177.9110011526	
95.13224244117737	1343335.192837506					82.25062537193298	1334269.1271463337	96.60024905204773	1344554.9085616458			113.64195775985718	1343685.2692311488	109.77472686767578	1343594.204260874	102.33182883262634	1344224.7838395322	90.2305371761322	1343174.759850778	
95.1547601222992	1343362.877452353					82.2696385383606	1334239.2293735975	96.62902283668518	1344572.4128953896			113.65807890892029	1343691.1775226125	109.80024099349976	1343604.1908926757	102.34732627868652	1343971.073833914	90.24157047271729	1343466.6139057956	
95.1812539100647	1343346.0843091386					82.29215717315674	1334254.497525365	96.65436720848083	1344599.655835662			113.67160749435425	1343668.655631587	109.82625365257263	1343602.5748015742	102.36308121681213	1343976.373788693	90.25507760047913	1343504.1231010228	
95.20828175544739	1343355.5594479286					82.31066679954529	1334328.037849307	96.67937970161438	1344586.2415770271			113.68461608886719	1343661.0607867886	109.85049390792847	1343640.1041215614	102.3775737285614	1343971.1566432195	90.27075290679932	1343484.2288453865	
95.23131203651428	1343354.7562812916					82.33119893074036	1334343.1627958815	96.70640754699707	1344604.7315368732			113.69862627983093	1343662.7982456214	109.8760085105896	1343655.0613227237	102.39109420776367	1343969.2825699223	90.28427290916443	1343497.6979978047	
95.25985383987427	1343324.9218662714					82.34721517562866	1334344.0184357471	96.73158383369446	1344624.531577613			113.71113705635071	1343680.5981120337	109.90471601486206	1343791.1214776465	102.40610527992249	1343988.7222306398	90.30078220367432	1343499.2348223452	
95.28588914871216	1343306.9744879005					82.36554789543152	1334364.5366591227	96.75410795211792	1344669.9169819625			113.7247793674469	1343674.6677103802	109.93821692466736	1343780.7294091615	102.41991949081421	1343988.0918660073	90.31596207618713	1343484.67120393	
95.31249618530273	1343453.329732677					82.38455939292908	1334384.7745027165	96.77879905700684	1344665.274676285			113.73951053619385	1343650.7562834024	109.96773767471313	1343758.8627870297	102.43395352363586	1343985.460894025	90.33046460151672	1343486.9939122535	
95.3380491733551	1343258.0965530456					82.40357375144958	1334425.3413422569	96.80722284317017	1344663.4370982072			113.75402426719666	1343643.5205389366	109.99575090408325	1343593.6496098998	102.44797277450562	1343995.2488049832	90.344473361969	1343482.241243503	
95.3628089427948	1343258.2230169296					82.42007899284363	1334432.1224155924	96.83218145370483	1344815.592298598			113.76603817939758	1343644.7607988394	110.02278661727905	1343630.2012424013	102.46363592147827	1343993.9481048612	90.35748052597046	1343470.8035357813	
95.38833594322205	1343228.0502518227					82.44279718399048	1334449.7476795348	96.85638999938965	1344818.7326288			113.77954268455505	1343644.739772971	110.05101990699768	1343621.962372122	102.47755575180054	1343990.6727787105	90.36949038505554	1343473.2423603395	
95.41687154769897	1343260.9356558234					82.46095514297485	1334450.147775053	96.8804190158844	1344813.5330391414			113.79406070709229	1343638.0735459402	110.07901072502136	1343618.1275852867	102.49105906486511	1343995.1894268428	90.38500547409058	1343216.052771334	
95.44440293312073	1343266.581844482					82.48209404945374	1334087.561682664	96.90594816207886	1344779.8138673108			113.809077501297	1343635.8548198976	110.10779356956482	1343628.1572249027	102.50448608398438	1343993.258715341	90.39851021766663	1343223.37999354	
95.4684226512909	1343262.8564407818					82.50211024284363	1334353.5932171864	96.92811989784241	1344749.5077291941			113.82459592819214	1343678.4199626374	110.13884687423706	1343638.1306390525	102.5195038318634	1343998.8651964914	90.41302680969238	1343296.5094207407	
95.49260401725769	1343228.4247345808					82.52212262153625	1334345.6582256535	96.95363926887512	1344750.7093232914			113.84112882614136	1343676.600039636	110.16339421272278	1343641.9189795668	102.53301286697388	1344020.8931493293	90.4256682395935	1343290.044857246	
95.51771783828735	1343357.2839559885					82.54463958740234	1334355.7550443753	96.97865271568298	1344585.5935012354			113.8570945262909	1343672.6556714221	110.19350075721741	1343614.9479674092	102.54862785339355	1344013.8865203215	90.43917489051819	1343241.6639665468	
95.5452527999878	1343351.7638310825					82.56084203720093	1334359.217437364	97.00617480278015	1344585.0770983328			113.87260055541992	1343709.58550022	110.21885442733765	1343605.9793923672	102.56338024139404	1344013.7877091526	90.45482182502747	1343259.1656280677	
95.57545709609985	1343353.7769832264					82.58235812187195	1334324.0088623674	97.030189037323	1344575.0347424347			113.88811659812927	1343690.8009741746	110.24805450439453	1343623.3447987435	102.57840061187744	1343998.2885909004	90.46933603286743	1343261.727146524	
95.60298109054565	1343339.6776378567					82.60337853431702	1334342.811222552	97.05498576164246	1344574.9096580753			113.90383338928223	1343707.9561992635	110.27727580070496	1343624.568179343	102.59390807151794	1343952.2493468737	90.48184728622437	1343182.0599834907	
95.63201785087585	1342785.5739828818					82.62238645553589	1334089.0387822443	97.08050417900085	1344566.9144849875			113.91792297363281	1343715.164317259	110.30184125900269	1343623.5326266899	102.6069266796112	1343955.195639001	90.50035858154297	1343151.7089824032	
95.65853214263916	1342745.2124956718					82.64206504821777	1334183.791220577	97.10352087020874	1344534.505692435			113.93175554275513	1343713.667671484	110.3278534412384	1343647.3119195376	102.62203764915466	1343962.2084386437	90.51587057113647	1343355.2005908408	
95.68455743789673	1342747.5741078504					82.65957403182983	1335047.6454926336	97.13020586967468	1344540.2425481447			113.94741773605347	1343698.6012580134	110.35437369346619	1343665.955392427	102.63700151443481	1343822.3697362104	90.52896904945374	1343358.690529589	
95.71373248100281	1342751.5907702555					82.68208765983582	1335055.6805855785	97.1582236289978	1344538.3713236118			113.96292853355408	1343675.3443237173	110.38234424591064	1343670.0137204684	102.6498966217041	1343803.9481946516	90.54248404502869	1343385.3415777716	
95.74235105514526	1342769.4927588338					82.70209765434265	1334998.813353772	97.18074631690979	1344534.505712999			113.97981595993042	1343689.237569851	110.4103651046753	1343674.0334019426	102.66521072387695	1343799.604704781	90.55749297142029	1343412.83296292	
95.76587009429932	1342781.13612862					82.72060632705688	1335000.89091936	97.20576047897339	1344550.1954553958			113.99413561820984	1343690.6508056717	110.43748068809509	1343687.8681855856	102.67775535583496	1343808.7889549567	90.5705041885376	1343464.53345366	
95.79465532302856	1342795.413524834					82.74062085151672	1334984.2594806836	97.23128294944763	1344551.2414958396			114.01002979278564	1343634.903991842	110.46157598495483	1343689.0712577393	102.69181704521179	1343808.3910673847	90.58470439910889	1343486.4403878346	
95.82119727134705	1342789.7527084146					82.75883388519287	1334992.7857820487	97.26047253608704	1344566.943208427			114.0248658657074	1343634.1966853177	110.49160242080688	1343686.5857463726	102.70611500740051	1343829.0411275318	90.60020875930786	1343387.1861237034	
95.84521770477295	1342800.7343306327					82.77985191345215	1335095.5237304072	97.28499436378479	1344567.4491654697			114.0442762374878	1343635.627892991	110.51814699172974	1343689.557826687	102.72013330459595	1343843.414655636	90.61438918113708	1343032.4073807073	
95.87024545669556	1342795.816991456					82.79786276817322	1335106.8015582392	97.3075156211853	1344572.3553420214			114.05944848060608	1343644.816935869	110.54446959495544	1343689.7184983592	102.73487639427185	1343822.6774150229	90.62689352035522	1343034.499897794	
95.89790844917297	1342797.8065459835					82.81538462638855	1335044.9198936042	97.33182120323181	1344590.7775351906			114.07296681404114	1343645.568736475	110.56942892074585	1343692.3248187283	102.74907732009888	1343960.932390327	90.6432957649231	1343034.188701122	
95.92445206642151	1342787.8110642622					82.8358085155487	1334855.5463661884	97.35583829879761	1344592.158611383			114.08709287643433	1343681.7706528543	110.59683918952942	1343605.7297773112	102.76298093795776	1343956.402524372	90.65780997276306	1343051.9944873122	
95.95156526565552	1342773.8466845076					82.8548231124878	1334800.9064609173	97.38136053085327	1344614.9816647165			114.10210514068604	1343685.3870683894	110.62786436080933	1343564.1661712641	102.77900266647339	1343950.425697475	90.67281866073608	1343063.2294952772	
95.98138642311096	1342792.5266202984					82.8738362789154	1334819.4944128555	97.40543794631958	1344552.699535889			114.11770582199097	1343670.432603793	110.65605759620667	1343569.087960246	102.79170060157776	1343601.5861574227	90.68722343444824	1343068.9543094244	
96.00704908370972	1342827.964685063					82.89134049415588	1334357.3977943233	97.43030142784119	1344558.4845940291			114.13230443000793	1343690.8322426802	110.68453454971313	1343585.178471782	102.80574774742126	1343657.113824521	90.70337200164795	1343051.7118874597	
96.03758430480957	1342834.569522002					82.90934801101685	1334369.2427747885	97.45601963996887	1344525.0929644012			114.15012717247009	1343700.179940654	110.7146246433258	1343570.3101579207	102.82085847854614	1343621.2419814763	90.71738171577454	1343043.2725611322	
96.06760597229004	1342839.0286929477					82.92735743522644	1334372.546611006	97.48254108428955	1344530.2793293686			114.16663384437561	1343690.9610900197	110.74283957481384	1343547.2488077262	102.83437299728394	1343627.2709706428	90.7303774356842	1343043.2608937982	
96.09364652633667	1342840.2195741343					82.94537162780762	1334260.4578799526	97.50873517990112	1344533.5577484665			114.18264889717102	1343316.0934768165	110.76742100715637	1343562.499619412	102.84941411018372	1343630.9277820352	90.74401926994324	1343043.5891204837	
96.12487363815308	1342845.7665157048					82.96121168136597	1334205.8130742882	97.5339093208313	1344543.9837585678			114.1981680393219	1342265.5717596447	110.79399633407593	1343562.9383514181	102.86292433738708	1343635.8157499824	90.75703406333923	1343052.12717898	
96.15196204185486	1342995.5248325164					82.97904443740845	1334207.8970101723	97.5621829032898	1344381.5062968081			114.21167516708374	1342256.514554299	110.82201766967773	1343483.3056137383	102.87697982788086	1343606.9647673827	90.77404308319092	1343065.8330283281	
96.17842745780945	1342972.7090247995					82.99605703353882	1334179.9466798834	97.58719897270203	1343766.8714681403			114.22596788406372	1342251.894125279	110.84828639030457	1343962.646941105	102.89248871803284	1343617.6689372086	90.78788638114929	1343069.538770608	
96.20347690582275	1342979.8196806358					83.01607489585876	1334075.486582741	97.6117193698883	1343749.3603978837			114.24148750305176	1343559.9460696517	110.87796330451965	1343879.6322896576	102.9059989452362	1343625.5711644168	90.80289673805237	1343071.8609439777	
96.23002886772156	1342979.7370945176					83.03578281402588	1334904.0916315988	97.6387391090393	1343674.5439146773			114.25701642036438	1343533.6091123305	110.90457057952881	1343905.7554212753	102.92101955413818	1343536.4412501594	90.81557559967041	1343071.7095207279	
96.25256133079529	1342979.6145091273					83.05446171760559	1334907.6908740473	97.66342520713806	1343673.3351626352			114.27213883399963	1343531.7112233501	110.93042850494385	1343901.0922085056	102.93621182441711	1343539.0969733768	90.82958555221558	1343024.7406325596	
96.2770893573761	1342963.4464492598					83.07247185707092	1334916.436094746	97.68843936920166	1343641.3954087915			114.28715085983276	1343565.1631341637	110.9568521976471	1343897.725463567	102.9501166343689	1343885.631023194	90.8445954322815	1343176.6644457707	
96.30170273780823	1342933.5779908122					83.09198045730591	1334913.432436547	97.71317172050476	1343645.4887556792			114.30116176605225	1343568.8212502229	110.98237586021423	1343988.4573176566	102.96443581581116	1343877.507973462	90.85898208618164	1343177.9938305956	
96.32624459266663	1342936.8818254273					83.11318826675415	1333916.1884031184	97.74120283126831	1343642.3680133552			114.31481552124023	1344030.1304764207	111.01119494438171	1343983.7351390698	102.97858929634094	1343858.3934444834	90.87314987182617	1343191.1865302161	
96.3518636226654	1342986.7136153108					83.13219738006592	1334039.4724249418	97.76523900032043	1343694.8994128339			114.32854795455933	1344033.6477409976	111.03821182250977	1343972.3177693486	102.99128675460815	1343856.1196190638	90.88667273521423	1343201.598973857	
96.37930703163147	1342704.4563141195					83.15170812606812	1334096.0310816877	97.7907612323761	1343661.1723194758			114.34256029129028	1344032.432780343	111.06392455101013	1343972.2729666105	103.00637602806091	1343877.4708094276	90.90168190002441	1343231.695290352	
96.40581393241882	1342700.9946683366					83.16989922523499	1334084.7446519195	97.81628251075745	1343663.4533958777			114.35863280296326	1344025.2043978302	111.08894109725952	1344215.9411990214	103.02170157432556	1343870.5089611576	90.91518878936768	1343232.2648363141	
96.43175792694092	1342705.8238566027					83.1869170665741	1334086.634938562	97.84052062034607	1343669.6555435087			114.37213778495789	1344043.5131829309	111.12096238136292	1344203.9038643518	103.03880000114441	1343872.0364106004	90.92871522903442	1343240.1810280678	
96.45731329917908	1342715.4164398138					83.2089319229126	1334097.6209564672	97.86470246315002	1343675.6271473			114.38666152954102	1344043.9274296793	111.15034508705139	1344220.6334780245	103.05238223075867	1343873.0152161403	90.94422841072083	1343442.1569170398	
96.4799132347107	1342695.2666241683					83.23098063468933	1334274.033977255	97.88771605491638	1343677.499523081			114.40116500854492	1344067.149117855	111.17692923545837	1343966.4538008957	103.0665271282196	1343853.0527588741	90.9582417011261	1343435.872168589	
96.50312685966492	1342732.357182018					83.25069761276245	1334256.488141296	97.91149997711182	1343671.4995554455			114.41467595100403	1344070.667814675	111.20585036277771	1343622.3540676301	103.07904243469238	1343856.6704775472	90.97125005722046	1343435.5764197272	
96.52816033363342	1342736.0487094678					83.26823997497559	1334246.1639896159	97.93551993370056	1343794.7698615063			114.43018984794617	1344073.771234727	111.22936582565308	1343630.9521660197	103.09360027313232	1343860.3324896481	90.98476314544678	1343440.6528598682	
96.55269002914429	1342725.8432880933					83.28825306892395	1334245.3508004167	97.95853543281555	1343788.5185435836			114.4423713684082	1344073.8284731323	111.25512886047363	1343647.3413218677	103.10862970352173	1343880.701659069	90.99884104728699	1343450.1849296016	
96.57672190666199	1342739.33035352					83.30826663970947	1334253.6998637614	97.98406076431274	1344358.4306848971			114.45737981796265	1344076.436271269	111.28551197052002	1343643.414558845	103.12413954734802	1343624.4482246786	91.01335501670837	1343402.5914288096	
96.60375308990479	1342729.3885916066					83.32827496528625	1334610.0360519858	98.01007628440857	1344363.2217897952			114.47238731384277	1344102.160281025	111.3102126121521	1343637.8302811228	103.1371648311615	1344085.2681934745	91.02702641487122	1343405.0136292826	
96.62477588653564	1342758.4827694145					83.34728741645813	1334607.2483125622	98.03466296195984	1344503.3013345317			114.48490238189697	1344096.9839228396	111.33300685882568	1343620.9493499147	103.15069556236267	1343656.7262349282	91.04154253005981	1343184.730118607	
96.6482925415039	1342768.927809149					83.36796474456787	1334616.365098424	98.08340883255005	1344587.5162375171			114.50052452087402	1344082.0423734814	111.35752272605896	1343620.9763175913	103.16450071334839	1343665.5580306551	91.05556035041809	1343210.1673592306	
96.67382049560547	1342774.6948939066					83.38497424125671	1334616.4519857343	98.13416695594788	1344577.7755278863			114.51504158973694	1343888.265614293	111.38058543205261	1343618.0460288695	103.1775267124176	1343656.1616463158	91.07033801078796	1343198.8629797387	
96.69784998893738	1342760.2098846247					83.40498638153076	1334606.068782806	98.18470239639282	1344580.023830342			114.5310652256012	1343787.3441048411	111.40434265136719	1343618.38458388	103.19199824333191	1343659.9384856173	91.08421087265015	1343219.3215964707	
96.72508883476257	1342741.2750454764					83.42586994171143	1334587.5766028485	98.23924016952515	1344607.4179684317			114.54697823524475	1343783.2674897548	111.42917132377625	1343615.5491746324	103.21023392677307	1343528.8021988694	91.09922122955322	1343226.8723498886	
96.74810719490051	1342741.3298616847					83.44515776634216	1334506.586646283	98.29050517082214	1344613.5504262163			114.56130695343018	1343784.5695802167	111.45547127723694	1343618.3049405855	103.22523951530457	1343750.2386810172	91.1142680644989	1343211.400648319	
96.77387404441833	1342744.3940688146					83.46616816520691	1334503.8154783691	98.34526538848877	1344614.022206258			114.57805705070496	1343788.8385443958	111.47923398017883	1343620.256380481	103.24055624008179	1343744.3803587034	91.1332859992981	1342662.653057032	
96.79809069633484	1343123.1624288913					83.48718237876892	1334486.5308368928	98.3938045501709	1344615.2901460466			114.59401106834412	1343794.486718614	111.503262758255	1343632.7678323595	103.2540647983551	1343800.318788551	91.15079712867737	1342645.614964361	
96.82463693618774	1343114.4108655732					83.50419545173645	1334525.7354060088	98.44054818153381	1344563.3477592987			114.61049056053162	1343830.8500615351	111.52596092224121	1343631.202131055	103.26679348945618	1343804.7149043533	91.16750264167786	1342664.575693109	
96.85036015510559	1343105.1680829406					83.52077889442444	1334486.1330252218	98.48631739616394	1344538.7503789698			114.62814950942993	1343908.0075344879	111.55085682868958	1343624.8385745287	103.2818169593811	1343787.6593530553	91.1836428642273	1342697.8928627318	
96.87989282608032	1343111.5385153673					83.54179739952087	1334541.5127918136	98.53099203109741	1344489.3318106814			114.64172077178955	1343968.9582318715	111.57704830169678	1343638.153527703	103.29707980155945	1343774.5826463571	91.20324754714966	1342689.124831136	
96.90733170509338	1343108.1936418957					83.55988359451294	1334608.892664001	98.58754754066467	1344487.4577441502			114.6579360961914	1343942.6147684578	111.60206651687622	1343650.657660635	103.31337714195251	1343788.901777019	91.22110867500305	1342596.5780572502	
96.93203544616699	1343108.735886528					83.57890248298645	1334966.8555397028	98.6370837688446	1344473.7138273085			114.67394661903381	1344033.9733133123	111.62592959403992	1343664.1217227536	103.32639789581299	1343788.5096775496	91.23712229728699	1342543.8337384425	
96.9662458896637	1343112.629250373					83.59892416000366	1335067.232501575	98.68080830574036	1344515.6462384888			114.68995785713196	1344031.2190504784	111.65055775642395	1343663.9338974932	103.34091329574585	1343792.1289988055	91.2573618888855	1342537.51912069	
96.99226593971252	1343072.022627407					83.6179449558258	1335069.3095018074	98.73749232292175	1344532.9349482658			114.70597004890442	1343965.8563054388	111.67476058006287	1343656.7458348058	103.35743165016174	1343817.5850184078	91.27456188201904	1342537.8874011084	
97.02043199539185	1343136.4931104905					83.63900470733643	1335083.6495618264	98.78454756736755	1344511.2211526209			114.71913862228394	1343988.5461078582	111.69883728027344	1343663.5860126046	103.37243700027466	1343865.2850938875	91.2925820350647	1342501.9086153873	
97.04546236991882	1343138.223953452					83.65952944755554	1335196.566542805	98.83708262443542	1344464.6663949427			114.73315668106079	1343998.3933948807	111.72135925292969	1343662.5974705135	103.38645815849304	1343891.8996294325	91.30753660202026	1342501.2262079811	
97.07054805755615	1342985.7192378195					83.6805477142334	1335083.1222188903	98.89559721946716	1344463.4193337667			114.74785494804382	1343999.6002309772	111.74556136131287	1343672.671895972	103.40197157859802	1343849.3142881293	91.32554984092712	1342503.276916278	
97.09530401229858	1342952.417044262					83.7005672454834	1334975.5069442107	98.95115351676941	1344589.2072093436			114.76386404037476	1344030.4344909028	111.76986455917358	1343675.1055133275	103.41698718070984	1343865.0527512485	91.3405590057373	1342336.4250185895	
97.11999917030334	1343005.6756898551					83.7215964794159	1334974.4208466702	99.00463104248047	1344592.6400046437			114.77838134765625	1344025.9254817085	111.79575037956238	1343659.1332199932	103.43031764030457	1343865.053361514	91.35435152053833	1342336.4719917276	
97.14266419410706	1343014.007243956					83.74182987213135	1334956.91986659	99.0644862651825	1344551.8518601868			114.79389476776123	1344025.4163380761	111.81918954849243	1343647.5905139449	103.44633078575134	1343844.7217042649	91.37063264846802	1342327.355824852	
97.16578269004822	1343000.1054198842					83.75950050354004	1334932.8842848777	99.10751795768738	1344560.2503356964			114.80840229988098	1344019.2201363395	111.84246182441711	1343644.2888869562	103.45984673500061	1343870.6467057026	91.386155128479	1342340.426446795	
97.19194149971008	1342995.9455675033					83.77851104736328	1334977.0313366575	99.15906596183777	1344561.321927652			114.82442498207092	1344018.6112142284	111.86563968658447	1343658.9016591925	103.47336196899414	1343863.0633514167	91.40235257148743	1342357.8412520764	
97.21763038635254	1343006.1992976267					83.7985270023346	1334963.3527329336	99.20860290527344	1344593.5358415314			114.83794236183167	1343565.3484558908	111.88965702056885	1343590.7564491255	103.48838114738464	1343875.397835476	91.41886591911316	1342332.226678489	
97.2426118850708	1343012.6276083982					83.81953883171082	1334953.9033541477	99.25814747810364	1344596.9148804825			114.85295295715332	1343673.6149730738	111.91485381126404	1343588.4421556485	103.50288915634155	1343905.1580498929	91.43814778327942	1342333.49686264	
97.26618194580078	1343005.0194851807					83.83855819702148	1334912.8194145486	99.30068182945251	1344676.876502205			114.86596536636353	1343495.4949294142	111.94051432609558	1343557.5323071587	103.51618337631226	1343912.608950397	91.45538592338562	1342337.9110518196	
97.28926515579224	1343001.647155868					83.85607671737671	1334910.5770731696	99.35801243782043	1344649.904174721			114.87855672836304	1343500.1376559199	111.96592831611633	1343563.0213599994	103.5302038192749	1343943.4149045986	91.47029519081116	1342295.8482987187	
97.31396913528442	1342970.6855320802					83.87608814239502	1334910.4590736465	99.41305804252625	1344654.7356147734			114.8925678730011	1343503.5439920973	111.99244928359985	1343526.2335556846	103.54371094703674	1343954.3538097185	91.48380279541016	1342298.3832096786	
97.34159994125366	1342952.8218724434					83.8931028842926	1334907.9882644336	99.46174669265747	1344651.1123668833			114.90757870674133	1343501.010359049	112.01693201065063	1343518.3390572947	103.55758619308472	1343952.9184858492	91.50334978103638	1342295.1167574222	
97.36464095115662	1342962.8919856744					83.91211414337158	1334916.400874705	99.51794147491455	1344670.7750646314			114.92109203338623	1343493.4526211503	112.04283690452576	1343531.797754549	103.57085514068604	1343965.0582607125	91.52301168441772	1342294.9032728358	
97.39109301567078	1343000.8336576133					83.9321277141571	1334913.6841637306	99.56052112579346	1344677.551185922			114.93586206436157	1343462.8903297498	112.07057619094849	1343540.754332363	103.58436894416809	1343965.909769266	91.54452657699585	1342288.9674847708	
97.41558790206909	1342998.3049049187					83.9531638622284	1334953.0181802183	99.61273670196533	1344679.6041903584			114.95057034492493	1343463.3417720678	112.09459495544434	1343521.6341155274	103.60007429122925	1343967.9762195572	91.56257772445679	1342243.8651445068	
97.43960928916931	1342999.336968673					83.97374439239502	1334942.521926421	99.65427684783936	1344683.8815576313			114.96457934379578	1343447.1999392444	112.11766219139099	1343530.274422993	103.6145830154419	1343722.8770741266	91.57908344268799	1342216.7104436995	
97.46589875221252	1343026.1617420309					83.99375438690186	1334942.5441891295	99.70076704025269	1344678.3754276922			114.98108744621277	1343436.473488933	112.14281606674194	1343534.5134041186	103.62991714477539	1343723.5214943497	91.59760046005249	1342476.293762586	
97.48982572555542	1343016.914835982					84.01576352119446	1334961.2321244818	99.74349546432495	1344668.858990897			114.9966070652008	1343454.788012737	112.16892671585083	1343529.6350281	103.64440822601318	1343884.5235868397	91.61385917663574	1342526.2844391735	
97.518967628479	1342987.2442363393					84.03453397750854	1334960.4275356089	99.79903221130371	1344843.2060239962			115.01061940193176	1343462.720622394	112.19655442237854	1343518.0057678428	103.65842485427856	1343884.5244221706	91.63256859779358	1342546.9004780713	
97.54932260513306	1342983.3920830209					84.05305552482605	1334963.4276799173	99.84464693069458	1344649.6569970488			115.02513241767883	1343462.9332873006	112.22757840156555	1343492.1438854677	103.67193865776062	1343860.9651584686	91.64926743507385	1342540.0401961918	
97.57509779930115	1342969.7214923387					84.07508873939514	1335000.6790116255	99.88781309127808	1344942.4290748085			115.03924798965454	1343470.4799140864	112.25610685348511	1343495.7861465123	103.68695855140686	1343828.8241963622	91.66815280914307	1342541.341186975	
97.59850120544434	1342968.8228391341					84.0923867225647	1335001.949826982	99.93853116035461	1344923.80271351			115.05253553390503	1343472.6945126595	112.28442931175232	1343491.610011778	103.70296287536621	1343832.2079676087	91.68337678909302	1342542.2277041893	
97.6236023902893	1342978.8942658524					84.11141800880432	1335003.3118018701	99.98764872550964	1344905.8645378686			115.06670451164246	1343479.7298489618	112.31480193138123	1343500.0391284511	103.7172920703888	1343820.8470280522	91.70139336585999	1342542.3353321527	
97.64789009094238	1342988.579979198					84.13108086585999	1335005.3691982285	100.03618335723877	1344904.3722757166			115.08171272277832	1343470.5095222425	112.34403586387634	1343516.1866375855	103.7320647239685	1343804.1969033098	91.72070288658142	1342585.5210376794	
97.67867422103882	1342980.6827757508					84.1501111984253	1335011.2425018658	100.08192753791809	1344910.585162756			115.09472370147705	1343463.4254750814	112.37855911254883	1343535.6586555357	103.74602580070496	1343858.2873473146	91.73834109306335	1342348.5832815133	
97.70453524589539	1342984.2658480904					84.17130970954895	1334983.7198869947	100.12717175483704	1344872.5834375941			115.10973525047302	1343481.2942717716	112.41639447212219	1343517.000242134	103.76188945770264	1343867.0459398606	91.75535321235657	1342556.8881233665	
97.73365569114685	1342986.7259328975					84.19132351875305	1334966.52136267	100.17122387886047	1345050.7128948704			115.12393069267273	1343481.0695066524	112.44724941253662	1343513.9615093316	103.77511286735535	1343853.0513758785	91.77186799049377	1342564.6206919004	
97.7678632736206	1342988.5963472235					84.21384572982788	1334973.5854938817	100.21825289726257	1345059.9497464949			115.13980674743652	1343480.31059429	112.48340725898743	1343511.911820928	103.78913521766663	1343856.1217813245	91.78688025474548	1342574.1468675744	
97.79642963409424	1343287.2886578015					84.23436498641968	1334982.1364011122	100.27349781990051	1345087.4392685837			115.15632152557373	1343481.104430537	112.51693201065063	1343521.276183478	103.8031919002533	1343864.714603445	91.80234861373901	1342572.8223080863	
97.82579350471497	1343211.362435661					84.25569105148315	1335137.2332948027	100.32674622535706	1345098.243675388			115.16983151435852	1343482.7230306908	112.54939198493958	1343531.4411298311	103.81820940971375	1343832.6102160816	91.8193576335907	1342505.320183563	
97.85250544548035	1343221.1192011654					84.27470350265503	1335147.4615772862	100.38079905509949	1345100.3897271468			115.18634533882141	1343448.5399034119	112.57991743087769	1343516.1278353494	103.83104491233826	1343856.0699701987	91.83615827560425	1342500.5783545915	
97.88046622276306	1343190.3283818965					84.29371190071106	1335195.186399598	100.42883157730103	1345112.2819447366			115.20026874542236	1343464.7920270164	112.60951256752014	1343513.3244803443	103.846595287323	1343205.2375288766	91.85237717628479	1342507.8952547587	
97.9068443775177	1343168.6305685102					84.31272220611572	1335214.1153154816	100.47845268249512	1345054.357489874			115.21528053283691	1343402.904436306	112.63803482055664	1343505.8820275818	103.86210680007935	1343205.8176297203	91.86797904968262	1342511.546010162	
97.93223071098328	1343183.2062839372					84.33023118972778	1335247.1128783314	100.52177834510803	1344928.9829043224			115.22879457473755	1343418.0423093743	112.6675672531128	1343499.945264686	103.8761203289032	1343209.8849629422	91.88777732849121	1342526.668476174	
97.95851635932922	1343193.361949025					84.35024356842041	1335307.3984293025	100.5635392665863	1344899.4187181992			115.2438178062439	1343403.7378271425	112.69799709320068	1343493.3049392542	103.89063167572021	1343209.7836773708	91.90380811691284	1342514.9569408612	
97.99163508415222	1342879.5577976755					84.37035775184631	1335286.1332942294	100.61117792129517	1344618.3689739169			115.25892686843872	1343397.2788843585	112.72963690757751	1343495.7647413404	103.90513968467712	1343281.8217731877	91.91781687736511	1342511.1881995455	
98.02131128311157	1342933.2279425946					84.3883683681488	1335253.5703690408	100.63919568061829	1344933.036766253			115.27193593978882	1343955.4597012508	112.76058959960938	1343505.0605300239	103.92057943344116	1343297.9996377085	91.93233299255371	1342684.2160340382	
98.05244970321655	1342948.5152635735					84.40638566017151	1335260.4706452168	100.66337084770203	1344957.531146411			115.28744792938232	1343995.7553483748	112.78852844238281	1343503.0931203107	103.93508863449097	1343479.6209455077	91.94934225082397	1342675.9779131282	
98.07943320274353	1342949.2910207862					84.42440223693848	1335269.8790595895	100.68838906288147	1344958.3631924018			115.30295324325562	1343991.2269926548	112.81998324394226	1343509.628886103	103.94875502586365	1343743.2800837054	91.96485662460327	1342707.2550112063	
98.10735774040222	1342951.6830178252					84.44116854667664	1335280.5429109687	100.71341514587402	1344972.2177771353			115.31546592712402	1343996.1074664986	112.85182690620422	1343516.162479161	103.96284031867981	1343751.755425735	91.97736096382141	1342653.8317179147	
98.13813924789429	1342946.914036335					84.46218538284302	1335290.7097444357	100.73618531227112	1344627.0670560112			115.32963705062866	1343995.1533905263	112.88432240486145	1343500.263545714	103.97686290740967	1343738.7257729056	91.99063849449158	1342698.136192155	
98.16641116142273	1342953.4577474247					84.4786946773529	1335279.3102360861	100.76121234893799	1344640.449501828			115.341801404953	1343969.4504848465	112.91364789009094	1343503.3319311205	103.99237418174744	1343476.0944155578	92.00534772872925	1342688.3039421665	
98.19005990028381	1342957.4604992298					84.50070428848267	1335228.5356481823	100.78523111343384	1344439.72209199			115.35681581497192	1343991.1826439218	112.94448781013489	1343575.0093042809	104.00669431686401	1343477.3356977017	92.01886010169983	1342696.96766432	
98.21787858009338	1342954.9940482932					84.52071332931519	1335444.7605481255	100.80724382400513	1344444.8418382318			115.36932277679443	1343979.6584875877	112.96951150894165	1343576.2845537525	104.02143812179565	1343452.6758763203	92.03237414360046	1342688.318877606	
98.24254846572876	1342962.3728263283					84.54223012924194	1335468.143292833	100.8302583694458	1344439.5853120259			115.3872537612915	1344007.3497973918	113.0008454322815	1343562.8719869927	104.03466701507568	1343444.8355559655	92.04638123512268	1342727.3344886564	
98.26559090614319	1343024.1098341206					84.55975127220154	1335486.2082869536	100.85609698295593	1344439.7339475707			115.40139722824097	1344008.4292048807	113.02962923049927	1343582.52652596	104.04945802688599	1343753.1535551879	92.06039357185364	1342709.060505875	
98.29182195663452	1343025.1915467153					84.57951641082764	1335485.4432883752	100.88324880599976	1344465.0423134486			115.41756987571716	1344028.4900342461	113.06281232833862	1343587.262664346	104.06397151947021	1343740.6252818522	92.07504487037659	1342726.37282288	
98.32138538360596	1342993.8409933508					84.6005334854126	1335399.4806976812	100.9042637348175	1344453.4708320694			115.43148946762085	1344280.2873247738	113.09684991836548	1343587.65958624	104.07899045944214	1343746.729585716	92.08855891227722	1342731.9205126748	
98.34597778320312	1343004.6548498902					84.6205530166626	1335383.1797783717	100.92638635635376	1344112.6576844736			115.44751143455505	1344278.7471107233	113.13060784339905	1343596.4135078187	104.09449768066406	1343745.975647541	92.10501766204834	1342747.2150958793	
98.36879348754883	1343056.9627272338					84.64208602905273	1335345.239294713	100.9514172077179	1344113.4768888184			115.462158203125	1344325.47578164	113.16253161430359	1343652.7327544633	104.11051630973816	1343756.3284118746	92.12102580070496	1342734.0464993934	
98.39830565452576	1343077.739694491					84.662930727005	1335372.209638588	100.97958970069885	1344115.7871762598			115.47612857818604	1344324.668522743	113.19275736808777	1343657.7393709088	104.12653279304504	1343771.2862124091	92.13453269004822	1344002.3575977155	
98.42329597473145	1343079.1065232614					84.67844462394714	1335370.7456624461	101.00886297225952	1344114.907694337			115.49205088615417	1344320.3688723592	113.2209324836731	1343650.099815275	104.14204430580139	1343766.7728962954	92.14803528785706	1344007.0258072272	
98.44786334037781	1343100.5027080458					84.69498205184937	1335359.9791164515	101.03338479995728	1344132.504146089			115.50652933120728	1344322.6693631574	113.25077939033508	1343633.710233102	104.15605735778809	1343714.8229259131	92.1625394821167	1344005.7681838076	
98.47257161140442	1343103.0408808165					84.70849013328552	1335352.335059258	101.06579947471619	1344114.640418609			115.52205109596252	1344323.041677833	113.28337097167969	1343622.9903003597	104.1720802783966	1343728.818704656	92.17654776573181	1344007.223337041	
98.49696803092957	1343083.1452187472					84.72349953651428	1335388.499434046	101.09332585334778	1344111.4993676895			115.53517293930054	1344291.8512263228	113.31438946723938	1343621.2408755794	104.18711233139038	1343734.6458137343	92.19179368019104	1344012.2020746637	
98.52100110054016	1343076.7500027074					84.73800992965698	1335392.5666172076	101.12307286262512	1344116.3604873682			115.55090570449829	1344291.8152856233	113.34821629524231	1343621.7754246308	104.20062804222107	1343735.3199511368	92.20543026924133	1344014.845688249	
98.54793572425842	1343085.5552953472					84.75201559066772	1335352.6859786338	101.15332460403442	1344079.3857247327			115.56741881370544	1344287.7386205753	113.3798475265503	1343598.9559759211	104.21764302253723	1343741.314669662	92.2194402217865	1344010.2913406154	
98.5752899646759	1343073.4872814054					84.76661086082458	1335246.9414149488	101.18289184570312	1344109.406397263			115.58247685432434	1344261.561118875	113.41353416442871	1343627.168758636	104.23217415809631	1343736.9667225054	92.23364233970642	1344080.1904519561	
98.60153388977051	1343069.0206893121					84.78232526779175	1335431.0925455494	101.21241402626038	1344065.9976028742			115.59899806976318	1343452.6574255864	113.44455742835999	1343637.1350037016	104.24439287185669	1343740.08612709	92.24814891815186	1344037.0305461765	
98.62860679626465	1343081.7722451554					84.79535031318665	1335377.4569805071	101.2444417476654	1344094.6076527508			115.61250376701355	1343755.2412201085	113.47479557991028	1343608.889888539	104.26049041748047	1343711.8867586793	92.26176738739014	1344041.0227376753	
98.65409803390503	1343009.036368687					84.80985236167908	1335375.4221228976	101.27419710159302	1344104.5388226449			115.6290214061737	1343523.197665572	113.5071804523468	1343607.356568012	104.27600431442261	1343692.772893624	92.27698516845703	1344024.9904228551	
98.68064212799072	1343070.3705879678					84.8248643875122	1335367.5945114484	101.30471777915955	1344096.2926218102			115.64375329017639	1343479.366071525	113.54069995880127	1343594.0500340417	104.29010248184204	1343688.4169599207	92.29150533676147	1344032.5887923324	
98.70534229278564	1343092.2064275593					84.84004545211792	1335396.8209593203	101.33538794517517	1344121.913285386			115.65903162956238	1343474.4399947193	113.57846450805664	1343558.313193715	104.30515313148499	1343680.557225384	92.30651712417603	1344032.2705457478	
98.73277115821838	1343088.9818848597					84.85473775863647	1335376.2082836444	101.36941742897034	1344135.802957106			115.67404103279114	1343480.6275434543	113.60533809661865	1343580.677360512	104.31816959381104	1343959.40292544	92.32102680206299	1343784.0278696697	
98.76196479797363	1342868.8820451542					84.86724472045898	1335357.6607038816	101.4034492969513	1344093.8116755774			115.68991303443909	1343481.9609581577	113.62935757637024	1343580.6706638683	104.33167219161987	1343991.8287464322	92.33460021018982	1343933.5048197801	
98.78407311439514	1342872.6990693652					84.88076376914978	1335354.9730081533	101.43396830558777	1344102.7130539513			115.70293092727661	1343469.567857574	113.65457820892334	1343585.7349114257	104.34403777122498	1344001.0256547683	92.35034155845642	1343921.634172686	
98.81393218040466	1342881.2717826506					84.89678192138672	1335366.5650982503	101.46049094200134	1344113.4619716133			115.71946215629578	1343454.5899665616	113.67914509773254	1343611.0145493678	104.35843253135681	1344005.8888296883	92.36584782600403	1343924.4106280159	
98.8399510383606	1342879.6633249132					84.91228723526001	1335374.8806293735	101.48763704299927	1344118.3052965817			115.73364996910095	1343496.2949717266	113.70584630966187	1343632.2523041186	104.37216114997864	1344005.0586141548	92.37885928153992	1343912.7624172985	
98.86322045326233	1342881.2927220964					84.92629671096802	1335351.767211767	101.51566481590271	1344152.9041316316			115.75040292739868	1343503.3969299651	113.7303614616394	1343626.6934155389	104.38623309135437	1344024.5714592803	92.39388275146484	1343943.7962948417	
98.88676285743713	1342480.0737077787					84.9398033618927	1335346.640958298	101.54293084144592	1344412.2770024382			115.76541900634766	1343514.3900121164	113.75884699821472	1343639.9032001912	104.39873123168945	1344028.1245288842	92.40889406204224	1343934.8565501433	
98.91178178787231	1342466.47109639					84.95432567596436	1335356.7055272507	101.57296347618103	1344402.3062758727			115.78043341636658	1343532.1208113662	113.78287553787231	1343613.9919384886	104.4122428894043	1344024.701076131	92.42440700531006	1343938.4251779248	
98.93535423278809	1342452.3621012608					84.96952223777771	1335275.811862399	101.60299897193909	1344386.728765823			115.79594779014587	1343529.9317223083	113.80639147758484	1343615.6569761846	104.4262113571167	1344031.0622023607	92.43841481208801	1343956.938027026	
98.96023893356323	1342475.3071281596					84.98654270172119	1335270.3896222068	101.63202929496765	1344378.0057977994			115.81086206436157	1343534.042809804	113.8292407989502	1343610.6867317816	104.44128680229187	1343758.1600252478	92.45393061637878	1343925.7478286754	
98.98301482200623	1342489.1784406393					85.00355648994446	1335276.6041869689	101.66115736961365	1344396.3717751603			115.82656598091125	1343503.4957185986	113.85472130775452	1343650.2793986034	104.45779085159302	1343765.6263904937	92.46779751777649	1343952.075639211	
99.00593638420105	1342487.9284655903					85.01806235313416	1335275.8228817636	101.69067621231079	1344402.440590825			115.84157800674438	1343489.689013446	113.88077449798584	1343638.4869418086	104.47239899635315	1343769.30436777	92.48334097862244	1343955.4411060761	
99.02869582176208	1342480.4257827995					85.03420042991638	1335281.8390388684	101.71646928787231	1344402.4143426705			115.85658764839172	1343494.712436366	113.90261101722717	1343629.8168314795	104.48642325401306	1343774.6712356897	92.49722862243652	1343855.4863467456	
99.05551648139954	1342484.8096078145					85.04770922660828	1335272.6284322105	101.74549865722656	1344405.4387226398			115.87160325050354	1344400.6046133714	113.92678308486938	1343676.2872855554	104.49994206428528	1343771.0245473108	92.5127444267273	1343889.9644639622	
99.07845902442932	1343250.3944545165					85.06424307823181	1335284.1548853673	101.76901698112488	1344403.8246411483			115.88690972328186	1344417.9542364243	113.95296239852905	1343645.817195919	104.5134482383728	1343770.8572549515	92.52675986289978	1343899.1618403674	
99.10470509529114	1343276.0713299098					85.07774615287781	1335146.3882643385	101.7925386428833	1344418.2523713782			115.90070176124573	1344632.177026621	113.97532367706299	1343625.824660159	104.52746868133545	1343788.5953036791	92.5412757396698	1343911.3246580234	
99.12793946266174	1343276.0995880887					85.09275698661804	1335137.9700281655	101.81655478477478	1344414.2178631406			115.91644883155823	1344644.6841233268	114.00247883796692	1343618.023976743	104.54197573661804	1343819.9276622126	92.55696511268616	1343912.6266448987	
99.15102744102478	1343279.631490728					85.10926365852356	1335139.7381172446	101.84221291542053	1344122.434822212			115.93095660209656	1344638.1628164144	114.03213596343994	1343659.5918565372	104.55448007583618	1343793.7865397674	92.5704698562622	1343727.5230195422	
99.17457461357117	1342489.477591423					85.12328124046326	1335130.1745836998	101.87260866165161	1344137.141435845			115.94397377967834	1344685.0890519794	114.05715370178223	1343642.7321601221	104.5690131187439	1343801.6975776278	92.5844874382019	1343731.1737866981	
99.19626998901367	1343083.731613985					85.1387836933136	1335163.7327945267	101.8981282711029	1344116.9376068646			115.958247423172	1344744.6816704778	114.08187985420227	1343962.7005654203	104.58395791053772	1343872.2241566393	92.59849786758423	1343775.7149347095	
99.22210311889648	1343053.5233004305					85.15279817581177	1335022.4785586682	101.92346596717834	1344110.0781771895			115.97325491905212	1344745.9268018652	114.10633754730225	1343940.7213420537	104.59897685050964	1343855.9993660706	92.61350679397583	1343758.4311225922	
99.24552869796753	1343069.3662559441					85.16754198074341	1335028.5203498912	101.94898891448975	1344039.0746179551			115.99027299880981	1344749.9140526722	114.13345527648926	1343652.960777327	104.61248540878296	1343864.9182123875	92.62827134132385	1343773.8785175723	
99.27043104171753	1343091.4623900482					85.18355393409729	1335153.632637829	101.97350883483887	1344027.9186657695			116.0040967464447	1344759.6440302394	114.16087985038757	1343644.5994121	104.62742114067078	1343861.8014963358	92.64428305625916	1343769.4014933151	
99.29658460617065	1343097.2541409351					85.19906377792358	1335151.939426912	101.99552178382874	1343999.1697340626			116.02104067802429	1344772.7584424932	114.1868987083435	1343668.794418636	104.64230537414551	1343864.767937	92.66180062294006	1343784.0863919351	
99.32306790351868	1343127.6754218042					85.2162115573883	1335071.9928075506	102.01920557022095	1344013.4756617516			116.03526639938354	1344765.7391107888	114.21616435050964	1343684.1229382032	104.65733027458191	1343861.4763109628	92.67714405059814	1343780.023758889	
99.34681797027588	1343127.252969419					85.23372554779053	1335218.0487559452	102.04076290130615	1343983.1192940937			116.05027675628662	1344795.4618026032	114.23933911323547	1343950.3309028668	104.67187190055847	1343999.2822834644	92.69192266464233	1343815.7018068053	
99.37562608718872	1343121.7223678583					85.24885749816895	1335191.0518085514	102.06679511070251	1343955.3851841618			116.06378555297852	1344796.648404989	114.26502919197083	1343984.5768463556	104.6862850189209	1343553.6747204752	92.70897579193115	1343857.1833071543	
99.39965438842773	1343105.6428321418					85.26343488693237	1335197.2051700368	102.09031176567078	1343969.926768584			116.07779669761658	1344777.4580044656	114.29164934158325	1343990.2888752827	104.70034432411194	1343551.5366959276	92.72598886489868	1343822.6433316893	
99.42544984817505	1342514.580117034					85.27794122695923	1335161.4139110928	102.11683893203735	1343967.5185506616			116.09292030334473	1344785.9689160816	114.31505107879639	1343989.4303741457	104.71424412727356	1343562.0071855027	92.74050116539001	1343838.5107433868	
99.44799089431763	1342499.0518733081					85.29294991493225	1335228.6960160967	102.14284443855286	1343981.490135186			116.10864925384521	1344760.9879063305	114.33957505226135	1343995.55659352	104.73041152954102	1343535.374713064	92.75534152984619	1343825.969142405	
99.474045753479	1342485.4654438088					85.31046152114868	1335338.2211209843	102.16713261604309	1344007.3599025605			116.1232533454895	1344767.0356169757	114.36373901367188	1343986.375086977	104.74315905570984	1343509.58093981	92.77085781097412	1343833.334155387	
99.50089740753174	1342704.3929896867					85.32647132873535	1335338.909691141	102.18815016746521	1344045.036987413			116.13815498352051	1344782.5574057526	114.38831734657288	1343990.5709968172	104.76029539108276	1343489.3177643525	92.78636980056763	1343835.066900049	
99.5272626876831	1342718.7343116722					85.34097814559937	1335374.8640749406	102.21566891670227	1344043.9405970415			116.15527629852295	1344253.3854454218	114.41284990310669	1343990.7965919443	104.77230834960938	1343494.0681182242	92.80135321617126	1343843.4101151756	
99.54966759681702	1342468.9667610016					85.35599493980408	1335389.3870423373	102.24319243431091	1344234.7493005132			116.1687822341919	1344271.7937412278	114.43536686897278	1343958.6612655644	104.78612327575684	1343489.9838190733	92.81550168991089	1343826.5107988892	
99.5764389038086	1342428.9563345106					85.3711211681366	1335385.20502083	102.26488494873047	1344244.8906093356			116.18328642845154	1343851.9971935488	114.46038937568665	1343923.9479423128	104.8006386756897	1342981.160481636	92.82963347434998	1343847.6498175517	
99.60718059539795	1342395.381075717					85.3851363658905	1335546.945810023	102.28890800476074	1344246.9843795395			116.1982045173645	1343867.6860048815	114.48254370689392	1343920.1392599505	104.81426095962524	1342990.5128407374	92.84364151954651	1343840.7856025377	
99.62975835800171	1342373.5051761835					85.3996434211731	1335547.3932594706	102.31343030929565	1344290.8548687056			116.21448683738708	1343867.4270573799	114.50584149360657	1343936.4502757743	104.82747626304626	1342992.2378369586	92.85865020751953	1343811.11187251	
99.65253257751465	1342366.1899715394					85.41365838050842	1335613.137350623	102.34059381484985	1344281.802968776			116.22876906394958	1343462.565843844	114.53301429748535	1343939.79616877	104.84201884269714	1342995.0361511016	92.87340426445007	1343815.6809459873	
99.67712306976318	1342365.2414228194					85.42716693878174	1335609.5983246323	102.36562204360962	1344048.681054468			116.24239873886108	1343461.2953260671	114.55717372894287	1343934.8509335534	104.85818910598755	1342870.7776953222	92.88782072067261	1343832.6853635998	
99.69845414161682	1342553.149740703					85.4423656463623	1335622.7479629265	102.3906352519989	1344032.329529194			116.25640773773193	1343445.4910504315	114.58357048034668	1343934.8667754128	104.87165117263794	1342870.8773517725	92.90334343910217	1343801.630601411	
99.72096276283264	1342623.2320501562					85.45691156387329	1335585.9756069677	102.41715836524963	1344010.4741775042			116.2714192867279	1343447.269408513	114.60963940620422	1343940.1001587359	104.88321447372437	1342872.40684088	92.9171404838562	1343817.287418422	
99.74514603614807	1342439.979252251					85.47241711616516	1335572.677861122	102.44168186187744	1344011.6499850187			116.28593516349792	1343431.132903474	114.636643409729	1343982.999874309	104.89622044563293	1343551.0320147355	92.93214917182922	1343825.2805731131	
99.76981973648071	1342448.7770812833					85.48593306541443	1335582.696863319	102.46648263931274	1344026.0703363512			116.29994511604309	1343436.991120757	114.66334939002991	1343917.140663023	104.9092345237732	1343555.6498711025	92.94815826416016	1343811.0713239685	
99.79438591003418	1342444.0497059575					85.50044322013855	1335598.81626514	102.49401259422302	1344029.5311083465			116.31395149230957	1343407.103100936	114.6885724067688	1343910.1651333093	104.92370223999023	1343578.7809088104	92.96267604827881	1343809.0515689137	
99.81746101379395	1342435.3198119097					85.5134630203247	1335591.4572424404	102.52204012870789	1344015.544222276			116.32767391204834	1343362.421023708	114.71151924133301	1343908.266551659	104.9382381439209	1343574.3363894941	92.97668409347534	1343820.9307643438	
99.84547185897827	1342432.0632606253					85.52896738052368	1335337.4374825947	102.54527854919434	1343967.844038296			116.3413097858429	1343362.1929020388	114.73503804206848	1343928.8780853588	104.95474767684937	1343601.1772102173	92.99080038070679	1343829.6687750367	
99.86923289299011	1342444.2142516952					85.54397773742676	1335347.3096822146	102.57381200790405	1343934.955501506			116.35486340522766	1343377.9566035827	114.75674366950989	1343894.0174568505	104.96907138824463	1343603.5592422802	93.01384830474854	1343324.7902963066	
99.89112544059753	1342416.030585774					85.55851626396179	1335360.0259498104	102.59771060943604	1343951.1474892886			116.36987400054932	1343363.9488123753	114.78207898139954	1343902.0739491894	104.98358011245728	1343591.24809606	93.02708148956299	1343310.428174524	
99.9142496585846	1342747.9485820981					85.57412195205688	1335332.2311371095	102.6245687007904	1344235.9270285806			116.38813734054565	1343305.8581118549	114.80484247207642	1343603.1787654285	104.99960255622864	1343574.2426968452	93.04311537742615	1343324.0188426487	
99.9407787322998	1342322.0406496057					85.59062767028809	1335336.6850151208	102.64809012413025	1344174.8327527044			116.40702271461487	1343303.4148392593	114.82793641090393	1343605.304854513	105.01311349868774	1343590.2576229249	93.05735564231873	1343314.679108755	
99.96294093132019	1342311.2878099037					85.60563969612122	1335304.8943779818	102.67134356498718	1344403.167262862			116.42396354675293	1343314.3508754286	114.85384440422058	1343606.9732830294	105.02817678451538	1343862.5669771167	93.07133984565735	1343319.7313270734	
99.98723888397217	1342295.7993063682					85.62014818191528	1335296.382331018	102.69540119171143	1344437.5880966785			116.44112944602966	1343333.447383882	114.87771105766296	1343609.5510889317	105.0416853427887	1343544.4618786704	93.08775877952576	1343301.854213293	
100.01137256622314	1342258.4870762317					85.63467311859131	1335311.3671362349	102.71778392791748	1344210.9533460978			116.45930242538452	1343339.0805422287	114.90172481536865	1343630.2942833123	105.05527186393738	1343551.537368531	93.10447287559509	1343296.1509271688	
100.0360107421875	1342251.679641153					85.6504442691803	1335305.1213519708	102.73880434036255	1344231.7979626625			116.47831273078918	1343340.679717042	114.92725467681885	1343631.8458583662	105.0702977180481	1343582.5915196002	93.1219892501831	1343241.4244023254	
100.0581738948822	1342259.9964248533					85.6634693145752	1335323.6016466974	102.76483154296875	1344231.8765132453			116.49783372879028	1343388.1997817035	114.95138788223267	1343678.6773512287	105.08612608909607	1343594.8350770352	93.135502576828	1343254.4920712463	
100.08792543411255	1342260.8431817328					85.67797613143921	1335306.3055553518	102.78884482383728	1344025.5779191083			116.51495385169983	1342949.2656827087	114.97706341743469	1343640.8341776836	105.09963703155518	1343599.3160049072	93.14851641654968	1343281.003502123	
100.11433529853821	1342265.7544438469					85.69199085235596	1335316.1838582368	102.82058620452881	1344048.2804039575			116.53248143196106	1342982.2535637848	115.00539541244507	1343660.9426357583	105.11314558982849	1343606.9933539387	93.16303205490112	1343284.4895664572	
100.14246797561646	1342255.8352962702					85.7055025100708	1335326.9942069133	102.84561109542847	1343963.987384085			116.55120944976807	1342971.7878235292	115.03369975090027	1343650.6286866765	105.12766599655151	1343610.8261193046	93.17904376983643	1343286.4895589699	
100.16766715049744	1342365.6754652956					85.71901035308838	1335340.1131538884	102.86840438842773	1343942.8672558595			116.56765985488892	1342972.271528193	115.05734324455261	1343689.7200981881	105.14318132400513	1343166.5082305418	93.19152641296387	1343311.4998195176	
100.19147801399231	1342406.369175788					85.7360270023346	1335347.5640521077	102.8904197216034	1343923.8134216196			116.58417105674744	1342980.6760614915	115.08304023742676	1343682.9151443285	105.1561918258667	1343193.1732468233	93.20514702796936	1343306.222783123	
100.21939086914062	1342429.55173784					85.74953246116638	1335261.4984208748	102.91293978691101	1343906.7503896782			116.60368800163269	1343070.4796859254	115.1093819141388	1343682.2396167875	105.16905689239502	1343196.746180872	93.2211709022522	1343275.6519275992	
100.24471974372864	1342448.3821942748					85.7635645866394	1335239.4861540387	102.93917942047119	1343894.192284717			116.62069940567017	1343091.476605934	115.13390493392944	1343542.171727562	105.18156385421753	1343188.9580013836	93.23629021644592	1343284.4008042365	
100.26785159111023	1342435.571792117					85.77998185157776	1335301.9227924398	102.96520757675171	1343844.4763075816			116.6382110118866	1343065.6070277386	115.1620762348175	1343559.9497008936	105.19758486747742	1343194.6980796212	93.25704717636108	1343280.8688190582	
100.29436612129211	1342447.9636500124					85.79876399040222	1335436.7962713367	102.99022173881531	1343847.7548473778			116.65534377098083	1343066.669221268	115.18581676483154	1343588.73869219	105.21309733390808	1343204.4059354626	93.27200365066528	1343264.7319143564	
100.31810283660889	1342454.9664326336					85.81338739395142	1335441.6124993006	103.02024602890015	1343884.2734366395			116.67235350608826	1343086.4870338545	115.21595001220703	1343599.9047032592	105.22661662101746	1343201.4904511985	93.28702712059021	1342411.5114643304	
100.34246039390564	1342468.7811897187					85.82766342163086	1335445.4533308237	103.04704093933105	1343889.7938288327			116.6898672580719	1343103.4963781345	115.23946738243103	1343652.6670999737	105.24030351638794	1343188.5792572214	93.30084443092346	1342451.44658385	
100.36507868766785	1342475.4651518175					85.84078335762024	1335406.2244608488	103.07109999656677	1343950.8151657076			116.70519971847534	1342839.535935889	115.26235914230347	1343653.2811807157	105.25474977493286	1343187.8920122823	93.3158540725708	1342409.1230111222	
100.39245867729187	1342487.5458746394					85.85247898101807	1335418.4854645182	103.11159253120422	1343900.1239794989			116.72122406959534	1342829.1808167363	115.28456377983093	1343645.5155131286	105.26932787895203	1343157.0683587906	93.3303656578064	1342427.7562748601	
100.41498279571533	1342490.8199171934					85.86649060249329	1335455.5178696923	103.1458113193512	1343899.0433621209			116.7368278503418	1342843.5133378168	115.31089162826538	1343663.4885152546	105.285165309906	1343142.0558669479	93.34287595748901	1342388.9189164022	
100.44252324104309	1342471.6645893697					85.88199758529663	1335353.6155503963	103.18895649909973	1343897.7034607357			116.75190711021423	1342844.7760359128	115.33753800392151	1343644.9633466348	105.30074667930603	1343219.8245099983	93.3563814163208	1342359.9340432945	
100.46827673912048	1342472.973905816					85.89701128005981	1335323.9998693871	103.22798824310303	1343879.5424049438			116.76591920852661	1342858.5618669456	115.36459255218506	1343657.089553779	105.31326007843018	1343230.4615884833	93.37089133262634	1342919.8578819474	
100.49100708961487	1342469.766149279					85.91201877593994	1335297.7293596487	103.26574158668518	1343886.3722883044			116.7811176776886	1342858.7003488517	115.38953518867493	1343678.2574988916	105.32871961593628	1343238.2539459094	93.38439869880676	1343084.895108767	
100.51439189910889	1342468.6319831125					85.92652773857117	1335293.2857600078	103.30076789855957	1343788.4685863263			116.79912781715393	1342864.6224349383	115.41525435447693	1343706.2583979336	105.34351944923401	1343259.8559246573	93.39951801300049	1343123.8266086609	
100.54064178466797	1342480.1567758955					85.94003796577454	1335294.9756189252	103.34397482872009	1343772.6412746583			116.81613945960999	1342874.631335578	115.43876719474792	1343712.3659605351	105.35804605484009	1343248.0633438344	93.41552662849426	1343125.8163671708	
100.5647976398468	1342171.4412840537					85.95555925369263	1335315.984516578	103.38050842285156	1343876.528591546			116.83114838600159	1342869.1275876465	115.46385216712952	1343706.8150677625	105.37275886535645	1343228.2462742068	93.42924761772156	1343120.7589747172	
100.58938813209534	1342168.8149590413					85.96931076049805	1335324.4646523718	103.41903257369995	1344002.9301763468			116.84466600418091	1342886.73885047	115.48863053321838	1343689.9201164811	105.38678812980652	1343260.6710183416	93.44476056098938	1343106.9468534375	
100.61598205566406	1342197.3321512095					85.98332953453064	1335309.6117275371	103.46419882774353	1343996.3920834356			116.86028671264648	1342969.3845036696	115.51084208488464	1343649.1748970973	105.40131068229675	1343268.1220645711	93.45925092697144	1343164.313680335	
100.6366958618164	1342209.7917544073					85.99883818626404	1335315.6882053844	103.50122809410095	1343997.7245689563			116.87481641769409	1342963.01098348	115.53616714477539	1343653.2167810947	105.41485238075256	1343259.96473691	93.47448134422302	1343122.377595973	
100.65788888931274	1342210.7280318432					86.01485419273376	1335311.4207525682	103.53686356544495	1343994.956804165			116.89220452308655	1342957.3560213996	115.56099462509155	1343654.4119056899	105.42806625366211	1343304.7612183113	93.49499845504761	1343112.6124417738	
100.68068718910217	1342196.649424825					86.02936124801636	1335354.6304696824	103.57839822769165	1343996.6272446357			116.90821599960327	1342959.375936967	115.58302068710327	1343657.8430813018	105.44357967376709	1343301.6562168668	93.51051592826843	1343108.2543322283	
100.7030668258667	1342181.9286344743					86.04405617713928	1335047.53783563	103.61742687225342	1343469.7067138022			116.92373132705688	1342956.9507088144	115.60719871520996	1343655.2085780713	105.4575924873352	1343299.821641017	93.52402186393738	1343332.308358647	
100.72676634788513	1342151.6077166614					86.0610773563385	1335058.41232332	103.65448808670044	1343467.708416903			116.93788838386536	1342945.5404551486	115.639723777771	1343632.3232304861	105.47309970855713	1343323.621583483	93.53802919387817	1343309.1219058505	
100.75395941734314	1342142.221691208					86.07509255409241	1335015.8483022382	103.69273328781128	1343471.904394564			116.95398330688477	1342949.8892010632	115.666433095932	1343626.344700406	105.48841953277588	1343291.2660584098	93.55254459381104	1343029.7257183252	
100.7755708694458	1342149.4867763345					86.09059977531433	1335084.5903228577	103.72577118873596	1343498.6343652091			116.97249031066895	1342963.0260593742	115.69283032417297	1343623.7146193206	105.50185632705688	1343308.371458153	93.56555366516113	1343027.5475146705	
100.80024552345276	1342227.8045852073					86.10562086105347	1335062.5750428797	103.76303720474243	1343497.6880510957			116.98800444602966	1342984.5853687234	115.71562242507935	1343638.7404604715	105.51601147651672	1343295.2790424344	93.57905721664429	1343018.0674124705	
100.82233881950378	1342221.6580371624					86.12112855911255	1335086.752195743	103.80457186698914	1343506.3881427567			117.0045166015625	1343026.526802294	115.73953056335449	1343611.8587015283	105.53003263473511	1343297.521941432	93.59214043617249	1343018.587252609	
100.85051798820496	1342199.5133140404					86.13715100288391	1335072.9560242041	103.84411025047302	1343502.4882118073			117.02203917503357	1343036.5255814567	115.76898312568665	1343616.6357558498	105.54468250274658	1343301.8689027315	93.60691809654236	1343015.5640737563	
100.87664604187012	1342200.0080794955					86.15334820747375	1335061.3886406575	103.88883185386658	1343501.087082152			117.0385513305664	1343041.5291839642	115.79615187644958	1343920.9838854398	105.55876541137695	1343304.5683123132	93.62255454063416	1343007.9179225902	
100.8981728553772	1342204.0103545613					86.16891813278198	1334901.8104488982	103.93224906921387	1343489.3894716317			117.05474662780762	1343049.259741675	115.82367420196533	1343916.2040808066	105.57227492332458	1343294.7617620178	93.63475179672241	1343024.3140051323	
100.92340016365051	1342195.566752675					86.1863055229187	1334951.502168268	103.9692633152008	1343476.425085914			117.07075643539429	1343123.512272204	115.84970736503601	1343916.5289366876	105.59029340744019	1343227.8364585189	93.64775800704956	1343064.2920640155	
100.94589304924011	1342201.1199932476					86.20081686973572	1334947.0113472997	104.00629091262817	1343493.332165839			117.0852701663971	1343122.3440480947	115.87494897842407	1343899.498585167	105.6048035621643	1343231.093690266	93.66249752044678	1343056.9297575227	
100.96953320503235	1342185.9861501423					86.21583318710327	1335279.3992896765	104.04582118988037	1343491.3112269784			117.0992784500122	1343134.7264259332	115.9040412902832	1343637.0677260011	105.6188178062439	1343232.7840795212	93.67812418937683	1343058.7806512453	
100.99398255348206	1342437.8860215386					86.23055768013	1335295.8792161755	104.08108305931091	1343495.5225237038			117.11428761482239	1343131.5033434564	115.92942357063293	1343702.6502736937	105.63235235214233	1343227.6430625655	93.69163870811462	1343802.991741838	
101.01773762702942	1342504.913639932					86.24571323394775	1335303.1486387984	104.12213325500488	1343503.6543685712			117.13096499443054	1343010.6013438362	115.95593190193176	1343693.8038670712	105.64464116096497	1343299.1254883772	93.70765113830566	1343816.8079703664	
101.03952646255493	1342470.9495687187					86.25973105430603	1335303.7123901197	104.16421675682068	1343476.270454797			117.14717078208923	1343458.0733419843	115.98185873031616	1343675.5511137624	105.65839147567749	1343165.929565188	93.72244930267334	1343833.5152183033	
101.06409978866577	1342475.8569796262					86.27374982833862	1335317.3548539714	104.19773721694946	1343488.0665628416			117.16669535636902	1343465.413963788	116.00632667541504	1343678.9908517504	105.67152094841003	1343223.8431753628	93.73846411705017	1343066.8223603377	
101.08733701705933	1342463.5908102077					86.28925585746765	1335274.2959919444	104.23676609992981	1343477.7769695884			117.18171215057373	1343475.1867390322	116.03313040733337	1343704.4506902283	105.68508219718933	1343205.511871028	93.75503182411194	1343427.0599934408	
101.11047291755676	1342487.3174949214					86.30427074432373	1335253.3964148434	104.2784652709961	1343491.2535159893			117.19572496414185	1343474.4085435842	116.05926418304443	1343708.1887840847	105.70009660720825	1343185.1535564933	93.77051949501038	1343431.38323826	
101.13404941558838	1342455.9783928965					86.32078003883362	1335287.1143261797	104.31749653816223	1343477.8700656397			117.21022868156433	1343481.6010681826	116.08841228485107	1343700.4223292132	105.71460723876953	1343213.7432403152	93.78554272651672	1343423.5055154893	
101.15709447860718	1342371.4103813635					86.33679461479187	1335255.4413278387	104.36123394966125	1343460.7000349571			117.22724747657776	1343489.6710906841	116.11211895942688	1343693.573832711	105.7286627292633	1343187.1198673677	93.7990460395813	1343432.6151121228	
101.18182754516602	1342422.9348431402					86.35030031204224	1335226.8173657462	104.39375233650208	1343467.7374917464			117.2424042224884	1343494.8048537706	116.13670110702515	1343708.7739269973	105.7422513961792	1343187.0048760208	93.81287550926208	1343419.9965697045	
101.20700073242188	1342429.0769122262					86.36698174476624	1335235.621145532	104.42827343940735	1343471.0543826127			117.25661039352417	1343190.1973593773	116.16091132164001	1343702.9308209647	105.75831580162048	1343178.2643303482	93.82668447494507	1343422.3962646928	
101.23141980171204	1342444.0299660454					86.37948799133301	1335236.1006668797	104.4613196849823	1343465.531151541			117.27162194252014	1343184.976836672	116.18943691253662	1343722.9950524257	105.77191495895386	1343181.5957973877	93.840341091156	1343434.3264983636	
101.25757694244385	1342441.3010075805					86.39250183105469	1335216.8654618217	104.49934434890747	1343438.3015866673			117.28763937950134	1343149.217033023	116.21395301818848	1343677.7994833349	105.78642249107361	1343199.2238078804	93.85539865493774	1343519.7982926504	
101.28087711334229	1342915.394672315					86.40401005744934	1335239.069945174	104.53353190422058	1343826.1485555866			117.30364990234375	1343132.4665121853	116.24467611312866	1343680.2675056548	105.79844784736633	1343185.3380571336	93.86935687065125	1343518.0336888828	
101.30624151229858	1342919.9079815298					86.41851449012756	1335214.3351791739	104.570063829422	1343840.66162142			117.31913256645203	1343162.7753000539	116.27070140838623	1343670.5053479737	105.81347250938416	1343175.3641998305	93.88368964195251	1343518.038215079	
101.32823252677917	1342898.7836570344					86.43302965164185	1335210.6826541661	104.60359001159668	1343876.3464705355			117.33428120613098	1343171.665282808	116.29982900619507	1343674.4393177063	105.82865738868713	1343153.9612628685	93.89770150184631	1343513.2364937586	
101.35195899009705	1342886.3396132155					86.44867062568665	1335122.976792519	104.64263153076172	1343684.684427587			117.35046172142029	1343155.7887335976	116.33707237243652	1343755.1684896667	105.84290313720703	1343182.953427515	93.91235947608948	1343515.296791743	
101.37517881393433	1342607.7047537516					86.46318650245667	1335118.9279341206	104.67749047279358	1343681.6540845425			117.36647629737854	1343178.7506775311	116.37040591239929	1343743.8849835903	105.85641646385193	1343149.6989063777	93.92686462402344	1343462.3425151957	
101.39983582496643	1342608.6711147113					86.47869229316711	1335119.4554323193	104.71623015403748	1343672.110775189			117.37998223304749	1343345.5711876221	116.40497469902039	1343749.0445871872	105.87043333053589	1343170.5637403363	93.94239044189453	1343471.5774749639	
101.4262707233429	1342669.3955702577					86.49470472335815	1335121.701992295	104.75413942337036	1343656.922423277			117.39722466468811	1343299.2369854797	116.4473204612732	1343801.5987433235	105.88494658470154	1343176.156770653	93.95940017700195	1343475.3269962375	
101.44932079315186	1342662.9577635883					86.50821280479431	1335120.3155961523	104.78666567802429	1343654.4132969307			117.4137372970581	1343539.5084692803	116.50479650497437	1343750.1974885645	105.89796376228333	1343178.3371188834	93.97341132164001	1343426.2731256455	
101.47413897514343	1342640.0465345369					86.52322888374329	1335137.6726324696	104.82369256019592	1343760.288455871			117.4298689365387	1343570.6238087662	116.54661846160889	1343738.5377659907	105.9124710559845	1343172.4393167596	93.98792743682861	1343419.5753918786	
101.49915099143982	1342654.1997942075					86.53873419761658	1335136.397855427	104.8537244796753	1343822.8175017303			117.44518399238586	1343618.3030582757	116.58264374732971	1343830.925381694	105.92649483680725	1343173.4463225005	94.00235247612	1343395.2256476472	
101.5241584777832	1342686.2849203525					86.55124568939209	1335157.4387249118	104.88825368881226	1343830.487543697			117.4603967666626	1343612.6232935553	116.62163615226746	1343839.3328206644	105.94151186943054	1343210.6318565686	94.01736235618591	1343366.827078265	
101.5493655204773	1342688.8582424624					86.56896471977234	1335167.6300366337	104.91376972198486	1343833.069682886			117.47589135169983	1343628.5873465363	116.65666270256042	1343865.6094344878	105.95753073692322	1343209.502182499	94.03087210655212	1343372.2515421382	
101.57233214378357	1342689.9323483417					86.5839741230011	1335185.885349041	104.94457674026489	1343826.401020661			117.49109482765198	1343632.486486188	116.69385647773743	1343854.7301808107	105.97225737571716	1343188.9221455667	94.04499554634094	1343363.9212253932	
101.60113644599915	1342680.8631704545					86.59847927093506	1335220.7509763571	104.97773766517639	1343774.4893459962			117.5064742565155	1343620.51766372	116.73778009414673	1343857.409145237	105.98727989196777	1343202.7060800244	94.05800461769104	1343377.3402037069	
101.62426590919495	1342675.2696349984					86.61198830604553	1335214.647329145	105.01176452636719	1343772.3991889493			117.52459764480591	1343611.0889731802	116.79582214355469	1343858.9016588177	106.0027859210968	1343208.8382152144	94.07051610946655	1343370.0330489744	
101.6475555896759	1342681.6449269985					86.62600088119507	1335219.0222758357	105.04879641532898	1343703.5352902215			117.54174089431763	1343610.386857381	116.83678650856018	1343857.257968377	106.01680421829224	1343209.0504885279	94.08514595031738	1343303.1201971376	
101.6728208065033	1342681.0989713587					86.64121627807617	1335239.2456675128	105.08203411102295	1343679.22368304			117.55510830879211	1343623.527812907	116.87211585044861	1343857.4868324422	106.03151106834412	1343215.0277653532	94.09930801391602	1343299.237786653	
101.6994481086731	1342673.5897277563					86.6554229259491	1335254.184585215	105.10705089569092	1343660.021618083			117.56961274147034	1343625.0007011178	116.90533542633057	1343901.355180563	106.04367756843567	1343186.8867644996	94.11454725265503	1343290.7193810034	
101.72475171089172	1342659.2233442345					86.67092943191528	1335258.1673610967	105.14190530776978	1343452.3634710421			117.58408546447754	1343610.3992026746	116.94442248344421	1343904.6103345023	106.0586907863617	1343223.0460746149	94.12955832481384	1343295.9829105875	
101.75099873542786	1342642.927810829					86.68594360351562	1335371.203966383	105.17230439186096	1343452.9341539063			117.60009956359863	1343567.809199057	116.98133254051208	1343889.7185553445	106.07228112220764	1343229.2646027	94.14356803894043	1343286.0432299108	
101.77608680725098	1342643.2881228866					86.70044875144958	1335385.5577903546	105.20584678649902	1343409.9210646718			117.61479163169861	1343519.0003222139	117.03639936447144	1343795.384214113	106.0873019695282	1343289.5898219575	94.15826725959778	1343298.201672801	
101.80165958404541	1342642.5951469536					86.71546506881714	1335382.738472988	105.23936629295349	1343374.9638314594			117.62798428535461	1343522.8544487949	117.08279228210449	1343789.8655226172	106.10181188583374	1343299.6643827832	94.17027688026428	1343307.4380486605	
101.84342312812805	1342652.7340170166					86.72997307777405	1335333.7471391594	105.2700445652008	1343372.5165532914			117.64258623123169	1343528.4039253993	117.11964631080627	1343796.2842526177	106.11594200134277	1343315.110088436	94.18579077720642	1343315.3759607784	
101.87673282623291	1342545.5890755507					86.74399423599243	1335336.5787692892	105.30357098579407	1344375.6743021172			117.65741229057312	1343982.6431537317	117.15540981292725	1343790.0220986612	106.13035583496094	1343307.9783270233	94.19929838180542	1343310.833449928	
101.91099262237549	1342560.9111320612					86.75966954231262	1335287.3107742195	105.33570432662964	1343385.3813218696			117.67243123054504	1343500.4229630714	117.19669079780579	1343759.2715691337	106.14386320114136	1343306.1476697538	94.21381282806396	1343562.1871627683	
101.93801140785217	1342561.8540498083					86.77468371391296	1335298.4703159141	105.37423896789551	1343645.6357902812			117.68894553184509	1343379.8697483435	117.23121404647827	1343768.129345883	106.15687155723572	1343309.707127788	94.22882175445557	1343469.1786380806	
101.96470427513123	1342549.9328666716					86.78918862342834	1335288.3494053571	105.40876078605652	1343681.7042653544			117.70219039916992	1343394.9838074243	117.27071571350098	1343768.954769034	106.17189478874207	1343309.1480921295	94.24301767349243	1343467.1746930531	
101.99564933776855	1342528.8421336308					86.80322051048279	1335292.8596223164	105.4402847290039	1343681.5405981247			117.71672010421753	1343402.7218455758	117.31206703186035	1343760.7006139515	106.18639731407166	1343330.379695345	94.25902509689331	1343467.1800937755	
102.02717709541321	1342663.6429830159					86.81739664077759	1335290.381406912	105.47289514541626	1343701.8578648733			117.73225927352905	1343391.9462386111	117.3522584438324	1343727.915281929	106.20047426223755	1343332.6621077978	94.27233505249023	1343478.6712873417	
102.05870246887207	1342672.1893239378					86.83191275596619	1335205.7838814915	105.50641679763794	1343606.037533464			117.74614429473877	1343398.9536780422	117.38928771018982	1343722.7102648306	106.21505165100098	1343350.3678261572	94.28684687614441	1343500.5650167062	
102.09074091911316	1342674.2795313217					86.84671688079834	1334927.744350888	105.5330901145935	1343576.9034508201			117.7605652809143	1343413.598827132	117.43231725692749	1343998.399763612	106.22868847846985	1343331.3533941882	94.3023624420166	1343817.1365446374	
102.1225414276123	1342675.9150774267					86.86402106285095	1334776.5587288756	105.56912636756897	1343567.561958987			117.77609062194824	1343411.5726108365	117.4672634601593	1344006.3187569214	106.2439033985138	1343307.8253557256	94.31686735153198	1343467.2974569192	
102.15756916999817	1342859.1981179158					86.87907791137695	1334655.4516557301	105.59864616394043	1343577.4446414376			117.79229855537415	1343340.95787615	117.50449466705322	1343998.325759974	106.25892996788025	1343280.5961216954	94.33238410949707	1343468.1327844565	
102.1828064918518	1342874.7287497127					86.89309692382812	1334672.7758995045	105.62916898727417	1343585.178166015			117.80682158470154	1343318.1611574274	117.54270768165588	1343992.6184911632	106.27444243431091	1343252.2131469846	94.34539127349854	1343465.551954852	
102.21077370643616	1342896.0592352813					86.90911531448364	1334690.5545342464	105.66220998764038	1343553.9329288397			117.82034587860107	1343328.7865584583	117.58841109275818	1343989.9639328583	106.28892731666565	1343291.7951837417	94.35940265655518	1343477.5279241246	
102.24330043792725	1342889.1794467997					86.9241509437561	1334667.9880654851	105.70402264595032	1343622.9021185949			117.83386182785034	1343294.9670123244	117.6286473274231	1343995.7219744085	106.30243587493896	1343282.2425844967	94.37441158294678	1343482.7729796967	
102.26635193824768	1342891.7105528205					86.93816828727722	1334661.2689922836	105.73823046684265	1343644.4257197166			117.84727454185486	1343293.1882839322	117.67066788673401	1344005.9034880213	106.31746792793274	1343279.4403285566	94.3875367641449	1343429.1920502514	
102.29637479782104	1342888.6680722511					86.95218467712402	1334694.3584296342	105.76325798034668	1343672.781520296			117.86286950111389	1343301.3378317328	117.71077561378479	1343786.988067349	106.33265328407288	1343284.7417910604	94.40205192565918	1343423.077939045	
102.31840324401855	1342884.440679339					86.96621990203857	1334718.8398713893	105.79778027534485	1343657.3324891753			117.87791562080383	1343297.9395723273	117.74572801589966	1343786.0609290302	106.34613871574402	1343283.047816435	94.41555738449097	1343431.998240268	
102.34642910957336	1342905.2142555993					86.98223042488098	1334725.449745544	105.8263053894043	1343651.8856153			117.89377522468567	1343261.6812944268	117.78290557861328	1343782.9690638634	106.36072039604187	1343295.0322001118	94.43178582191467	1343436.6062298815	
102.37046217918396	1342875.039311844					86.99874448776245	1334730.7609302774	105.85133051872253	1343657.490920691			117.9077980518341	1343262.5551332936	117.82055974006653	1343943.9929604924	106.37672662734985	1343081.7658715656	94.44679689407349	1342783.8081063468	
102.39521622657776	1342869.1007579016					87.01675510406494	1334732.4036974171	105.88305807113647	1343660.8435595913			117.92288160324097	1343249.6790257213	117.86134028434753	1344162.9336553498	106.39124059677124	1343052.835659844	94.46080803871155	1342994.1672961689	
102.42134952545166	1343188.1751770873					87.03177332878113	1334711.2467728215	105.91511392593384	1343663.3994397991			117.93539428710938	1343228.3199043276	117.90517926216125	1344144.4894667813	106.40474510192871	1343059.2155241438	94.47452902793884	1342623.0768270032	
102.44836640357971	1342895.6432946338					87.04797911643982	1334686.5448026685	105.95031690597534	1343616.2593156018			117.94891381263733	1343239.1477549733	117.94567656517029	1344173.1287836968	106.41875958442688	1343059.243650539	94.49054098129272	1341205.2476963175	
102.4743881225586	1342902.3873415506					87.06250500679016	1334681.312468745	105.98928189277649	1343627.7241107547			117.9626293182373	1343560.2117810156	117.99792456626892	1344186.6489670645	106.43272137641907	1343044.7459587262	94.50555300712585	1341254.9471050322	
102.50040793418884	1342840.1994756523					87.07701826095581	1334681.7965033816	106.01880192756653	1343621.1699438177			117.97831630706787	1343539.7018748722	118.03639793395996	1343930.372952703	106.44490766525269	1343063.7950803512	94.51856017112732	1341253.873678689	
102.5261881351471	1342967.41328255					87.0940330028534	1334691.2357762414	106.0503318309784	1343629.4224436863			117.99282145500183	1343539.372565285	118.07488489151001	1343933.8721367368	106.45992183685303	1343065.8637953133	94.53307366371155	1341247.3518201828	
102.5487117767334	1342971.9948338757					87.1105408668518	1334673.3718920993	106.08108568191528	1343630.5476944824			118.0075740814209	1343538.068556326	118.1229772567749	1343936.1035535971	106.47442936897278	1343050.8582327021	94.54608178138733	1341262.6182263298	
102.57311391830444	1342994.5810709468					87.12255549430847	1334705.764392446	106.11239552497864	1343630.7699182383			118.02275228500366	1343565.8986171477	118.15925312042236	1343940.0388893494	106.48917627334595	1343031.3611092316	94.56024765968323	1341245.782975628	
102.59863996505737	1343001.4811085265					87.13706851005554	1334012.9690149156	106.14770269393921	1343623.9415991704			118.03626775741577	1343309.7935798778	118.20440077781677	1343947.4016405358	106.50595879554749	1343031.199386538	94.5748598575592	1341215.4446399459	
102.62672185897827	1343019.9060872286					87.15207934379578	1334014.5264681242	106.18673276901245	1343639.6588725955			118.05296468734741	1343212.0393503136	118.25166320800781	1343952.8558693717	106.52098345756531	1343037.6309956554	94.58837652206421	1341211.4289350414	
102.65157437324524	1343011.665093035					87.16510772705078	1334008.3099761591	106.22025609016418	1343608.7223550645			118.06548285484314	1343219.687884138	118.29092502593994	1343939.8951834415	106.53451657295227	1343067.9006610129	94.60360431671143	1341237.3738066785	
102.6733250617981	1343011.3688589626					87.18061423301697	1334023.2875867588	106.24177861213684	1343614.446582991			118.07998776435852	1343215.0408221912	118.3259551525116	1343938.7125731518	106.54853415489197	1343074.8838267464	94.61876440048218	1341226.7130721603	
102.6968412399292	1343011.6744203968					87.19462943077087	1334031.2412547765	106.27249813079834	1343303.5315409098			118.09450030326843	1343425.1201640456	118.36377120018005	1343931.0120877374	106.56204128265381	1343075.4060017718	94.6327748298645	1341237.913675753	
102.72156357765198	1342981.9335203397					87.2091372013092	1334022.9210317484	106.30601954460144	1343318.6757370124			118.11001396179199	1343419.678156033	118.39282727241516	1343913.9155759925	106.57840180397034	1343084.603879278	94.64831733703613	1341243.4055154123	
102.7480821609497	1342983.3348514256					87.22514915466309	1334049.2674689756	106.33868098258972	1343316.2896519953			118.12518072128296	1343440.399917766	118.4213879108429	1343929.4426990289	106.59291005134583	1343084.6247299497	94.6628360748291	1341245.4065355114	
102.77461338043213	1342990.3882545107					87.24030804634094	1334107.5757890567	106.366708278656	1343315.1802716982			118.13883590698242	1343455.3166717456	118.44627165794373	1343931.4589837824	106.60787630081177	1343085.7795524015	94.67703866958618	1341252.3964634684	
102.80083632469177	1342759.2691747767					87.2543272972107	1334121.0019296969	106.40473556518555	1343351.4576904906			118.15508365631104	1343446.3225573632	118.47692203521729	1343892.8968195277	106.6260097026825	1343087.7509493202	94.69155144691467	1341228.43252143	
102.82386493682861	1342755.0179470775					87.26834106445312	1334149.7853000683	106.43825602531433	1343359.2031522924			118.17041182518005	1343450.288781449	118.5024836063385	1343880.310602761	106.64141154289246	1343040.1989257087	94.7115707397461	1341201.3684557893	
102.84838461875916	1342752.8208768992					87.28535318374634	1334144.544086211	106.4788613319397	1343420.4188892678			118.18381404876709	1343446.8793150003	118.5265862941742	1343884.4659235785	106.66053223609924	1343090.025349294	94.72615194320679	1341194.3321835338	
102.87140774726868	1342773.281347051					87.29986882209778	1334147.9304119945	106.50738167762756	1343386.2912055384			118.19886636734009	1343456.0793043207	118.55229353904724	1343916.046859165	106.67504262924194	1343093.7227054075	94.74086260795593	1341208.273405238	
102.89643430709839	1342751.9504453375					87.31388282775879	1334846.4674983616	106.53642082214355	1343384.9391526126			118.21227765083313	1343461.81569748	118.5779812335968	1343911.6728930876	106.69035339355469	1343102.9748572367	94.75337433815002	1341219.971557876	
102.92029142379761	1342805.299388071					87.32739114761353	1334863.5000453438	106.56848931312561	1343361.2992076671			118.22730326652527	1343472.7799422573	118.6029999256134	1343941.0346072672	106.7053906917572	1343093.5191392282	94.76738238334656	1341266.2931938304	
102.9498119354248	1342763.241072241					87.34240317344666	1334879.3709724192	106.59411859512329	1343369.66636931			118.24382281303406	1343481.1956248432	118.62606453895569	1343951.6868251015	106.72143030166626	1343156.9653656634	94.7818992137909	1341271.7041025814	
102.97234535217285	1342769.1928354788					87.35742115974426	1335216.9936843193	106.62563991546631	1343379.938017429			118.25807785987854	1343475.700899177	118.65184164047241	1343963.2197220426	106.7369647026062	1343168.4724541348	94.79544281959534	1341300.4542675328	
102.99954557418823	1342786.9687237323					87.3726019859314	1334864.418730987	106.65766716003418	1343371.760497738			118.27559351921082	1343473.5032832827	118.68378686904907	1343971.1696587128	106.76436233520508	1343157.8128276104	94.8089509010315	1341300.6837013538	
103.0240707397461	1342810.9291542508					87.38611221313477	1334870.3736389556	106.69435858726501	1343369.5413387949			118.28960347175598	1343442.8793086538	118.71631360054016	1343974.7888518283	106.79370832443237	1343160.354148976	94.82202744483948	1341311.5442986055	
103.05059599876404	1342823.9393556574					87.4021224975586	1334905.6856073982	106.72013878822327	1343339.4543795988			118.3026168346405	1343479.8452222396	118.75172829627991	1343962.9528165674	106.81930756568909	1343166.840185069	94.83622527122498	1341317.7445137452	
103.07511305809021	1342843.3219168657					87.41663718223572	1334894.9667293332	106.75046396255493	1343234.752328345			118.3186366558075	1343481.7821265208	118.78847193717957	1343962.196038541	106.84293532371521	1343150.0253276108	94.85050463676453	1341303.8639803508	
103.09712529182434	1342812.9036146123					87.4301450252533	1334888.4336348583	106.77900385856628	1343237.5076476298			118.33381843566895	1343430.678047045	118.82949137687683	1343968.6142281813	106.87023115158081	1343318.1118979899	94.86451697349548	1341275.7617267312	
103.12166953086853	1342785.067632005					87.44428706169128	1334824.7527582748	106.81070613861084	1343271.7827082986			118.3490514755249	1343436.8804305666	118.86181640625	1343970.586986342	106.89492559432983	1343328.4157240447	94.87881326675415	1341378.3073404657	
103.15128779411316	1342781.4102768702					87.45929980278015	1334804.0603226712	106.84135413169861	1343257.4512821757			118.36457419395447	1343504.4439373706	118.88745331764221	1343961.1850204011	106.92595839500427	1343249.4262570054	94.89232516288757	1341363.0475250916	
103.1798243522644	1342784.8545258143					87.47331404685974	1334804.4692121851	106.87152934074402	1343310.0691829333			118.37958574295044	1343338.1815134455	118.91083455085754	1343957.4248317946	106.94948935508728	1343256.1855851065	94.9053373336792	1341352.9141711209	
103.20853281021118	1342786.825333044					87.48781943321228	1334805.3723462252	106.90428853034973	1343313.7786561009			118.39259600639343	1343337.8837490857	118.93542337417603	1343957.1889012363	106.97480082511902	1343259.782896877	94.91934990882874	1341344.1153091644	
103.23620223999023	1342766.0480434364					87.50483918190002	1334800.00329804	106.93690395355225	1343272.0209727937			118.40560483932495	1343338.2502967755	118.96174001693726	1343880.38989715	106.99933290481567	1343264.4185550446	94.93586158752441	1341269.243341034	
103.25873064994812	1342766.9913019					87.51934885978699	1335128.2970533345	106.96593284606934	1343291.7697776903			118.41912055015564	1343320.7850618297	118.98781394958496	1343993.4540256544	107.023357629776	1343183.0227342634	94.95287251472473	1341304.0137271693	
103.28325867652893	1342966.1479618992					87.53336691856384	1335105.9943491635	106.99845433235168	1343284.141132997			118.43463230133057	1343319.9056204278	119.01583361625671	1343898.3725721573	107.05137181282043	1343140.3148915803	94.9708960056305	1341314.7697603381	
103.3117344379425	1342813.399494984					87.54787492752075	1334995.2713246222	107.02897620201111	1343291.7378634722			118.45029330253601	1343315.9569509784	119.03913879394531	1343967.866813327	107.07790160179138	1343145.5258954964	94.98690915107727	1341323.075523988	
103.33403968811035	1342829.0019894147					87.56290364265442	1334764.1006880961	107.05900382995605	1343298.2538099068			118.46380090713501	1343317.7612957521	119.06413173675537	1343980.9927508167	107.10395932197571	1343154.3950017835	95.00142908096313	1341334.6630541917	
103.35805439949036	1342829.725536248					87.57808375358582	1334764.168600963	107.08715653419495	1343302.4089106268			118.47581362724304	1343292.8482350153	119.08743619918823	1343983.1890482379	107.13075709342957	1343281.6092449217	95.0164384841919	1341385.0867929545	
103.38945984840393	1342817.3966564469					87.59059190750122	1334786.3011190041	107.1176769733429	1343334.8884366723			118.4908275604248	1343298.1778091954	119.1132481098175	1343978.737784697	107.15553164482117	1343285.6644144265	95.03162288665771	1341396.6081672837	
103.41248512268066	1342819.0397566322					87.60560750961304	1334741.6447576913	107.15048217773438	1343327.6544457714			118.50635147094727	1343299.2354198438	119.1362817287445	1343978.1064501093	107.17953324317932	1343263.5822681868	95.04412770271301	1341396.6085085	
103.4380235671997	1342779.8702203664					87.62262296676636	1334738.891443888	107.1795015335083	1343328.7812361435			118.52036547660828	1343258.6071057932	119.16022658348083	1343968.6694906747	107.20706725120544	1343256.7603764345	95.05863690376282	1341400.4146444814	
103.46805214881897	1342809.4175567816					87.63664436340332	1334725.8478333754	107.21182870864868	1343331.940103705			118.53299808502197	1343305.0696211024	119.18576073646545	1343967.504633447	107.232342004776	1343241.0791232553	95.07215213775635	1341401.3746847264	
103.49307918548584	1342824.8214187166					87.65030670166016	1334735.4704992757	107.2478141784668	1343239.264849465			118.54866051673889	1343303.6240182025	119.21134185791016	1343966.0264707126	107.2598819732666	1343299.0633771883	95.0863881111145	1341409.9577020013	
103.51877570152283	1342820.3609923264					87.66483616828918	1334736.0318304123	107.27499222755432	1343599.026416324			118.56267237663269	1343294.1468951511	119.23785758018494	1343989.0436514174	107.28502368927002	1343419.5849341755	95.1014015674591	1341410.683965892	
103.54080843925476	1342808.4711342473					87.67934513092041	1334747.8839899956	107.30551290512085	1343602.1424362494			118.5766818523407	1343335.5979019897	119.26473331451416	1343991.9173006972	107.31458902359009	1343420.3730318923	95.11641144752502	1341385.597525802	
103.56731963157654	1342823.0555721398					87.69336271286011	1334752.9875193392	107.33619093894958	1343450.2608220314			118.59268975257874	1343329.0335517896	119.28935885429382	1343988.6717867432	107.34239435195923	1343438.9114593167	95.13152027130127	1341365.8037068218	
103.59274053573608	1342822.5407603628					87.70886659622192	1334764.8922194554	107.36321759223938	1343448.894479192			118.60720729827881	1343321.4423242065	119.31590223312378	1343961.3856445423	107.36736297607422	1343420.4546267346	95.14552879333496	1341360.0311975256	
103.61625385284424	1342910.3098110796					87.7238838672638	1334844.5761663083	107.39173698425293	1343432.9693859536			118.62072277069092	1343314.8256993496	119.3380537033081	1343921.4892944067	107.39474081993103	1343386.4116380087	95.15903544425964	1341359.6915471172	
103.64827609062195	1342910.5081800898					87.73838901519775	1334817.9973684892	107.42125988006592	1343473.341389448			118.635737657547	1343300.414195281	119.36342692375183	1344005.8418695831	107.41859722137451	1343391.0188511969	95.17504405975342	1341345.4578174872	
103.67131280899048	1342911.7199167027					87.75239729881287	1334808.8522557474	107.4522922039032	1343452.5889640718			118.6492486000061	1343303.0284252155	119.3919472694397	1344000.4668489462	107.4447991847992	1343394.712144751	95.19206190109253	1341334.9985005483	
103.6978440284729	1342905.5542804317					87.76547527313232	1334824.4392390405	107.48048567771912	1343448.294788597			118.66543388366699	1343295.1106254838	119.4139575958252	1344004.2039159534	107.46940660476685	1343415.3328975902	95.20507001876831	1341379.0098895829	
103.72817134857178	1342902.0281933772					87.77973413467407	1334857.7025037329	107.50750350952148	1343445.979737233			118.67944192886353	1343254.720506295	119.43901753425598	1343998.7409143827	107.49252367019653	1343413.8389961324	95.21908164024353	1341375.2569365127	
103.75319743156433	1342907.8772391023					87.79374647140503	1334891.6999202184	107.54334783554077	1343440.503737509			118.69545102119446	1343272.6341216334	119.46241211891174	1343987.942477733	107.51813888549805	1343419.2109738044	95.23321437835693	1341363.0692916973	
103.77871680259705	1342927.7049621327					87.80976271629333	1334968.0058916253	107.57637548446655	1343432.9339560978			118.70998287200928	1343243.246568694	119.48848128318787	1343892.9273848163	107.54533624649048	1343416.8269512851	95.24822306632996	1341399.1528862333	
103.80424785614014	1342941.042431206					87.82442831993103	1334784.7427456344	107.60789823532104	1342839.6167802934			118.72400784492493	1343259.625884454	119.51323628425598	1343897.314480749	107.57288813591003	1343403.1983012932	95.26274228096008	1341380.9901790563	
103.82978415489197	1342925.4431305486					87.84015536308289	1334795.3420113055	107.63255453109741	1342826.914789581			118.73967385292053	1343255.3182731576	119.53675699234009	1343913.4694312117	107.59831643104553	1343375.7998619026	95.27625489234924	1341382.5143408894	
103.85180711746216	1342929.4128480442					87.85334253311157	1334754.3931162748	107.66265726089478	1342825.619297339			118.75289916992188	1343258.6533554308	119.56366753578186	1343924.3202913993	107.62201237678528	1343388.923824558	95.29147982597351	1341385.7906258784	
103.87632751464844	1342927.7814363171					87.86786413192749	1334755.8672142175	107.69196105003357	1342832.2880262793			118.7654116153717	1343260.2754488399	119.58566784858704	1343916.2738771094	107.64758467674255	1343377.2919788046	95.30549120903015	1341389.9817048823	
103.89885973930359	1342937.3285587826					87.88118600845337	1334762.0132348556	107.7204806804657	1342731.3247916002			118.77942490577698	1343204.7337238197	119.6088330745697	1343919.5086715806	107.67470121383667	1343177.1228052815	95.31856942176819	1341378.7885013912	
103.92400741577148	1342930.1070463147					87.89620518684387	1334764.7030405614	107.7492425441742	1342730.579176176			118.79443717002869	1343208.0652005116	119.63234281539917	1343875.5440015194	107.70092153549194	1343176.9374160832	95.3336775302887	1341385.4075413502	
103.9510326385498	1342916.6034563982					87.91322135925293	1334702.852492352	107.7777636051178	1343147.7046893795			118.80945754051208	1343223.6676549176	119.65833473205566	1343882.121389759	107.72361302375793	1343206.6034860509	95.34718346595764	1341422.5241035693	
103.97607135772705	1342910.2495122082					87.92823958396912	1334682.6377692167	107.80528664588928	1343173.2297709414			118.82308316230774	1343288.1665243402	119.68286991119385	1343881.0830848902	107.75437879562378	1343223.2833816863	95.36169958114624	1341420.8780655842	
104.00379681587219	1342896.9426273173					87.94725155830383	1334665.7767136043	107.8389983177185	1343154.6791225933			118.83760595321655	1343191.6287611837	119.70644855499268	1343897.5149493434	107.78621649742126	1343227.366535452	95.37521076202393	1341440.2599700722	
104.02833080291748	1342900.4964548568					87.96328711509705	1334674.3161335625	107.87174129486084	1343158.1358009533			118.8521134853363	1343248.4360759496	119.72746968269348	1343898.5321794348	107.81554675102234	1343224.2038641123	95.38772249221802	1341439.4836029862	
104.05546164512634	1342889.701582877					87.97951197624207	1334695.6024535773	107.90342545509338	1343372.8011423636			118.8661277294159	1343192.3581023377	119.75513935089111	1343810.8626330874	107.84547686576843	1343206.0880289418	95.40072870254517	1341416.8137153804	
104.07849192619324	1342886.4369271547					87.99353218078613	1334702.9432540385	107.932119846344	1343167.591642679			118.88013648986816	1343210.870603026	119.78315901756287	1343801.416729912	107.86884593963623	1343216.1626135078	95.41574001312256	1341443.5541963289	
104.10452127456665	1342896.9196832175					88.00703811645508	1334677.7640399868	107.96315121650696	1343171.1867304652			118.89414525032043	1343221.7902309934	119.80849123001099	1343800.7358882215	107.89634323120117	1343223.3902944147	95.42925143241882	1341440.1573665242	
104.12823295593262	1342904.1267838709					88.02254629135132	1334654.369530804	107.99067521095276	1343184.048591577			118.91015934944153	1343107.0019730586	119.8335075378418	1343801.5061689955	107.92046022415161	1343222.3065427921	95.44296264648438	1341447.026761809	
104.15226984024048	1342895.7826384823					88.03773474693298	1334659.8712950363	108.02720212936401	1343192.2007891242			118.92618870735168	1343521.3667603158	119.85812187194824	1343792.887109338	107.94960331916809	1343137.8864251554	95.45797038078308	1341433.8320752305	
104.1818106174469	1342865.5460451858					88.05247139930725	1334908.1474245365	108.05822968482971	1343197.444590122			118.94192385673523	1343492.9333385993	119.88136148452759	1343793.0395853156	107.97402024269104	1343138.9535587612	95.47099018096924	1341445.496336764	
104.20399069786072	1342874.560735066					88.0669994354248	1334894.1370429904	108.08550143241882	1343207.453102742			118.95607328414917	1343495.1812571774	119.90288043022156	1343790.1040439717	108.00168442726135	1343159.0560546985	95.48465204238892	1341447.3127170394	
104.22754669189453	1343246.2516470626					88.08150577545166	1334926.1054380347	108.11302518844604	1343228.7329737286			118.97057795524597	1343497.090111988	119.92805767059326	1343797.8969570964	108.03115391731262	1343126.4543482703	95.49884295463562	1341400.1145124757	
104.25306797027588	1343243.6929397923					88.09651803970337	1334826.2194719962	108.14357471466064	1343216.4004733744			118.98509168624878	1343482.080024691	119.95108532905579	1343779.6459669194	108.0803611278534	1343131.3968451868	95.51298308372498	1341403.8198866823	
104.28459334373474	1343271.732117002					88.11102342605591	1334794.757672507	108.1689612865448	1343215.3764374263			118.9991044998169	1343485.2421061385	119.97800207138062	1343790.9914945664	108.12522387504578	1343128.754023924	95.52689743041992	1341611.432474115	
104.33632922172546	1343267.9804345781					88.1240394115448	1334938.1338000065	108.20098900794983	1343197.5654793212			119.01411890983582	1343490.1531360128	120.00480318069458	1343994.3599085836	108.16956424713135	1343128.1820204319	95.54198026657104	1341625.2822432113	
104.37435674667358	1342535.9609377778					88.13654160499573	1334943.1041644642	108.22600507736206	1343215.5879137642			119.0301444530487	1343491.3121140737			108.20866799354553	1343130.6696836213	95.55698657035828	1341656.6129171504	
104.42590832710266	1342539.7958748203					88.15104603767395	1334946.1035143768	108.25768899917603	1343207.9991387809			119.0466718673706	1343871.8217685376			108.24976778030396	1343127.6988959196	95.5719985961914	1341646.1151516205	
104.46295595169067	1342546.3750940503					88.16556477546692	1334925.4785260565	108.29184556007385	1343201.3171659075			119.0623824596405	1343876.1766249198			108.29932761192322	1343197.9335190097	95.58550930023193	1341666.39952904	
104.51521396636963	1342546.66248517					88.17777514457703	1334947.114751635	108.32036352157593	1343331.1265150388			119.07689833641052	1343902.1365673011			108.34230589866638	1343207.234179818	95.5992681980133	1341664.01647475	
104.55275225639343	1342561.0672024253					88.19229054450989	1334952.4257241744	108.35091018676758	1343348.4803737288			119.09392547607422	1343908.9919238302			108.3831934928894	1343196.63088872	95.61379051208496	1341666.3408707099	
104.5885100364685	1342605.9276466311					88.20830631256104	1334972.3974736505	108.38543391227722	1343334.310838352			119.11395001411438	1343869.759425424			108.43217754364014	1343187.0865694783	95.62830328941345	1341666.88436915	
104.62905645370483	1342920.0681297937					88.22365260124207	1334989.705399453	108.41795301437378	1343340.4620471508			119.13599252700806	1343896.4735916406			108.47318172454834	1343191.9086167736	95.64514183998108	1341672.5512396595	
104.6643693447113	1342878.9313882738					88.24024510383606	1334931.9125715152	108.4564905166626	1343338.417972006			119.15621042251587	1343494.9666082645			108.51487636566162	1343201.4085507453	95.65865135192871	1341673.7774730253	
104.70684146881104	1342852.946479579					88.2560305595398	1334966.565500877	108.48924446105957	1343339.0339424317			119.18220496177673	1344089.1076026543			108.55763483047485	1343227.7497206535	95.67268109321594	1341679.8917289146	
104.747225522995	1342843.658603668					88.27054142951965	1334994.0756503765	108.52227401733398	1343355.8145571407			119.20732259750366	1344084.0874708144			108.60140299797058	1343310.7080874115	95.68554520606995	1341645.640122789	
104.78870034217834	1342840.0171313277					88.28455996513367	1335265.942149943	108.55455946922302	1343357.6048936152			119.23167681694031	1344090.5137603602			108.64972376823425	1343318.7785224074	95.70055389404297	1341513.76947445	
104.82624316215515	1342832.63963262					88.29957842826843	1335274.0247094177	108.57757449150085	1343419.3483755016			119.25280332565308	1344095.6950938578			108.69287204742432	1343248.7833433852	95.71506214141846	1341544.0403808097	
104.86426186561584	1342843.4514503276					88.31559324264526	1335261.1048035012	108.61160588264465	1343413.3370641053			119.27413630485535	1344075.5486534499			108.75846767425537	1343248.7853689676	95.72723913192749	1341538.9823000103	
104.89729356765747	1342843.6391174707					88.3291027545929	1335300.1270107639	108.64812707901001	1343410.9332696472			119.29220581054688	1344047.5217166243			108.80302357673645	1343243.3353674593	95.74079942703247	1341501.9171932235	
104.9380693435669	1342854.2560974292					88.3416199684143	1335265.816331889	108.67531204223633	1343406.9502744644			119.30921149253845	1344047.2461878257			108.84357643127441	1343236.88138484	95.75381326675415	1341501.921079132	
104.97411680221558	1342833.2879794235					88.35614109039307	1335494.7383471155	108.70783948898315	1343492.4174525575			119.32898902893066	1344061.3794896146			108.88661551475525	1343214.5212821756	95.7688205242157	1341498.911324641	
105.00636839866638	1342844.542727905					88.36764931678772	1335522.534333116	108.74106478691101	1343383.8012871118			119.34525179862976	1344073.407580805			108.9325339794159	1343215.0428317622	95.7833731174469	1341492.4900259217	
105.05052351951599	1342846.430505852					88.3809003829956	1335526.607297864	108.77008700370789	1343381.368417074			119.36232089996338	1344041.4029530697			108.9820065498352	1343216.204228796	95.79692220687866	1341508.3815932323	
105.08805990219116	1342836.4319428352					88.3949179649353	1335477.04875837	108.79810619354248	1343307.683361336			119.38059163093567	1344010.2904462817			109.02446365356445	1343213.6830428499	95.81086897850037	1341507.9939131953	
105.12780785560608	1342836.6902557903					88.409423828125	1335491.3669579122	108.8308801651001	1343316.4901979463			119.39829301834106	1344041.980791162			109.07094526290894	1343191.6297590702	95.82628798484802	1341501.9106413543	
105.16583561897278	1342837.8099666792					88.42543578147888	1335535.271844927	108.86334443092346	1343327.67165174			119.41592073440552	1344086.9153005376			109.10943651199341	1343201.8824983032	95.84040856361389	1341662.4312561352	
105.20161652565002	1342842.0853372167					88.43967866897583	1335595.3093449478	108.89339852333069	1343573.873858304			119.43312168121338	1344073.5906297823			109.14480304718018	1343195.8791686378	95.85392665863037	1341666.35893312	
105.24017763137817	1342837.457743777					88.45269012451172	1335635.3706570156	108.92142868041992	1343543.696520068			119.45395731925964	1344070.6255488954			109.17031741142273	1343224.6169899525	95.86894226074219	1341677.5368626723	
105.28125643730164	1342788.2020961076					88.46643662452698	1335629.5784639914	108.95868563652039	1343315.9889135808			119.4704794883728	1344069.6878829848			109.19360399246216	1343222.148947155	95.88267016410828	1341671.4974911956	
105.31536173820496	1342792.4070185923					88.48094415664673	1335558.0251308233	108.98871183395386	1343285.227866939			119.49050045013428	1344029.7885390234			109.21645784378052	1343223.600063751	95.8961853981018	1341680.941749166	
105.35139393806458	1342795.3830490862					88.49596285820007	1335549.389468295	109.0172507762909	1343370.559882812			119.50816679000854	1344029.7987449898			109.24170660972595	1343222.338610259	95.91069650650024	1341678.3586010349	
105.40696954727173	1342623.1422689047					88.50947451591492	1335564.5472738694	109.04427909851074	1343378.6103065158			119.52271175384521	1344030.1429626697			109.26483654975891	1343284.5998388561	95.92570686340332	1341272.2569177032	
105.44418001174927	1342204.5066319404					88.52349328994751	1335560.4341911632	109.08256340026855	1343402.8154845496			119.53954195976257	1344026.6217506987			109.2895884513855	1343273.0392383263	95.939213514328	1341282.3174425643	
105.48400735855103	1342166.9804146662					88.53699851036072	1335712.4503099462	109.11710023880005	1343373.8369962946			119.55767369270325	1344036.8218541036			109.31293606758118	1343304.961557386	95.95372986793518	1341248.9033016034	
105.52223610877991	1342177.112665381					88.55050849914551	1335769.4045352421	109.15079927444458	1343357.474267449			119.57579207420349	1344034.7762219722			109.33847522735596	1343261.9465977794	95.96873688697815	1341246.361590167	
105.56176543235779	1342135.4030729295					88.5647485256195	1335842.501266303	109.18333148956299	1343373.041446529			119.60191559791565	1344035.3017101025			109.36458158493042	1343279.811772515	95.98270535469055	1341254.5617199023	
105.60566997528076	1342142.5966933651					88.57926106452942	1335849.5797802962	109.21285367012024	1343383.9670272444			119.62824559211731	1344214.4572254606			109.38635563850403	1343264.7871382262	95.99652242660522	1341337.6245564367	
105.65129256248474	1342144.6361661276					88.5932788848877	1335681.9146273632	109.24239110946655	1343328.139597685			119.6476891040802	1344216.4946006117			109.40961503982544	1343283.0285378713	96.01053476333618	1341328.6673133234	
105.69239687919617	1342158.3384319101					88.60878324508667	1335671.771312781	109.27043437957764	1343343.2668907943			119.66986465454102	1344225.3315801467			109.43345975875854	1343302.3318455575	96.02369141578674	1341325.0076952742	
105.73308396339417	1343255.9066714542					88.62380790710449	1335677.1806822298	109.3052339553833	1343282.4763343793			119.68887853622437	1343627.1461118017			109.4553279876709	1343293.565390149	96.03693675994873	1341341.6680771105	
105.7781310081482	1343263.6690819995					88.63783359527588	1335703.0101312753	109.33606004714966	1343283.4472187958			119.71029925346375	1343623.3826674449			109.48180603981018	1343300.0099700214	96.0514543056488	1341334.391561446	
105.82001066207886	1343517.2752835734					88.65153908729553	1335327.3840493993	109.36481285095215	1343526.2155722925			119.72770714759827	1343624.6432622278			109.50458550453186	1343287.5867831705	96.0654993057251	1341336.6882812849	
105.85854244232178	1343508.3375414165					88.66505813598633	1335319.937319198	109.39485263824463	1343527.5806750618			119.74719762802124	1343624.7814110878			109.5298056602478	1343273.7687438335	96.07884073257446	1341336.805057558	
105.90008521080017	1342551.7169895417					88.67856645584106	1335328.751883389	109.42738771438599	1343581.7224301945			119.76201605796814	1343604.9878136623			109.55403089523315	1343288.7686793907	96.09332323074341	1341578.622615645	
105.94734120368958	1342524.4199701427					88.69107413291931	1335333.8278965796	109.45892000198364	1343607.2101041107			119.78238439559937	1343277.7801479104			109.57825803756714	1343253.6501896312	96.1093316078186	1341603.3450509973	
105.99116063117981	1342516.2072797394					88.7050883769989	1335242.0719031082	109.4916512966156	1343340.515228175			119.7989010810852	1343289.5857248332			109.60310053825378	1343271.628427635	96.12368535995483	1341594.5359870433	
106.03020000457764	1342523.6324166027					88.71859431266785	1335218.9337374123	109.52768588066101	1343351.4420085836			119.81541776657104	1343286.6244319456			109.62913417816162	1343241.2433527247	96.1371922492981	1341612.951280256	
106.07024359703064	1342526.7545843474					88.73110556602478	1335256.899549905	109.55790686607361	1343358.6827699041			119.82893466949463	1343281.8933747055			109.65462112426758	1343230.5834998875	96.15270853042603	1341598.42588666	
106.10426688194275	1342526.758987926					88.74512243270874	1335251.0144255906	109.59044146537781	1343359.447727897			119.84494638442993	1343271.0616158699			109.67915201187134	1343279.0805831456	96.16821265220642	1341602.1012749083	
106.13995552062988	1342549.9402641053					88.76113486289978	1334346.9517421876	109.62599849700928	1343360.1761743966			119.86075448989868	1343309.8951342814			109.70336294174194	1343272.3399493473	96.18549227714539	1341591.1563029853	
106.16847038269043	1342553.7749961172					88.77284669876099	1334340.5809558134	109.66153359413147	1343358.937226335			119.88127660751343	1343323.9236597114			109.7284677028656	1343244.889024471	96.19750189781189	1341588.926221262	
106.20183610916138	1342509.4493950026					88.7873604297638	1334327.2285360838	109.69661498069763	1343638.796411159			119.8950891494751	1343324.58995424			109.75958180427551	1343295.3929679734	96.21301770210266	1341582.2774573686	
106.2328736782074	1342514.002403439					88.79986715316772	1334317.6635693095	109.72853541374207	1343629.9330818125			119.91905069351196	1343344.2263573648			109.78495907783508	1343376.0943770998	96.22702622413635	1341396.111149081	
106.26539397239685	1342521.064625467					88.81388330459595	1334307.3174603838	109.76525497436523	1344043.2271520516			119.94488191604614	1343333.3461311099			109.80818772315979	1343386.5171465757	96.24062871932983	1341402.6198402091	
106.29991841316223	1342646.1440674425					88.82839298248291	1335238.1952719248	109.79678511619568	1344058.6851519002			119.97087907791138	1343358.496278953			109.83338737487793	1343397.2187204324	96.25714159011841	1341482.4561703736	
106.33196711540222	1342654.7646660141					88.84501075744629	1335152.2058646323	109.82481598854065	1344058.653743122			119.99548506736755	1343380.539701874			109.85905623435974	1343385.3578485039	96.27165865898132	1341532.3236377623	
106.35999178886414	1342612.2700343924					88.86001801490784	1335163.6864330175	109.85304188728333	1343438.857325774			120.02255082130432	1343082.256882725			109.88510346412659	1343386.7502831633	96.28641414642334	1341516.2257943975	
106.38452172279358	1342610.3118103251					88.87603878974915	1335137.2437280654	109.88728046417236	1343443.8148490896							109.91003131866455	1343392.8456957105	96.3016107082367	1341396.7678485159	
106.4147424697876	1342632.825719026					88.89305281639099	1335191.861691222	109.91431140899658	1343436.944149186							109.94184994697571	1343335.853145244	96.31561946868896	1341421.625858496	
106.43776869773865	1342634.0941111436					88.90756154060364	1335212.0565008286	109.94485855102539	1343852.621600469							109.96829223632812	1343344.6512059248	96.32929110527039	1341411.0653765765	
106.46278548240662	1342587.8804065504					88.92106366157532	1335405.669398825	109.97196054458618	1343850.4443546452							109.99095726013184	1343373.04919481	96.34330153465271	1341362.602760021	
106.4873321056366	1342587.7317143679					88.9400782585144	1335393.8969328545	109.99646639823914	1343847.7317139893							110.02010607719421	1343362.2148682275	96.35782051086426	1341369.9144480843	
106.51361966133118	1342583.9987873174					88.95509934425354	1335394.291375254	110.02652907371521	1343828.1822802592							110.04848861694336	1343405.0276211882	96.37233424186707	1341353.2345671882	
106.53913879394531	1342593.6762121776					88.97231769561768	1335410.2431405252	110.05556392669678	1343840.9820098272							110.07156324386597	1343405.4678285862	96.38534712791443	1341355.987789408	
106.56785249710083	1342606.5590986367					88.98582983016968	1335397.0712870595	110.08174800872803	1343863.491332241							110.09775352478027	1343382.7530542172	96.40148162841797	1341372.508611937	
106.59354734420776	1342617.601179908					89.00133776664734	1334973.1396784917	110.11086916923523	1343908.0052815848							110.12332940101624	1343665.0684319152	96.41551089286804	1341384.8284311467	
106.62608528137207	1342614.0552641707					89.01935243606567	1334959.249602996	110.1426351070404	1343912.2043748905							110.14940786361694	1343578.930498894	96.43002462387085	1341363.5959757853	
106.65311908721924	1342628.1642063376					89.03688073158264	1334852.5693658623	110.16767644882202	1343920.1903334805							110.17997622489929	1343584.5890071434	96.44503808021545	1341382.2516884862	
106.67713952064514	1342630.6086451043					89.05349659919739	1334856.3684498821	110.19520735740662	1343873.3207641055							110.20542812347412	1343684.7391867228	96.45854592323303	1341334.6884538496	
106.70015788078308	1342627.9929544					89.0715172290802	1334805.5932654522	110.22174406051636	1343861.3447896002							110.23259949684143	1343666.7668805937	96.47305917739868	1341425.0941911421	
106.72216463088989	1342558.1066251367					89.0895357131958	1334845.2632213763	110.25478291511536	1344122.311819844							110.25802087783813	1343674.0209172284	96.48725724220276	1341810.281444522	
106.74168801307678	1342562.417416988					89.10355234146118	1334841.8362467384	110.2835488319397	1344130.0108386877							110.28369855880737	1343304.169449222	96.50177955627441	1341812.6022027752	
106.7642080783844	1342591.022926051					89.12256455421448	1336231.2147702787	110.30957794189453	1344133.909838376							110.31047630310059	1343189.7528073536	96.51635146141052	1341769.6882457403	
106.79227209091187	1342601.6248308744					89.13807201385498	1336230.8297447234	110.33832263946533	1344177.8764854854							110.33451747894287	1343133.5013595961	96.52985525131226	1341823.9479109084	
106.82274913787842	1342570.2512509227					89.15258717536926	1335867.144245745	110.3670756816864	1344185.4061929297							110.35948371887207	1343105.6536707236	96.54337286949158	1341854.8173500737	
106.84708523750305	1342605.3592108341					89.16660571098328	1335867.8828454015	110.39310598373413	1344172.421840306							110.38419008255005	1343146.2988827084	96.55638217926025	1341859.344314389	
106.87262463569641	1342577.5288929022					89.18072295188904	1335868.9833647036	110.4231424331665	1343741.0564768286							110.40912699699402	1343150.2937332992	96.57088685035706	1341805.816126878	
106.89749050140381	1342583.6511888807					89.19674158096313	1335934.2435173166	110.45478558540344	1343745.2175315511							110.43342971801758	1343154.3538762736	96.58453965187073	1341810.763059985	
106.92314791679382	1342568.9569363287					89.21025133132935	1335937.0480780385	110.48348093032837	1343745.8435452404							110.4562919139862	1343161.3895127797	96.59927415847778	1341790.613165051	
106.94616651535034	1342540.879185448					89.22431421279907	1335943.0387278204	110.51112151145935	1343744.5280390233							110.48351740837097	1343155.7119948606	96.61238956451416	1341793.794772629	
106.9761905670166	1342553.575074672					89.23928165435791	1335941.8273394147	110.5391492843628	1343767.4741046387							110.51289057731628	1343143.933493633	96.62739849090576	1341805.5805922996	
107.00088167190552	1342562.3596524964					89.25355696678162	1335930.2596566381	110.5713460445404	1343695.9890706576							110.53930878639221	1343137.3665608882	96.64162492752075	1341757.153550591	
107.02691102027893	1342559.2396793736					89.26957154273987	1335929.2142086832	110.59736895561218	1343778.0619377547							110.5650782585144	1343218.8846080492	96.65663647651672	1341746.106155164	
107.05093216896057	1342577.0651096436					89.28558921813965	1335940.1205774315	110.62890934944153	1343798.2940706597							110.5907371044159	1343226.083042196	96.67167210578918	1341748.4428188542	
107.07372832298279	1342553.3158857543					89.3021068572998	1335944.5623591132	110.65876579284668	1343794.263039369							110.61656045913696	1343165.414614836	96.68773436546326	1341749.867198908	
107.09824323654175	1342557.4994863346					89.31662058830261	1335959.0418743242	110.68531322479248	1343812.7173205179							110.64464163780212	1343167.5455058448	96.7022500038147	1341743.8789016819	
107.13129496574402	1342556.6151994125					89.33112835884094	1335950.8497546993	110.71434283256531	1343811.6992608558							110.670574426651	1343195.4141120326	96.7162573337555	1341786.7987841293	
107.1548101902008	1342574.5921682606					89.34714460372925	1335950.5119806146	110.74303197860718	1343844.668014134							110.70413780212402	1343200.776362137	96.73043060302734	1341827.0057508927	
107.1808352470398	1342590.4310257921					89.3632173538208	1336019.1968801757	110.77356934547424	1343843.7341812863							110.73018383979797	1343173.2509874634	96.7434389591217	1341833.9058214775	
107.20563912391663	1342592.5641063293					89.37810587882996	1336017.6654979086	110.80461835861206	1343845.5312866617							110.75805306434631	1343157.6097611743	96.75922203063965	1341837.9829344796	
107.22866821289062	1342593.8907632618					89.39211702346802	1336014.709817212	110.83313393592834	1343846.6952849207							110.78275918960571	1343139.1726545482	96.77268266677856	1341813.3390713646	
107.25794458389282	1342575.2564722307					89.40763211250305	1336002.483183978	110.86681723594666	1343837.5962022564							110.8070342540741	1343123.7633242605	96.78619432449341	1341822.1889003953	
107.28197169303894	1342591.6001014002					89.4221351146698	1335999.599135512	110.89465236663818	1343849.0885960357							110.83014440536499	1343138.605541043	96.80120182037354	1341812.737565893	
107.30600214004517	1342600.0299415295					89.43664717674255	1336052.2653776596	110.92328143119812	1344245.535665733							110.85905194282532	1343649.6394047413	96.81670999526978	1341808.7719789587	
107.32873940467834	1342619.6174249705					89.45143795013428	1336065.4444565687	110.96446633338928	1344253.745855911							110.8847165107727	1343826.9501851967	96.83042526245117	1341812.581116923	
107.35125851631165	1342627.106945246					89.46509289741516	1336077.2500556286	110.99659037590027	1344250.0606483573							110.9115560054779	1344172.0394705639	96.8453381061554	1341813.2574516248	
107.3773398399353	1342610.0251748767					89.47859978675842	1336121.2491789313	111.02713465690613	1344211.8474851428							110.9374566078186	1343264.0234939896	96.85735177993774	1341810.3195322035	
107.40163230895996	1342647.0037607334					89.49361300468445	1336059.8425991072	111.06820011138916	1344025.2691646342							110.96396040916443	1343047.7824130724	96.87237310409546	1341810.7384584013	
107.43115949630737	1342514.1943409166					89.50912261009216	1336037.762930211	111.10349678993225	1344030.596909807							110.98737359046936	1343047.9385671015	96.88641786575317	1341441.6721017726	
107.45867466926575	1342504.6001303757					89.52213382720947	1336006.0851648075	111.14106035232544	1343967.267196775							111.01377487182617	1343026.2757496848	96.90092968940735	1341446.860393869	
107.48249411582947	1342217.8845400417					89.53617882728577	1336008.6183720813	111.17482137680054	1343979.3300149618							111.03849124908447	1343029.108676287	96.91593980789185	1341436.4312979705	
107.50839614868164	1342148.8140589918					89.54921197891235	1336027.5212414789	111.21498012542725	1343945.92633604							111.0634241104126	1343027.969606827	96.92894649505615	1341430.7192117271	
107.53308606147766	1342152.8803503453					89.5646390914917	1335995.2046939027	111.23851156234741	1343943.1976243663							111.08913969993591	1343022.0561865473	96.94232273101807	1341433.1854543	
107.5567615032196	1342189.6444058025					89.57885885238647	1335979.7814148532	111.26307129859924	1343934.8635459712							111.11406588554382	1343044.5184061504	96.95733451843262	1341434.6784829034	
107.5827898979187	1342194.4305358424					89.59440660476685	1335994.2988405281	111.29419946670532	1344084.5840310848							111.14153361320496	1343054.1988251456	96.97254729270935	1341437.113168252	
107.61000275611877	1342523.293425807					89.60942006111145	1336017.1745998464	111.32023596763611	1343896.6919782497							111.1664707660675	1343011.20760928	96.9880599975586	1341438.369624395	
107.63452672958374	1342532.817083918					89.62443375587463	1334921.8857373723	111.34529566764832	1343875.4569396558							111.19056987762451	1343638.0257623307	97.00207185745239	1341433.869904152	
107.65854144096375	1342569.7427925682					89.64007639884949	1334859.3799293577	111.3722493648529	1343860.6827433598							111.2171106338501	1343614.0262540947	97.01708054542542	1341448.2807262908	
107.68256711959839	1342568.769731577					89.65395259857178	1334890.506544272	111.39745926856995	1343874.310002955							111.24005579948425	1343618.455802921	97.03109550476074	1341445.5072537686	
107.7065954208374	1342551.059549303					89.66849565505981	1334846.7779621931	111.42891001701355	1343893.201859711							111.25577163696289	1343637.506520022	97.0435585975647	1341454.998618406	
107.73128867149353	1342951.353547413					89.68204522132874	1334835.3469045754	111.45345711708069	1343892.2161607915							111.27098369598389	1343639.751894924	97.06066131591797	1341452.9061341048	
107.76230835914612	1342953.7180343922					89.6942548751831	1334857.7826032178	111.47969245910645	1343906.8516433793							111.28445243835449	1342871.1510913451	97.07417750358582	1341460.619454673	
107.78733849525452	1342948.9876884695					89.7084732055664	1334936.5384728126	111.50393581390381	1343958.0497351035							111.30059695243835	1342872.0905562497	97.08844542503357	1341718.0222888838	
107.81549310684204	1342944.6948273426					89.72250413894653	1334908.1724446588	111.52897024154663	1343971.8579908768							111.31497192382812	1342928.5703782663	97.10188722610474	1341713.7534795057	
107.84002327919006	1342948.5255597557					89.73803067207336	1334954.645776099	111.55516791343689	1343941.2323325914							111.32916045188904	1342968.4363993118	97.11519360542297	1341713.504552446	
107.86354374885559	1342922.3008917756					89.7511248588562	1334957.5401866701	111.58119916915894	1343961.8211040343							111.34313821792603	1342966.994359644	97.12920331954956	1341720.0719435771	
107.88806700706482	1342910.5787545498					89.76676154136658	1334976.420789016	111.60723662376404	1343890.5867556713							111.35680675506592	1342964.615925129	97.1427161693573	1341720.9404170997	
107.91720795631409	1342892.3908353439					89.78021430969238	1335130.0939769114	111.63127636909485	1343971.172586083							111.37214517593384	1342919.0851847946	97.15722155570984	1341721.7584086044	
107.94491362571716	1342888.5752227094					89.7962281703949	1335121.9706768864	111.65585041046143	1343974.3996904017							111.38534331321716	1342889.5252395112	97.17073345184326	1341715.0254963115	
107.97345185279846	1342873.6627230276					89.8107361793518	1335061.3131641755	111.68151473999023	1343343.6796199852							111.3991870880127	1342939.4615066424	97.1875696182251	1341702.7188299168	
108.0036780834198	1342862.1989392163					89.82475471496582	1335073.023151224	111.70704126358032	1343338.7290097093							111.41419816017151	1342933.4468157496	97.20208430290222	1341710.081664471	
108.02569913864136	1342863.6365966373					89.83876180648804	1335463.3899791215	111.7303113937378	1343369.6219260816							111.42849779129028	1342922.1798896715	97.2170946598053	1341716.42818717	
108.05227994918823	1342864.8090578043					89.85502600669861	1335274.5679439262	111.75570869445801	1343371.3816608784							111.4420714378357	1342917.258395832	97.23292350769043	1341704.2943237107	
108.07837653160095	1342852.9018590522					89.8710412979126	1335405.7647912	111.78174996376038	1343368.0742507847							111.45531177520752	1342831.730283379	97.24840831756592	1341718.7865665709	
108.10240125656128	1342862.4254849984					89.88466954231262	1335397.842549941	111.80634832382202	1343370.4561784763							111.46955513954163	1342847.3866120942	97.26392197608948	1341450.687558801	
108.13359522819519	1342924.92067313					89.8981773853302	1335416.8190976933	111.83103609085083	1343367.6445340512							111.48398113250732	1342847.7853710798	97.28217101097107	1341448.387785473	
108.15710973739624	1342942.4164255033					89.91429686546326	1335428.2499464008	111.85756635665894	1343352.049265688							111.49805903434753	1342826.7997608169	97.29806089401245	1341460.2801077957	
108.18563890457153	1342928.399339425					89.92860841751099	1335278.4946351245	111.88361954689026	1343359.350657952							111.51113438606262	1342864.5153834326	97.31258201599121	1341428.8496308622	
108.21086072921753	1342911.284245216					89.9426805973053	1335279.811157223	111.90965604782104	1343336.3834249033							111.52660608291626	1342888.5810353355	97.32787227630615	1341429.2173855316	
108.23588800430298	1342895.574981566					89.95666718482971	1335275.556352136	111.93393731117249	1343455.013301205							111.5408341884613	1342377.6896069937	97.34288239479065	1341422.4458963196	
108.26291179656982	1342912.5086862233					89.97218155860901	1335290.6512263857	111.95813703536987	1343456.9509198535							111.55453252792358	1342385.2334973852	97.35839939117432	1341748.794287633	
108.29294490814209	1342940.3442454736					89.9863269329071	1335277.7252233736	111.98617959022522	1343440.4669615137							111.569011926651	1342385.238181704	97.37191367149353	1341764.2893912075	
108.31999254226685	1342937.6839900971					90.00083327293396	1335273.6422468647	112.0142149925232	1343440.711900021							111.58264946937561	1342364.9507127155	97.38943195343018	1341724.1031427362	
108.34976267814636	1342945.81399322					90.01632905006409	1335272.7659821585	112.0437684059143	1343429.93006648							111.59689474105835	1342364.0747258249	97.40444326400757	1341579.6342643225	
108.37329721450806	1342941.570005352					90.03482270240784	1335254.4763388853	112.07483530044556	1343441.2564596853							111.61185646057129	1342358.9761743245	97.41794872283936	1341562.470770359	
108.4011607170105	1342840.2770982338					90.05315089225769	1335270.5879938689	112.10239148139954	1343425.5478348697							111.62729954719543	1343186.449393259	97.43458104133606	1341577.7628881226	
108.43270254135132	1342631.2225452338					90.07487773895264	1335293.222040341	112.12943124771118	1343367.1510822077							111.64278435707092	1343120.0587792348	97.45045161247253	1341578.904910195	
108.45772337913513	1342802.0513583112					90.09343266487122	1335278.66457762	112.15853929519653	1343378.0371685755							111.65793681144714	1343185.8887880235	97.46805953979492	1341575.5154747544	
108.48275661468506	1342699.2899318703					90.11344814300537	1335272.5888879877	112.18365454673767	1343377.7611973775							111.67177534103394	1343195.5202941885	97.48477411270142	1341575.0210797437	
108.50630140304565	1342693.258642978					90.13346004486084	1335301.1578122666	112.20618486404419	1343385.4216528086							111.68607664108276	1343207.5523816363	97.49928975105286	1341580.8085840112	
108.53118252754211	1342700.2222610058					90.15199732780457	1335312.0427385296	112.2302348613739	1343392.448608695							111.70156049728394	1343211.7748517306	97.51580595970154	1341547.5822876568	
108.55776619911194	1342670.810046449					90.17056345939636	1335296.7122550688	112.25578117370605	1343450.5095633678							111.71636414527893	1343193.597492748	97.52921175956726	1341583.552047331	
108.57973766326904	1342727.6055864801					90.18927907943726	1335291.9951391916	112.27781581878662	1343419.4186969262							111.73141193389893	1343250.303815613	97.543288230896	1341598.5241136497	
108.60448455810547	1343323.9997440611					90.20729684829712	1335249.330108698	112.30344724655151	1343481.6544476452							111.7486207485199	1343265.680103039	97.55811738967896	1341606.244592661	
108.63167881965637	1343334.5207584125					90.22731041908264	1335105.05305516	112.32747983932495	1343489.8826053536							111.76467418670654	1343262.6705070694	97.57304668426514	1341593.5248859213	
108.65719676017761	1343322.1700801481					90.24806714057922	1335106.974797109	112.35118842124939	1343494.96386371							111.77982425689697	1343303.6968510197	97.58739733695984	1341603.8700870776	
108.68122696876526	1343315.6916025523					90.26573872566223	1335032.1454870612	112.3777186870575	1343502.6084281679							111.79370999336243	1343319.879612285	97.60291743278503	1341608.2746193297	
108.70575094223022	1343330.145694168					90.28542637825012	1335035.8492873388	112.40427827835083	1343439.8192778947							111.80781817436218	1343304.4162356635	97.6189284324646	1341405.1627648997	
108.72728180885315	1343311.073887237					90.30402326583862	1335038.2583421648	112.43039035797119	1343457.2556983184							111.82113575935364	1343294.6322413925	97.63299512863159	1341405.4269604448	
108.75442147254944	1343293.4467378755					90.32232141494751	1335037.9521494678	112.45642399787903	1343458.7208139743							111.83681392669678	1343460.479400338	97.65000343322754	1341447.5887312298	
108.78144979476929	1343297.4572135527					90.34237575531006	1334982.455751991	112.47896552085876	1343460.6295884447							111.85155725479126	1343460.6723613665	97.66502141952515	1341452.377847524	
108.80548238754272	1343293.1540040963					90.36255931854248	1335133.6137399124	112.5048360824585	1343462.984193771							111.86627888679504	1343468.1715733605	97.6812059879303	1341496.8054666093	
108.83101177215576	1343275.4216268838					90.38079476356506	1335130.830011781	112.53187608718872	1343552.7774213823							111.88034152984619	1343415.4227478849	97.69572758674622	1342737.1447390907	
108.85804104804993	1343197.942755762					90.39945244789124	1335108.4460410546	112.55399703979492	1343555.0916182005							111.89433932304382	1343449.0327807537	97.71196269989014	1342735.9769008067	
108.88396263122559	1342665.952170596					90.41831302642822	1335119.1657596284	112.57852530479431	1343414.2115977097							111.9079430103302	1343470.832062319	97.72546887397766	1342729.4903195251	
108.90998268127441	1342687.5154018195					90.43700337409973	1335112.55645893	112.60455775260925	1343397.6765168468							111.92238664627075	1343381.1537391446	97.7423026561737	1342001.3059714667	
108.93448901176453	1342739.0015395489					90.45654773712158	1335126.5411143126	112.63361692428589	1343438.2258289352							111.9386203289032	1343379.9714313024	97.7563157081604	1341578.2263218006	
108.96055006980896	1342740.2235424207					90.47456502914429	1335134.9117803127	112.66125535964966	1343381.9956951817							111.9531078338623	1343392.8981253756	97.77201056480408	1341572.240261916	
108.98773264884949	1342708.0457907673					90.49257230758667	1335155.0808906653	112.68579149246216	1343325.367483692							111.96706962585449	1343390.3151516204	97.78755378723145	1341523.3516012244	
109.01744318008423	1342752.3153141667					90.51258707046509	1335147.679516934	112.70895838737488	1343313.0450058146							111.98035979270935	1343409.8308461672	97.80056262016296	1341526.699859476	
109.04346823692322	1342460.5842976328					90.53260445594788	1335167.1472368105	112.73698568344116	1343324.9615523496							111.99443101882935	1343416.9967065302	97.81741213798523	1341538.7255501735	
109.06999063491821	1342460.2666399449					90.55361723899841	1335193.5928637234	112.75964665412903	1343324.4421361068							112.00958609580994	1343421.0080829193	97.83216714859009	1341540.8971098717	
109.09300708770752	1342402.529867717					90.57239556312561	1335188.6210978809	112.78267765045166	1343313.080698365							112.02475786209106	1343424.476412649	97.84849834442139	1341533.9253191606	
109.11452198028564	1342406.9399708044					90.59121346473694	1335192.4508874826	112.80669951438904	1343326.1311757332							112.03898882865906	1343429.2959570487	97.86425948143005	1341547.9438548898	
109.1397123336792	1342412.8073889967					90.61224699020386	1335193.381169089	112.83043336868286	1343287.3480504951							112.05466508865356	1343428.7680659527	97.87980079650879	1341452.6815829005	
109.16322898864746	1342414.2771958362					90.6297607421875	1335195.2098589242	112.85446453094482	1343285.3921391058							112.06885242462158	1343670.5776461957	97.8953001499176	1341444.441127589	
109.18680572509766	1342422.0242878064					90.64562702178955	1335229.5963409175	112.87811303138733	1343317.4094920214							112.08392834663391	1343434.2949077638	97.91045022010803	1341505.1361194463	
109.2115638256073	1342419.9283465378					90.66582608222961	1335219.6188751117	112.90089201927185	1343317.847920642							112.09974694252014	1343588.9980724023	97.92416954040527	1341500.8238760014	
109.24109148979187	1342462.6871180765					90.68033123016357	1335227.9555021406	112.92692255973816	1343317.391939127							112.11363196372986	1343590.6410448935	97.93869066238403	1341502.9062041289	
109.26260542869568	1342468.0076762894					90.69641137123108	1335213.7507393537	112.94874453544617	1343296.153323338							112.12722420692444	1343591.914066341	97.95320653915405	1341495.1775027823	
109.28856301307678	1342458.081132908					90.7098708152771	1335238.7600916382	112.97429490089417	1343324.8065062847							112.14338874816895	1343563.7166737525	97.97052550315857	1341487.1343651232	
109.31443119049072	1342439.1562454833					90.72388911247253	1335279.5336387835	112.99681735038757	1343328.9976994016							112.15886759757996	1343548.4739584057	97.98512077331543	1341442.2559872104	
109.34021806716919	1342423.8523554595					90.73939371109009	1335305.090118726	113.02106928825378	1343303.9860505594							112.17390322685242	1343502.9026496587	98.00063419342041	1341444.9230715523	
109.36424541473389	1342428.0933119694					90.75340723991394	1335305.7755699074	113.04573631286621	1343308.5287038884							112.18846440315247	1343493.4270026842	98.01614952087402	1341450.7894154214	
109.3882806301117	1342433.4125277183					90.76604866981506	1335292.3082729108	113.06877565383911	1343322.289170546							112.20398926734924	1343423.8397801123	98.0306556224823	1341435.924924426	
109.41303372383118	1342827.02691974					90.779709815979	1335298.0055086045	113.09200930595398	1343297.8663126763							112.21844387054443	1343235.833073917	98.04648971557617	1341457.562010648	
109.44407629966736	1342817.0970244256					90.79372978210449	1335277.2817676624	113.11860370635986	1343353.8813991006							112.23263335227966	1343228.5819841533	98.06078028678894	1341555.370364351	
109.47110271453857	1342822.1817715312					90.80724048614502	1335293.3376843443	113.14264965057373	1343361.652086607							112.24815011024475	1343081.581445321	98.07529926300049	1341533.590221034	
109.49812173843384	1342822.6941801913					90.82224917411804	1335300.9363505526	113.16618347167969	1343443.5961103612							112.26461219787598	1343022.9675395126	98.09173345565796	1341516.8591860847	
109.52531933784485	1342832.646301669					90.83476090431213	1335302.3079297494	113.1922082901001	1343343.4437068934							112.27840447425842	1343049.4162778077	98.1062421798706	1341557.4842486125	
109.55136322975159	1342857.6753715838					90.85008215904236	1335282.7622910547	113.21873235702515	1343389.993251758							112.29418277740479	1343051.0850939818	98.12177896499634	1341535.834920115	
109.57564210891724	1342858.6730631455					90.86415791511536	1335278.9926026552	113.24175477027893	1343391.4739112356							112.31047654151917	1343113.9739531488	98.13828372955322	1341526.0334521718	
109.60176110267639	1342820.31911078					90.87921047210693	1335279.908364811	113.26422238349915	1343360.1783700397							112.32550525665283	1343138.2317798107	98.15272855758667	1341526.6465925262	
109.62580299377441	1342803.252697466					90.89328718185425	1335264.073353143	113.2877562046051	1343353.0095994244							112.33977031707764	1343180.933830997	98.16873979568481	1341530.6449350272	
109.64831757545471	1342820.2044322675					90.90633130073547	1335266.6859082282	113.31054925918579	1343367.3456291358							112.35334491729736	1343195.4775212386	98.18625330924988	1341526.7533522104	
109.67235136032104	1342790.4558223845					90.92132449150085	1335293.369764001	113.33107113838196	1343335.125807421							112.37013745307922	1343204.783047075	98.19976830482483	1341533.9549604103	
109.69287323951721	1342795.0894891303					90.93601393699646	1335295.1858213285	113.35583901405334	1343338.6054268258							112.38474011421204	1343210.8477267742	98.21628022193909	1341540.3117470357	
109.7179024219513	1342473.301394437					90.94952034950256	1335423.3597776466	113.38036274909973	1343385.0462652182							112.39946269989014	1343199.9894236354	98.22978830337524	1341540.9565597863	
109.74358320236206	1342474.277433088					90.96604108810425	1335355.2010068926	113.40490746498108	1343418.3728981134							112.41497588157654	1343204.4643432517	98.24561882019043	1341526.653876268	
109.76859641075134	1342457.9751724652					90.97905611991882	1335352.0177197626	113.42793941497803	1343401.1402433498							112.42919135093689	1343197.4714097693	98.25912761688232	1341534.2502174536	
109.79329228401184	1342433.5902890316					90.99307227134705	1335372.622245543	113.45347428321838	1343410.9016732227							112.44390416145325	1343194.876416914	98.27364373207092	1341554.2581264183	
109.8197991847992	1342425.0371319104					91.00632739067078	1335371.3934318372	113.47836112976074	1343415.038392972							112.45928478240967	1343174.841110863	98.28933358192444	1341561.045244849	
109.84388089179993	1342432.862826544					91.02233481407166	1335283.0997119816	113.50479054450989	1343419.3457466096							112.47480487823486	1343200.476143442	98.30385065078735	1341557.4832349543	
109.86990022659302	1342446.2068896964					91.03684711456299	1335293.1789327494	113.52831053733826	1343426.783016682							112.48983073234558	1343233.3112984295	98.32136416435242	1341594.7057982716	
109.89291977882385	1342385.3848319105					91.05287194252014	1335323.9915943877	113.55153203010559	1343390.7346582941							112.50333762168884	1343155.7184986875	98.33487439155579	1341679.717449148	
109.92295026779175	1342497.6484650662					91.0668523311615	1335227.5622629933	113.57455587387085	1343420.0335721595							112.5183539390564	1343232.7879594115	98.35154938697815	1341696.224034955	
109.94911646842957	1342505.9505924634					91.08235669136047	1334879.921216296	113.59956884384155	1343424.8626997005							112.53352475166321	1343234.437376569	98.3675594329834	1341688.296792702	
109.98115348815918	1342452.7841705852					91.0973687171936	1334884.1292974765	113.62660670280457	1343423.9261696653							112.54645252227783	1343244.8616533545	98.38357019424438	1341623.0176800725	
110.00891590118408	1342456.726118973					91.1128158569336	1334906.6948179812	113.66315603256226	1343427.3530040649							112.5624794960022	1342630.167838222	98.39858055114746	1341596.909974636	
110.03444290161133	1342464.4391669813					91.12832856178284	1334889.8071178705	113.68786811828613	1343427.9280575966							112.57956743240356	1342617.426428773	98.41309332847595	1341584.949515789	
110.06297707557678	1342466.3589377166					91.14334297180176	1334881.0555182155	113.7159035205841	1343426.8679757698							112.59431552886963	1342609.6836500305	98.42861914634705	1341570.9569631342	
110.09100127220154	1342499.004456803					91.15935468673706	1334254.0628894933	113.74299812316895	1343338.503872431							112.60833835601807	1342623.290209438	98.44332671165466	1341586.8483921203	
110.11351561546326	1342507.754275046					91.17655396461487	1334307.6798694127	113.76828265190125	1343334.1017197126							112.6228461265564	1342624.1088895358	98.45833539962769	1341621.6391109407	
110.13920760154724	1342497.4614773442					91.19006204605103	1334313.7809539302	113.79080295562744	1343347.6338489063							112.63636779785156	1342628.5531993208	98.47283625602722	1341623.0295363793	
110.16422700881958	1342495.92841785					91.20567393302917	1334325.7587974598	113.81434273719788	1343368.895339339							112.65220141410828	1342614.33120886	98.48869371414185	1341618.0011517303	
110.1847562789917	1342486.847346955					91.22117924690247	1334285.2729781147	113.83887076377869	1343366.201177539							112.6647138595581	1342617.4021602685	98.50389003753662	1341636.9852172278	
110.2105028629303	1342502.9431532624					91.23710417747498	1334279.465937211	113.86190056800842	1343368.8291776942							112.67974972724915	1342638.6871114068	98.51983714103699	1341440.0032840201	
110.2345564365387	1342485.044544612					91.25509309768677	1334278.694257123	113.88542628288269	1343370.3306807317							112.69426679611206	1342639.2396324824	98.53535318374634	1341445.4637471486	
110.26358366012573	1342492.7104461447					91.2711067199707	1334298.009958793	113.91101455688477	1343370.5798729793							112.70729207992554	1342650.0729714923	98.54986023902893	1341439.668746404	
110.2906084060669	1342470.6807415653					91.28612327575684	1334293.2233756266	113.93353819847107	1343367.993118533							112.72054982185364	1342633.6730888735	98.56687545776367	1341445.9382265701	
110.31814360618591	1342468.6677383555					91.30413389205933	1334293.5495600866	113.9603533744812	1343377.8359731333							112.73356628417969	1342650.3061761046	98.58389043807983	1341404.2553982195	
110.34428977966309	1342472.404224513					91.32047414779663	1334168.1208975334	113.98538708686829	1343391.9627025607							112.74665307998657	1342754.3827860078	98.60059547424316	1341391.9529849878	
110.36830735206604	1342477.9278080673					91.33548831939697	1334175.7417990554	114.00956296920776	1343403.9096704007							112.7631733417511	1342744.5672240534	98.61411833763123	1341387.185964143	
110.3978374004364	1342483.910122594					91.34949541091919	1334168.5210673362	114.03358960151672	1343415.5345767888							112.77618598937988	1342726.9541784585	98.62844491004944	1341392.0377476623	
110.4243676662445	1342490.8206291546					91.36401391029358	1334186.8902257518	114.05912137031555	1343425.5194631706							112.78920578956604	1342749.8708619042	98.64075922966003	1341398.7868026553	
110.45289635658264	1342494.7673511016					91.37803244590759	1335053.1149958577	114.0833466053009	1343426.6607153255							112.80348062515259	1342754.4173995943	98.65673494338989	1341377.9476149294	
110.48091721534729	1342426.250713816					91.39505004882812	1335071.7827067296	114.1088662147522	1343432.770495961							112.81849670410156	1342764.5398733777	98.67074251174927	1341358.7616016106	
110.50344395637512	1342435.797569547					91.41055560112	1335069.215242053	114.13690114021301	1343432.6587017362							112.83529782295227	1342760.5724054412	98.68642115592957	1341387.0829827718	
110.52824282646179	1342430.848027819					91.42810297012329	1335130.3169077563	114.16217398643494	1343425.2943129325							112.84982991218567	1343023.4615081954	98.70289754867554	1341390.5994082575	
110.554762840271	1342442.355534936					91.44612956047058	1335136.9893784898	114.18741488456726	1343397.0136582155							112.86334490776062	1343040.180519781	98.71690893173218	1341403.0336104643	
110.57628989219666	1342438.8573852198					91.46280431747437	1335135.8298661194	114.2124559879303	1343393.3736813823							112.87744188308716	1343032.509585178	98.73242521286011	1341415.0491768133	
110.59874653816223	1342453.73849761					91.47931694984436	1335133.8928656473	114.2369737625122	1343388.9845350396							112.8909387588501	1343033.6048061256	98.74883222579956	1341358.1829509707	
110.62228059768677	1342419.921890863					91.49633646011353	1335108.9769651473	114.26501655578613	1343324.073075279							112.90696001052856	1343131.8991342667	98.76634740829468	1341345.2104705088	
110.64579463005066	1342423.7132889414					91.51084232330322	1335209.026215428	114.28868269920349	1343339.5393266287							112.92467474937439	1343810.3512088466	98.78135681152344	1341353.5387800883	
110.66981720924377	1342468.9228975216					91.52842354774475	1335209.4001813254	114.31164646148682	1343344.083748832							112.94146728515625	1343797.5050859025	98.79624938964844	1341397.7966748886	
110.69334006309509	1342472.3515697834					91.54452133178711	1335088.7741123391	114.33667135238647	1343356.0127603281							112.95617032051086	1343572.114521446	98.81176733970642	1341402.1663178247	
110.71886539459229	1342473.943324699					91.56253051757812	1335098.0777275402	114.36137986183167	1343352.7257321912							112.97118759155273	1343539.2524246175	98.82756757736206	1341399.0912557812	
110.7445547580719	1342364.7535063168					91.57700204849243	1334860.2767650597	114.38290071487427	1343369.8309794832							112.98535466194153	1343421.6176745372	98.84517359733582	1341564.4479890866	
110.76758193969727	1342335.9723829036					91.59051394462585	1334858.1152522466	114.41493463516235	1343333.3646884896							113.00070333480835	1343441.0892318184	98.86299300193787	1341566.0448145673	
110.79360938072205	1342343.9588346418					91.60653424263	1334860.8408917056	114.44046783447266	1343335.9407764294							113.01700735092163	1343440.002398862	98.87853074073792	1341570.7034340005	
110.81763005256653	1341949.0240272032					91.6210401058197	1334684.2579709357	114.46752452850342	1343320.1633391213							113.03187966346741	1343448.009247696	98.89124393463135	1341593.4948268887	
110.84167623519897	1341940.85019114					91.63605427742004	1334331.8921972	114.49071455001831	1343300.5858776404							113.0453577041626	1343444.185468745	98.90525770187378	1341380.1161047195	
110.8666341304779	1341945.7335558047					91.6510636806488	1334325.5245381068	114.51334524154663	1343310.5348837092							113.05937790870667	1343501.0403199662	98.91798305511475	1341372.1842186225	
110.89015603065491	1342074.3890781994					91.66568803787231	1334326.0921240314	114.5393750667572	1343329.9236303747							113.07389402389526	1343517.5207603918	98.93249654769897	1341355.5775789393	
110.91482615470886	1342464.235074915					91.68019485473633	1334328.697699757	114.5645899772644	1343293.4282792753							113.08792734146118	1343505.937227969	98.94650387763977	1341355.3416558045	
110.93986773490906	1342466.3601441146					91.69621396064758	1334307.778518221	114.58961868286133	1343282.4343233712							113.10143208503723	1343473.366088286	98.95981359481812	1341359.3306317322	
110.96239471435547	1342479.3873067938					91.71227383613586	1334624.2552867574	114.62165069580078	1343282.65459892							113.11493849754333	1343401.9248541666	98.97232627868652	1341353.856222881	
110.98630452156067	1342478.0314671136					91.72752094268799	1334725.0903701975	114.65217185020447	1343288.5813534916							113.12896156311035	1343432.0876370098	98.98530745506287	1341337.7363124313	
111.01144814491272	1342464.932048907					91.7425127029419	1334725.3090316106	114.67619943618774	1343304.8494577738							113.14398384094238	1343430.0560294946	99.0005829334259	1341336.8875583047	
111.03353810310364	1342474.8443813245					91.75752282142639	1334725.8286983885	114.70041728019714	1343265.2630800335							113.1590085029602	1343430.4798664812	99.01408910751343	1341344.0504740102	
111.05805706977844	1342468.8499424444					91.77323246002197	1334754.7570812234	114.72443509101868	1343257.3700570427							113.1745195388794	1343432.9241213638	99.02764892578125	1341375.0684603814	
111.08161091804504	1342458.7137530248					91.78938937187195	1334736.2829609648	114.75048542022705	1343245.5904053983							113.18975377082825	1343448.3763767588	99.04239892959595	1341363.5794653594	
111.10412621498108	1342460.2576414756					91.80658149719238	1334739.3495739643	114.77483439445496	1343259.256904318							113.2022602558136	1343466.1517861846	99.05841112136841	1341368.1720057668	
111.12716007232666	1342448.6507665182					91.82251596450806	1334787.0992550866	114.7978663444519	1343260.3893681527							113.21828246116638	1343450.7900182472	99.07241940498352	1341373.9839490033	
111.15518140792847	1342449.2549464903					91.84207034111023	1334776.9387595796	114.82289624214172	1343262.131187066							113.23429584503174	1343435.49054514	99.08664917945862	1341373.1701984936	
111.1782066822052	1342463.9853438328					91.8599169254303	1334776.3534159367	114.84641695022583	1343255.0104356643							113.24882912635803	1343484.8808559224	99.10184025764465	1341373.8865081477	
111.2013258934021	1342489.7935028241					91.87844634056091	1334789.4365494289	114.87094902992249	1343257.7580546006							113.2646176815033	1343384.7477107618	99.11634635925293	1341377.5188182457	
111.22551035881042	1342489.5815343566					91.89301991462708	1334831.043225189	114.89517855644226	1343255.8826586192							113.27965211868286	1343208.56536228	99.12988066673279	1341387.5680875746	
111.25354504585266	1342487.4283760355					91.91068983078003	1334832.3363016632	114.92472338676453	1343229.338552964							113.29315853118896	1343260.9856903271	99.14554834365845	1341376.2019534064	
111.28007435798645	1342494.3152004823					91.92920660972595	1334833.0201978236	114.94874668121338	1343243.1220563932							113.30784678459167	1343272.4546064278	99.16167092323303	1341380.6706843565	
111.30859923362732	1342507.55354479					91.94730973243713	1334855.03798394	114.97329425811768	1343246.9943823856							113.32236385345459	1343283.5246330146	99.17767930030823	1341381.6473824931	
111.33012986183167	1342507.55545695					91.96590209007263	1334858.3931320733	115.00033187866211	1343592.0256990572							113.33688426017761	1343277.4010309395	99.19419431686401	1341376.48052753	
111.35515666007996	1342475.6448706728					91.98466229438782	1334852.6473105184	115.0247597694397	1343582.432535689							113.35040497779846	1343292.5739269739	99.20820188522339	1341362.6783544812	
111.37668180465698	1342459.514508707					92.0070972442627	1334831.7819897595	115.05179119110107	1343600.8470480961							113.36398243904114	1343281.4420625975	99.22471976280212	1341380.5219345882	
111.4023334980011	1342474.8103675072					92.02760767936707	1334772.313974922	115.07875919342041	1343576.7079909078							113.3790054321289	1343269.905500548	99.24206900596619	1341345.6852429055	
111.42686486244202	1342494.2555133156					92.04523968696594	1334753.156838838	115.10621476173401	1343653.694310873							113.39413666725159	1343263.7057624126	99.25608086585999	1341348.9723279425	
111.45288300514221	1342487.4026988698					92.06074857711792	1334484.848700543	115.13195490837097	1343638.8319268574							113.40815210342407	1343264.553828184	99.27308917045593	1341336.9331153708	
111.47841215133667	1342489.3022847876					92.0807592868805	1334488.4831866322	115.15619015693665	1343639.7223233492							113.42265844345093	1343253.6252779746	99.28876566886902	1341342.366067312	
111.50293254852295	1342500.5397593547					92.09958529472351	1334428.0740232447	115.17920589447021	1343638.8635733607							113.43718433380127	1343256.3025205748	99.30478048324585	1341358.57519701	
111.52795004844666	1342518.1840448931					92.1171042919159	1334446.7319571844	115.20472621917725	1343645.6232026855							113.4509608745575	1343246.4457025528	99.32078719139099	1341363.9141649513	
111.54919195175171	1342511.2684978254					92.13562846183777	1334471.791811489	115.2287528514862	1343694.7971090032							113.46547508239746	1342529.364570099	99.33779764175415	1341364.5761028	
111.58072066307068	1342500.6384711843					92.15564012527466	1334496.9204342433	115.2527825832367	1343740.6159752791							113.48011445999146	1342535.9061816486	99.35231399536133	1341365.9055229605	
111.60402297973633	1342508.1443543416					92.17318439483643	1334488.9373775744	115.27781009674072	1343742.9948997253							113.49361944198608	1342511.8089467243	99.37183165550232	1341389.293703468	
111.62605404853821	1342504.6063976192					92.19366312026978	1334486.771383995	115.30647826194763	1343743.4626269583							113.50840497016907	1342495.681562214	99.38734173774719	1341393.9774918759	
111.65535855293274	1342481.5228626581					92.21216821670532	1334573.372514364	115.33151054382324	1343746.6912331206							113.5227038860321	1342519.346688654	99.40197372436523	1341388.3519199837	
111.68047070503235	1342488.0428657974					92.2314224243164	1334555.6912869446	115.35555481910706	1343755.104542503							113.5383849143982	1342535.756013684	99.41705393791199	1341389.1949750255	
111.70399212837219	1342468.2563421507					92.24948215484619	1334539.3495143354	115.38259720802307	1343738.334863343							113.55208611488342	1342543.0721384573	99.43165183067322	1341402.190292648	
111.72710299491882	1342472.0136076722					92.26620197296143	1334568.2875786508	115.40661954879761	1343587.2433131894							113.56560707092285	1342537.7416461858	99.44778776168823	1341379.9474610777	
111.74863076210022	1342463.0118445605					92.28072118759155	1334560.377531714	115.43164348602295	1343324.8654800984							113.58006858825684	1342525.8457774397	99.463303565979	1341397.9198718206	
111.77265810966492	1342453.0543814728					92.29984903335571	1334575.0076335834	115.45667743682861	1343339.4510435811							113.59522581100464	1342345.1205512453	99.47951889038086	1341395.1713255136	
111.7936692237854	1342465.7453921894					92.31537246704102	1334552.1046389935	115.4817202091217	1343341.7095585933							113.60924339294434	1342973.7368515145	99.49386072158813	1341379.084297249	
111.81686925888062	1342459.3372367783					92.3338885307312	1334534.4723543637	115.50678300857544	1343357.3588022718							113.6247489452362	1342939.4077165907	99.50787448883057	1341370.7064606103	
111.84140205383301	1342403.4648497303					92.34941387176514	1334541.4950524166	115.53080892562866	1343351.4868653263							113.63944458961487	1342954.8657780248	99.52395129203796	1341356.527271258	
111.87193012237549	1342400.8364983883					92.36852025985718	1334549.3587010494	115.55904531478882	1343374.8969977696							113.65387964248657	1342960.2239325515	99.53796029090881	1341283.959161158	
111.90145063400269	1342407.1779782295					92.38959622383118	1334553.149837447	115.58353638648987	1343369.8062843045							113.66889953613281	1342965.4845643386	99.55197405815125	1341280.9275357393	
111.9317672252655	1342431.5646455954					92.40911817550659	1334530.8069968808	115.61055827140808	1343397.0185237827							113.68219828605652	1342270.0250544548	99.56598162651062	1341264.0921486518	
111.95879483222961	1342409.7393290293					92.42714238166809	1334547.7406975715	115.6347291469574	1343436.756612882							113.69862389564514	1342282.312538468	99.5806896686554	1341260.5821837818	
111.98336219787598	1342457.1066920774					92.44601631164551	1334216.797156184	115.66075825691223	1343714.4247655144							113.71013116836548	1342480.2208451938	99.59470558166504	1341256.7960831565	
112.00773596763611	1342461.2607044827					92.46473550796509	1334221.9761678684	115.6862952709198	1343741.3345631636							113.72548151016235	1343066.7386662632	99.60821294784546	1341233.757292573	
112.02826309204102	1342457.1206239404					92.48075652122498	1334223.5856927477	115.70981502532959	1343745.2659228125							113.73800992965698	1343072.6445210685	99.62183928489685	1341245.420178991	
112.05385828018188	1342438.8484200381					92.49528050422668	1334235.6177802102	115.73384380340576	1343734.5313196264							113.75252270698547	1343066.5188415742	99.63584971427917	1341231.251862629	
112.07887172698975	1342428.2481286242					92.51279759407043	1334234.673741333	115.76158857345581	1343736.130344163							113.76840591430664	1343063.047074748	99.65014886856079	1341240.8182790806	
112.10290789604187	1342443.30580288					92.53250646591187	1334198.106330257	115.78860545158386	1343679.5645318227							113.78191256523132	1342877.5284061744	99.66215920448303	1341241.2193014894	
112.12544083595276	1342493.7856631316					92.54953861236572	1334573.1548868446	115.81363677978516	1343691.758072318							113.7968008518219	1342870.1959636502	99.67616939544678	1341261.8886144562	
112.14618587493896	1342500.9959451267					92.57005763053894	1334543.5460981322	115.84124517440796	1343691.2399637757							113.81143569946289	1342888.260261123	99.68957591056824	1341263.1205835068	
112.17121839523315	1342498.5297132893					92.59132933616638	1334558.5089812218	115.86476826667786	1343678.0751580896							113.82285213470459	1342899.3706286512	99.7045841217041	1341279.0335239968	
112.19624209403992	1343068.2442948816					92.60685181617737	1334538.7187292604	115.89058661460876	1343751.0811185038							113.83791470527649	1342900.1449786837	99.7185926437378	1341317.1402116213	
112.22508907318115	1342983.4459118661					92.62504935264587	1334575.3646691728	115.91361784934998	1343724.0741387703							113.85244584083557	1342902.1916301376	99.73470640182495	1341321.1968911905	
112.25110983848572	1342976.8419065725					92.64730381965637	1334574.6804859191	115.93864345550537	1343738.636002091							113.8674647808075	1342951.0877417258	99.74821329116821	1341412.1309785875	
112.27775883674622	1342971.0379242839					92.66352319717407	1334578.166732693	115.96519351005554	1344015.222829891							113.88198161125183	1342946.8458444146	99.76172876358032	1341405.8849087183	
112.29877758026123	1342978.7096979655					92.68053388595581	1334520.8335635685	115.99122381210327	1344074.9329944833							113.8998019695282	1342959.733012284	99.77723264694214	1341418.815985304	
112.32380747795105	1342983.0096189778					92.69855117797852	1334114.9020119102	116.01675343513489	1344073.240102677							113.91331672668457	1342758.2141587802	99.79125022888184	1341312.0368639026	
112.34895467758179	1342990.6991008385					92.7170774936676	1334193.8343827124	116.04542303085327	1344037.721788589							113.92834782600403	1342171.4813348376	99.80526113510132	1341325.5799357279	
112.3734962940216	1343005.947186806					92.73323941230774	1334204.4410394928	116.0729603767395	1344057.2004345192							113.94236779212952	1342401.7961556911	99.8191089630127	1341338.3223670996	
112.40051794052124	1343000.2076537865					92.75225782394409	1334309.4697983263	116.09910750389099	1343770.3648298515							113.9554193019867	1342395.0943835764	99.83211755752563	1341347.3401992423	
112.42768406867981	1343021.7373604558					92.77127933502197	1334269.5197085415	116.12263989448547	1343768.2875890855							113.96944451332092	1342382.4169484568	99.84728598594666	1341382.649891065	
112.45520853996277	1342393.043772443					92.78960037231445	1334460.6583104446	116.14415836334229	1343778.9230025294							113.98296523094177	1342378.8344154756	99.86079788208008	1341472.186888901	
112.47873020172119	1343191.2788612677					92.80612564086914	1334476.5413555761	116.16939949989319	1343782.6028592063							113.99819326400757	1342401.3877201872	99.87330436706543	1341465.1601347523	
112.51098799705505	1343188.197702397					92.82465362548828	1334473.813491654	116.19494462013245	1343781.7327824195							114.01270771026611	1342968.9077107222	99.88750910758972	1341459.1169228181	
112.53403329849243	1343011.7609917005					92.84217238426208	1334530.825323964	116.2175350189209	1343717.2784639208							114.0277316570282	1342954.8698347562	99.90102124214172	1341467.2536702421	
112.5585503578186	1343006.6450294564					92.86055994033813	1334472.328123338	116.23905611038208	1343771.0192180409							114.04234957695007	1342954.8050331506	99.9140396118164	1341464.8432912095	
112.58357167243958	1343012.5835732936					92.88238000869751	1334484.5281698056	116.26459336280823	1343771.6435408886							114.05825805664062	1342947.8200784035	99.9293601512909	1341474.1547760728	
112.61125588417053	1343018.873382306					92.90039896965027	1334783.326557279	116.28888535499573	1343775.052110902							114.0728554725647	1343061.5229563306	99.94324445724487	1341451.7553425955	
112.63928508758545	1342873.0492777952					92.91792440414429	1334847.5909522423	116.31291937828064	1343750.3524786623							114.08854269981384	1343085.4302126043	99.9578001499176	1341459.1812369921	
112.66431045532227	1342436.2550313675					92.93744826316833	1334857.9671853655	116.3389356136322	1343779.237242705							114.10304808616638	1343105.055621842	99.97143149375916	1341454.949355593	
112.68665766716003	1342439.7244728638					92.95397162437439	1334939.2091412626	116.3645532131195	1343781.8097313226							114.11706256866455	1343102.6131414042	99.98543882369995	1341437.138703855	
112.70917820930481	1342460.858723563					92.96950125694275	1334944.3261588216	116.38907599449158	1343763.6025282275							114.13208222389221	1343098.9529757889	99.99895215034485	1341453.974003319	
112.73121976852417	1343076.3264035985					92.98553442955017	1334939.4584856983	116.41361808776855	1343744.3915353392							114.14609837532043	1343085.4088979424	100.01257944107056	1341424.3287688694	
112.75488638877869	1343037.5398031343					92.99955034255981	1334923.9234297296	116.43914365768433	1343739.8834445928							114.16067790985107	1343148.2634597628	100.02562928199768	1341440.4010488773	
112.77991795539856	1343071.715132122					93.01456785202026	1334892.0172209437	116.46417212486267	1343724.4082725933							114.17369270324707	1343158.015732181	100.03867816925049	1341432.4849611665	
112.80745911598206	1343052.5020853358					93.02858376502991	1335126.1858191292	116.48719811439514	1343730.5042396155							114.18725395202637	1343339.9494596196	100.05068850517273	1341485.304603479	
112.83408379554749	1342730.4678396373					93.04360508918762	1334949.734626941	116.51177644729614	1343726.5095648048							114.20207118988037	1343354.5198547414	100.06370520591736	1341476.8882009434	
112.8566038608551	1342727.5900211763					93.05884885787964	1334776.0677592966	116.53538870811462	1343721.1877514252							114.21721363067627	1343360.6310253826	100.07928705215454	1341428.277922196	
112.88263702392578	1342749.543513208					93.07236194610596	1334791.764294961	116.56206703186035	1343769.383053261							114.23080444335938	1343361.087493011	100.09330749511719	1341434.3413275874	
112.9046688079834	1342751.747987111					93.08917570114136	1334791.9367310642	116.58759045600891	1343772.166946715							114.24533438682556	1343351.4570800331	100.10798692703247	1341469.8319655347	
112.93020820617676	1342756.4070590173					93.10370969772339	1334765.4750741834	116.61461877822876	1343778.0036328798							114.26068449020386	1343353.802655637	100.1227560043335	1341443.366367896	
112.9539270401001	1342786.9630191291					93.1187436580658	1334713.4332378535	116.63935708999634	1343834.5414989379							114.2751977443695	1343344.0925915558	100.13527536392212	1341464.3463168165	
112.97944736480713	1342783.894269557					93.1322705745697	1334707.184249894	116.66738653182983	1343863.338390976							114.29135584831238	1343323.2523316648	100.14828252792358	1341441.450314867	
113.0064709186554	1342708.3314088662					93.14729738235474	1334678.0988153743	116.6889078617096	1344152.888240632							114.30636548995972	1343211.7629183051	100.16257452964783	1341423.8407249753	
113.03064227104187	1342728.5661409532					93.16234493255615	1334680.5648137615	116.71406960487366	1344140.3264696645							114.32367658615112	1343206.216075306	100.17558693885803	1341441.2696932384	
113.06156730651855	1342716.191573012					93.17536568641663	1334685.0292636624	116.74060773849487	1344148.2166270877							114.3382019996643	1343190.9151365182	100.18817853927612	1341468.9444129171	
113.0874810218811	1342421.5888921379					93.18907976150513	1334692.3376263257	116.76483416557312	1343908.2187651775							114.35370993614197	1343202.7732429367	100.20294141769409	1341459.4441261538	
113.11001896858215	1342423.6947114463					93.20259761810303	1334700.7807710937	116.79487037658691	1343098.781816458							114.36772751808167	1343238.409547559	100.21795201301575	1341502.037520323	
113.13414001464844	1342431.430691011					93.2181134223938	1334701.1746787312	116.81814169883728	1343093.0470068417							114.38223838806152	1343235.4036193867	100.23297238349915	1341506.7800988026	
113.15915632247925	1342460.844360806					93.23212933540344	1334722.5659283716	116.84516429901123	1343098.3950492188							114.39605522155762	1343234.427376943	100.24912762641907	1341505.4272268957	
113.18218564987183	1342444.3332956585					93.24476456642151	1334737.9001796935	116.87067675590515	1343193.2418572754							114.41108417510986	1343242.6378048402	100.26364231109619	1341516.1617682958	
113.20986723899841	1342133.9051150966					93.26094818115234	1334946.927921121	116.89420986175537	1343183.8021358987							114.42610168457031	1343228.6399666374	100.27715301513672	1341514.7153794675	
113.23169875144958	1342141.2522083784					93.27396512031555	1334912.8802747126	116.91752910614014	1343170.163398628							114.4411313533783	1343326.3041159336	100.29187083244324	1341520.7817373674	
113.25622081756592	1342144.3075729317					93.289479970932	1334913.356610357	116.94105076789856	1343155.160438365							114.45515060424805	1343327.3488331295	100.30537915229797	1341519.6799720146	
113.28274273872375	1342117.5750795936					93.30399537086487	1334934.9382162062	116.96480131149292	1343456.968425803							114.46917295455933	1343331.472433875	100.31888675689697	1341512.80172266	
113.30626034736633	1342125.8634202636					93.32002258300781	1334941.584561802	116.98832869529724	1343530.066415484							114.48327803611755	1343336.3211932662	100.33439993858337	1341526.03565451	
113.33129215240479	1342155.6445234967					93.33561587333679	1335253.3602566149	117.01136183738708	1343541.820383158							114.49829697608948	1343321.4737536684	100.34690356254578	1341525.1776299172	
113.35154414176941	1342162.4617984584					93.34962844848633	1335256.6548414694	117.0383882522583	1343543.6624577285							114.51234292984009	1343318.6617421876	100.36191320419312	1341522.9782851925	
113.38056635856628	1342147.5007123349					93.3641586303711	1334961.853329675	117.06343102455139	1343535.1913055226							114.52842831611633	1343331.9759092776	100.3754210472107	1341519.5640528041	
113.405935049057	1342180.56300073					93.378821849823	1334960.2194117599	117.08895349502563	1343228.2128935575							114.54244303703308	1343313.2258271235	100.39593291282654	1341530.8919012411	
113.4309651851654	1342265.382741819					93.39434289932251	1334973.6273074492	117.1131489276886	1343237.6061767607							114.55495119094849	1343320.2738853518	100.41144800186157	1341530.9316791552	
113.45098876953125	1342280.8016001696					93.409348487854	1334975.6055447734	117.13866782188416	1343238.7603989982							114.5699725151062	1343319.7398651105	100.42645645141602	1341615.1280298536	
113.47703647613525	1342265.058626313					93.42236518859863	1334932.6804543983	117.1674861907959	1343247.3421315062							114.58349108695984	1343306.9093231815	100.44187569618225	1341596.1072408657	
113.49855470657349	1342243.2526132804					93.43837928771973	1334951.6370229756	117.19081258773804	1343256.1857358713							114.60022640228271	1343241.0930708325	100.45656871795654	1341578.3466984192	
113.52176403999329	1342189.428392616					93.4524073600769	1334981.4403928975	117.21656227111816	1343268.282587392							114.61473536491394	1343222.0476374738	100.46907258033752	1341582.8479762513	
113.54977035522461	1342195.1962158573					93.46815133094788	1334956.1379861024	117.24231338500977	1343270.0200462788							114.63006806373596	1343225.4229410018	100.4835877418518	1341590.2297928738	
113.57529592514038	1342183.696565865					93.48217725753784	1334949.5134355759	117.26534509658813	1343271.5210102827							114.64549541473389	1343225.2453885337	100.4975950717926	1341585.661218034	
113.59882092475891	1342189.483525551					93.4972128868103	1334930.502517521	117.28888320922852	1343279.1816021285							114.66033864021301	1343013.4505730767	100.51210761070251	1341900.4646570035	
113.62694978713989	1342185.9414766731					93.51024222373962	1334967.928772178	117.31259250640869	1343263.7404733745							114.67384767532349	1343045.3208282413	100.52561521530151	1341884.4564625039	
113.65153074264526	1342216.3940026779					93.52674317359924	1334968.0881154859	117.33610892295837	1343263.8308572574							114.68887233734131	1343034.7803105754	100.54112601280212	1341884.6194853052	
113.67606234550476	1342178.6055064248					93.53975248336792	1334686.7015845526	117.3593966960907	1343258.912730711							114.70438480377197	1343058.1809784265	100.55313467979431	1341883.841194677	
113.69857835769653	1342196.7287170999					93.55577206611633	1334906.9221324034	117.3844256401062	1343295.8050280912							114.71842622756958	1343059.555830938	100.56864142417908	1341887.8369017572	
113.72615170478821	1342204.4949091228					93.57213640213013	1334915.074038687	117.41145753860474	1343299.2481588172							114.73457741737366	1343080.1821102654	100.58365106582642	1341869.0393646478	
113.74932289123535	1342205.6832929372					93.58631539344788	1334921.739456152	117.43597960472107	1343309.812782731							114.74966526031494	1343089.5670405892	100.59886932373047	1341891.246591855	
113.77395796775818	1342199.4256666407					93.60032606124878	1335170.417183341	117.45901203155518	1343347.5545048618							114.76516914367676	1343076.3760216201	100.61338353157043	1341866.3574319845	
113.79647946357727	1342194.5027660544					93.61484885215759	1335181.5228354288	117.48404574394226	1343337.6007987896							114.77925157546997	1342511.7324887253	100.62939143180847	1341766.4846590038	
113.82110667228699	1342208.4789198292					93.62785649299622	1334927.911168158	117.50847315788269	1343355.032289611							114.79470157623291	1342419.1099682264	100.64290475845337	1341775.0827314507	
113.84712219238281	1342261.3840214338					93.64286947250366	1334901.3475642772	117.53450536727905	1343353.5809004474							114.8084819316864	1342381.832572959	100.6574923992157	1341781.333595593	
113.87114715576172	1342240.019273718					93.65861201286316	1334888.5576310512	117.5607099533081	1343367.020553816							114.822993516922	1342925.4678197706	100.67150163650513	1341770.3324960887	
113.89366054534912	1342215.464685361					93.67213082313538	1334899.8119590273	117.58423352241516	1343317.010113097							114.83525967597961	1342925.2617746338	100.68574047088623	1341767.0780326545	
113.91818189620972	1342215.023848055					93.68643093109131	1334859.2418305206	117.61038255691528	1343331.5166239687							114.85001564025879	1342919.9382580805	100.70128750801086	1341493.2514835063	
113.94642186164856	1342189.1838684476					93.70115900039673	1334865.4175023062	117.63591623306274	1343333.3100117873							114.8665406703949	1342922.8622923251	100.71529769897461	1341488.4948100674	
113.96893811225891	1342193.4655959515					93.71667742729187	1334873.6138479505	117.66136360168457	1343057.0440359612							114.88009595870972	1342927.891677652	100.72930526733398	1341494.0181926119	
113.99647092819214	1342309.210081694					93.73018455505371	1334857.5704265216	117.68539333343506	1343084.7292183712							114.89461302757263	1342985.1818832515	100.74331569671631	1341473.8671128983	
114.0211238861084	1342307.8671440792					93.74570727348328	1334861.7323315623	117.71104049682617	1343102.446717565							114.91067814826965	1342993.588485763	100.76083469390869	1341470.8961562216	
114.04463839530945	1342378.059419134					93.7610981464386	1334566.3159679929	117.73464012145996	1343392.5981031014							114.9251914024353	1343000.1871417381	100.77384424209595	1341574.899670974	
114.06778144836426	1342369.0431684165					93.77614521980286	1334575.0480118406	117.75867176055908	1343383.688938457							114.9397144317627	1343015.6452201342	100.7883608341217	1341587.3553232786	
114.09332776069641	1342364.9404741297					93.7949321269989	1334583.126098571	117.7823224067688	1343406.9623979651							114.95622539520264	1343009.719749615	100.80237293243408	1341579.7858219575	
114.11831474304199	1342383.9320029889					93.80944490432739	1334585.7353021032	117.80634903907776	1343406.7157552554							114.97039318084717	1343337.957667193	100.81738042831421	1341577.7036575947	
114.14720702171326	1342390.0099468958					93.82546138763428	1334585.7351577242	117.83059978485107	1343396.162848299							114.98351407051086	1343326.617296287	100.83089303970337	1341585.5063944224	
114.17323851585388	1342394.2728796345					93.8429799079895	1334468.4284696837	117.85213446617126	1343071.5709499028							114.99953150749207	1343332.1461735812	100.84440445899963	1341588.2188692014	
114.19624948501587	1342395.8460339776					93.86188244819641	1334444.9959574104	117.87916231155396	1343073.0068226564							115.01381587982178	1343335.8364901345	100.85891699790955	1341598.5228021762	
114.22049450874329	1342394.4315540425					93.87540435791016	1334445.4832440699	117.9093279838562	1343085.156866959							115.02983450889587	1343319.0256780132	100.87443161010742	1341537.191601088	
114.2465238571167	1342393.9904078043					93.8904230594635	1334449.5180841961	117.93335723876953	1343097.76818074							115.04465961456299	1343254.744569067	100.88867020606995	1341549.409625976	
114.2730758190155	1342634.1005718124					93.90844297409058	1334448.730164158	117.9563820362091	1343122.3641862192							115.06072545051575	1343258.994336027	100.90270662307739	1341538.8450821515	
114.30011105537415	1342660.261596366					93.923593044281	1334451.06357406	117.98269772529602	1343135.3968276621							115.07532048225403	1343389.9529606174	100.9162118434906	1341531.662074752	
114.32516098022461	1342661.4274945834					93.94362497329712	1334457.7595118487	118.00922441482544	1343129.4583912783							115.09040021896362	1343403.7540196516	100.93072414398193	1341526.734272307	
114.34741067886353	1342680.4156010945					93.96766400337219	1334442.7247484392	118.03175926208496	1343130.9934312676							115.10642433166504	1342868.3714400597	100.94573926925659	1341145.93637035	
114.37367391586304	1342663.603691352					93.99146175384521	1334449.1991040306	118.05728054046631	1343243.489258096							115.11993718147278	1342850.7570919371	100.96034216880798	1341048.778384781	
114.40222096443176	1342663.1331046459					94.01602721214294	1334333.2062896576	118.08368992805481	1343247.3281132176							115.13356518745422	1342827.253898602	100.97684979438782	1341261.035214258	
114.43558168411255	1342643.29818088					94.03620719909668	1334324.2938878296	118.10843110084534	1343241.4395520322							115.14659285545349	1343333.0637582156	100.99236989021301	1341267.5321713316	
114.4627594947815	1343006.0975449863					94.05921792984009	1334321.7430818956	118.13495922088623	1343225.817417339							115.16357088088989	1342922.7224140987	101.00638198852539	1341259.9719776171	
114.49128866195679	1343022.9130646097					94.08256912231445	1334346.1550155815	118.15649771690369	1343218.5469018123							115.17959976196289	1342923.0794909054	101.02139019966125	1341254.9658552143	
114.52034068107605	1343015.852518963					94.10709404945374	1334352.7016203043	118.18481278419495	1343226.1830037895							115.19532752037048	1342929.6103963214	101.03439807891846	1341026.8126437918	
114.54601001739502	1343028.6668436835					94.12924313545227	1334378.5997471379	118.20933628082275	1343244.031484464							115.20882534980774	1342932.5808616688	101.0475971698761	1341046.1127173346	
114.56852626800537	1343032.0933050811					94.15226769447327	1334458.4924828773	118.23736572265625	1343238.9135385412							115.2233316898346	1343346.0006213563	101.06284666061401	1341064.6115969645	
114.59505081176758	1343027.945977824					94.16778612136841	1334458.4956045037	118.2614073753357	1343223.8736067205							115.23778939247131	1343349.2233225987	101.07785391807556	1341069.8956543303	
114.61828255653381	1343093.8498427134					94.19545125961304	1334471.4921650887	118.28743839263916	1343237.736215992							115.25244760513306	1343491.1654336674	101.09207034111023	1341034.3000506365	
114.64584875106812	1343088.92717823					94.21896505355835	1334535.3888921693	118.31360101699829	1343196.5507331167							115.26646161079407	1343503.085613073	101.10633683204651	1341007.0973986455	
114.67687201499939	1343087.1216139803					94.24048256874084	1334517.8290273992	118.33812594413757	1343228.7829525273							115.28097629547119	1343715.960486771	101.11916947364807	1341069.368066656	
114.70763683319092	1343093.1087330198					94.26220440864563	1334672.372641384	118.36593413352966	1343210.432563413							115.29548668861389	1343739.6574586374	101.13317918777466	1341066.2902581454	
114.73564529418945	1343095.9912416723					94.28396224975586	1334643.1049454897	118.395681142807	1343218.3574490196							115.30944681167603	1343741.4833097628	101.14822697639465	1341088.5463160581	
114.77053236961365	1343039.5726877146					94.30248355865479	1334694.9131537403	118.42213749885559	1343272.2973386096							115.32296323776245	1343495.3157158997	101.16234397888184	1341095.12627616	
114.79758596420288	1343031.3178338706					94.3205053806305	1334718.0900964676	118.44665837287903	1343289.1508080896							115.33755278587341	1343511.926702026	101.17684888839722	1341099.8038356476	
114.82733702659607	1343036.7045297623					94.33902716636658	1334677.9247297263	118.47219586372375	1343284.9887925975							115.35376214981079	1343511.1406119557	101.1908643245697	1341096.9928389983	
114.8559160232544	1343052.607040771					94.3611650466919	1334727.4958358442	118.4991626739502	1343291.6717019328							115.36778426170349	1343487.5092911138	101.20637345314026	1341100.0984046462	
114.88647270202637	1342531.9932587554					94.3827006816864	1334717.5627713492	118.52426171302795	1343376.1678948498							115.38152313232422	1343500.4338580386	101.22267603874207	1341115.486927017	
114.92203450202942	1342551.02889764					94.40297031402588	1334768.5479797916	118.54928803443909	1343378.5475027082							115.3953013420105	1342859.8716606288	101.23668575286865	1341112.1649979397	
114.95173597335815	1342579.2900641235					94.42701864242554	1335032.963536059	118.5742392539978	1343440.257769705							115.40931844711304	1343661.3065307683	101.24890065193176	1341092.136510002	
114.97826814651489	1342570.8405106706					94.44593262672424	1335046.8373845094	118.59873485565186	1343453.827452602							115.42483329772949	1343667.3327587396	101.26241517066956	1341100.1396130833	
115.00881934165955	1342575.744511479					94.46745586395264	1335074.782090493	118.62281394004822	1343454.697550979							115.4389533996582	1343625.6486485372	101.27742266654968	1341100.6846283267	
115.03804516792297	1342585.4960592957					94.48847961425781	1335047.6903112675	118.6543402671814	1342998.7315253126							115.45358872413635	1343648.2311687178	101.28970861434937	1341102.9763015164	
115.06106996536255	1342585.6971937802					94.51099467277527	1335084.29298318	118.67836737632751	1342996.6846276803							115.46565437316895	1343648.764405315	101.30522751808167	1341463.5134432414	
115.09061050415039	1342573.1299177138					94.53063130378723	1335088.412318177	118.70105242729187	1342947.8440812519							115.48067307472229	1343637.1916995177	101.3182361125946	1341497.5093021616	
115.11867499351501	1342596.9706926537					94.55064821243286	1335086.983969946	118.72458052635193	1342898.2354231626							115.49668192863464	1343812.8050944319	101.33274984359741	1341535.63051659	
115.15149068832397	1342581.6410463008					94.57418012619019	1335102.1792188466	118.7491021156311	1342858.9833077001							115.51019835472107	1343813.9127540924	101.34775710105896	1341493.0747244244	
115.17911839485168	1342610.790233981					94.59442138671875	1335064.6808536162	118.77635312080383	1342862.7699776809							115.52471542358398	1343818.504255159	101.3612744808197	1341539.7106303843	
115.20315885543823	1342597.7122244865					94.6084361076355	1335150.5922245358	118.79987740516663	1342860.6259875821							115.53924226760864	1343842.6323492927	101.37402415275574	1341549.5217596742	
115.24221348762512	1342599.857286089					94.62144184112549	1335131.0548574182	118.82390928268433	1342862.4428445287							115.55340552330017	1343836.7946277496	101.387033700943	1341564.0158980023	
115.27300024032593	1342576.294737292					94.6379599571228	1335178.5783658293	118.84642791748047	1342936.5955246405							115.56842827796936	1343829.339468306	101.40061974525452	1341551.0966784102	
115.30402660369873	1342582.2972274958					94.65247750282288	1335181.409773112	118.87147235870361	1342942.6686651027							115.58294177055359	1343846.8348876694	101.41309523582458	1341535.0608089229	
115.33205485343933	1342576.7104525373					94.66623520851135	1334908.7315337393	118.89650130271912	1342924.0276468925							115.59730982780457	1343832.4062944495	101.42610335350037	1341529.7569634537	
115.36127519607544	1342585.253920397					94.68149447441101	1335014.838830117	118.92376899719238	1343320.585504177							115.6121711730957	1343806.0308510251	101.43966126441956	1341512.8231755295	
115.3968014717102	1342577.1607616164					94.69802069664001	1335017.6657060913	118.94928932189941	1343301.143812167							115.62655258178711	1343797.2419313674	101.45305681228638	1341517.8334166338	
115.43310403823853	1342575.260243363					94.71302843093872	1335002.7625164213	118.97408318519592	1343628.5690096668							115.64003801345825	1343810.4946378237	101.46662712097168	1341524.215005997	
115.4671540260315	1342584.1017095349					94.7265408039093	1335003.7833336336	118.99701857566833	1343679.5301868536							115.65461826324463	1343486.868709995	101.4791350364685	1341522.7014215572	
115.49671149253845	1342591.8033182789					94.74104738235474	1334949.1868460253	119.0260500907898	1343401.1345713933							115.66964149475098	1343487.3488373065	101.49494957923889	1341494.8437271037	
115.52724528312683	1342590.0115328997					94.7545690536499	1334949.2729674836	119.05459666252136	1343389.0711946932							115.68254852294922	1343812.3299335332	101.50749564170837	1341497.572913789	
115.56549572944641	1342596.859933025					94.76858401298523	1334968.6219279752	119.08213138580322	1343610.0523032737							115.69708466529846	1343815.9778639826	101.52201008796692	1341528.9185376444	
115.60054111480713	1342589.18715863					94.7829167842865	1334969.5231587728	119.10635280609131	1343646.010274439							115.71060109138489	1343847.798185344	101.53565764427185	1341521.236624345	
115.63680219650269	1342575.8579935527					94.7993700504303	1334962.2549724737	119.12988114356995	1343648.2562245033							115.72370219230652	1343853.1011237437	101.54966855049133	1341543.8419234543	
115.66484212875366	1342548.7387722794					94.81288623809814	1334958.0294980921	119.15290999412537	1343563.5816618816							115.73662209510803	1343857.3535190222	101.56918478012085	1341547.7401515855	
115.6953911781311	1342569.723627877					94.82689881324768	1334933.9586077766	119.17557692527771	1343575.879596152							115.75013732910156	1343574.5729971495	101.59320855140686	1341556.0770497646	
115.7254409790039	1343358.236460843					94.84141182899475	1335343.5262756534	119.20060181617737	1343364.0687297166							115.76364922523499	1343580.8008021615	101.6087155342102	1341565.8148826866	
115.75398969650269	1343392.5299999013					94.85594058036804	1335314.8152970169	119.22412848472595	1342971.3538610302							115.77967810630798	1343742.0595203298	101.62188124656677	1341538.5731393383	
115.78152680397034	1343471.8150724792					94.87045788764954	1335301.9325578134	119.25219988822937	1342966.7481127172							115.79269027709961	1343733.2342912	101.63683748245239	1341549.845018202	
115.81324553489685	1343450.588281588					94.88555264472961	1335300.24043668	119.27588558197021	1343355.7815169299							115.80639410018921	1343715.4506606676	101.650723695755	1341556.8352993855	
115.8459198474884	1343160.1807929385					94.90006351470947	1335291.7511699784	119.29944729804993	1343653.8868223848							115.81891369819641	1343720.1744658572	101.66473650932312	1341550.6643665577	
115.88037443161011	1343162.7816121262					94.91658997535706	1334832.425380426	119.3257064819336	1343665.2445177182							115.83402395248413	1343865.988384146	101.6797444820404	1341560.4095487706	
115.91743278503418	1343172.7602680505					94.93061256408691	1334843.392359181	119.34922957420349	1343638.7003215256							115.84656000137329	1343881.177623322	101.69357657432556	1341568.3564079674	
115.95272517204285	1343400.4193646463					94.94562983512878	1334789.082114177	119.37293219566345	1343638.7575660686							115.86172080039978	1343868.7811387074	101.7075879573822	1341525.770781068	
115.98726034164429	1343384.8538071215					94.95814681053162	1334799.1816024175	119.39795303344727	1343369.2444046813							115.87623715400696	1343893.111302944	101.72072219848633	1341514.8103347349	
116.02103924751282	1343626.6439789983					94.97467184066772	1334786.7713749483	119.42147731781006	1343298.0713590528							115.89033651351929	1343869.485634409	101.73873376846313	1341793.0328127916	
116.0510938167572	1343626.3990439316					94.98799085617065	1334794.944255383	119.45052599906921	1343432.6982328396							115.90735578536987	1342899.0814288417	101.75325798988342	1341808.0780024282	
116.08563923835754	1343640.4321058881					95.0007643699646	1334793.4879765322	119.47907257080078	1343168.4370762368							115.92087078094482	1342906.2501664185	101.76876211166382	1341891.8955787686	
116.11068201065063	1343644.6353276467					95.01228046417236	1334793.6712875084	119.50625562667847	1343170.4656979966							115.93406748771667	1343003.9022604113	101.78327512741089	1341870.6220301157	
116.1437463760376	1343649.932432255					95.02629446983337	1334721.361114321	119.529776096344	1343140.6875965516							115.94657731056213	1343001.791724324	101.7967882156372	1341880.9920942695	
116.17929434776306	1343378.5510363174					95.04080533981323	1334723.3671746247	119.55733394622803	1343141.8213353313							115.95932388305664	1342969.500412452	101.81130027770996	1341817.4210704023	
116.2093563079834	1343360.9886865618					95.05432391166687	1334750.8904895838	119.58106017112732	1343132.3464091378							115.97283244132996	1342967.742787588	101.83081126213074	1341847.8271902697	
116.23692321777344	1343330.331163774					95.06706547737122	1334754.4141073525	119.60958361625671	1343132.347978263							115.98534536361694	1342966.784951929	101.84498071670532	1341835.482395766	
116.26747155189514	1343333.0901362987					95.08107495307922	1334743.143038769	119.63260889053345	1343144.1097404165							115.99905514717102	1343008.086789372	101.86182689666748	1341822.748754901	
116.29650354385376	1343337.209511261					95.09510016441345	1334735.336679335	119.66070580482483	1343089.9698441434							116.01170563697815	1343022.8538064891	101.8738386631012	1341823.8148252585	
116.32707643508911	1343340.361948381					95.10861015319824	1334760.1332432558	119.68726682662964	1342947.1292713108							116.02765083312988	1343006.8666832128	101.88801574707031	1341847.0833971687	
116.3588194847107	1343339.1241184887					95.12212419509888	1334751.8563187022	119.71265816688538	1342962.336950479							116.04067635536194	1343092.06455513	101.90183353424072	1341846.5694391024	
116.4038987159729	1343335.4239986148					95.1356372833252	1335206.3322400132	119.73718619346619	1342976.1864847583							116.05470633506775	1343096.3560816613	101.91734862327576	1341838.809715051	
116.44862294197083	1343313.2162237903					95.15116119384766	1335192.0467773967	119.76265478134155	1343201.19749769							116.06956386566162	1343092.8302121703	101.92935514450073	1341856.1667297941	
116.4891881942749	1343341.7488631303					95.16618609428406	1335201.8245202205	119.78617286682129	1343211.2551705698							116.08407211303711	1342846.582970819	101.94286847114563	1341605.5954928068	
116.53040671348572	1343441.922224754					95.18013906478882	1335200.4840490548	119.80887746810913	1343217.518189787							116.09765648841858	1342970.1266358907	101.95755791664124	1341589.2521961662	
116.57088923454285	1343071.846559915					95.19447326660156	1335192.3243193445	119.83390617370605	1343213.6443033188							116.11116886138916	1342986.807344085	101.97248959541321	1341585.7847949453	
116.60784888267517	1343078.5332439758					95.21098017692566	1335179.3752435886	119.86143827438354	1343238.1699622648							116.12468791007996	1342985.1525260455	101.98804807662964	1341596.7123525816	
116.64933395385742	1343064.0251242511					95.22399759292603	1335182.768771205	119.88595938682556	1343250.4324644774							116.13721466064453	1342986.3031255694	102.00303053855896	1341615.4342265488	
116.68804597854614	1343057.239404587					95.2390124797821	1335179.2905945964	119.91131162643433	1343246.1247050732							116.1498064994812	1342936.3648361803	102.0161464214325	1341759.2280000937	
116.73011708259583	1343038.099181715					95.25353598594666	1335180.3838739132	119.93834590911865	1343207.0530414118							116.16231799125671	1342932.704314476	102.02978944778442	1341757.6647639195	
116.76739621162415	1343046.6245744382					95.26770806312561	1335201.1102054971	119.9625928401947	1343211.8789044023							116.17482566833496	1343192.648975925	102.04369139671326	1341739.1248432118	
116.80192732810974	1343054.5234733277					95.28220772743225	1335200.9121218354	119.98711109161377	1343217.224934121							116.18843984603882	1343193.626956127	102.0568790435791	1341746.4901697102	
116.83710980415344	1343057.7226624934					95.29572415351868	1335182.9472244643	120.01564741134644	1343000.5940632108							116.20243382453918	1342655.7028042593	102.070809841156	1341772.1308270025	
116.87593841552734	1343000.1897761743					95.31073451042175	1335170.829323936									116.21644997596741	1342636.9613606106	102.08766150474548	1341692.9024462677	
116.92185282707214	1342930.6385147544					95.32675266265869	1335208.506427528									116.2309684753418	1342702.2586739634	102.10137033462524	1341705.5492383523	
116.96255850791931	1342916.097680037					95.3402624130249	1335234.5853630796									116.24608182907104	1342692.0352569364	102.11287569999695	1341702.6373251106	
116.99999213218689	1342933.678762837					95.35540103912354	1334961.1263940474									116.25923776626587	1342681.9272788547	102.12888622283936	1341701.0066764054	
117.03508019447327	1342950.2708094742					95.36942863464355	1334962.6802890575									116.27454948425293	1342621.2788773081	102.14189410209656	1341689.5332675688	
117.07342076301575	1342940.8680201785					95.3844747543335	1334969.6719564213									116.29015493392944	1342601.9628040732	102.1563982963562	1341688.1421252186	
117.11897802352905	1342952.4322199067					95.39900207519531	1334973.4782268412									116.30317902565002	1342640.3395534286	102.16890335083008	1341695.875488435	
117.16832494735718	1342934.2711743922					95.41502213478088	1334979.3813501773									116.31726908683777	1342274.6704375357	102.18370223045349	1341699.7699670154	
117.2175076007843	1342916.7195481558					95.42805099487305	1334929.870638766									116.33241891860962	1342430.0790464734	102.1977117061615	1341674.3606653523	
117.25711393356323	1342916.2593822656					95.44007611274719	1334938.9499305144									116.34483098983765	1342446.9034737556	102.21173810958862	1341680.4774640892	
117.29114508628845	1342886.8659649375					95.4534740447998	1334926.5795884558									116.35714316368103	1342450.9944285403	102.22587847709656	1341680.2520721746	
117.33377075195312	1342920.31769407					95.4667489528656	1335113.5859220999									116.37094402313232	1342383.0813845333	102.23938250541687	1341692.3516587315	
117.36405563354492	1342933.2716986965					95.48077154159546	1335120.020903107									116.38708209991455	1342380.4405958026	102.25456190109253	1342064.7341691758	
117.40859746932983	1342937.5802077695					95.49535036087036	1334462.2907144276									116.39864444732666	1342411.1498212626	102.27157282829285	1341966.659570317	
117.45151877403259	1342939.6061159438					95.50786542892456	1334491.3911542448									116.41116428375244	1342413.0032548257	102.28631711006165	1341971.9164736865	
117.48704409599304	1342953.0064362367					95.52238512039185	1334777.0295673527									116.42425012588501	1342415.2413089224	102.30174660682678	1341953.33051496	
117.52006602287292	1342955.300501562					95.53872585296631	1334443.4870439048									116.43758249282837	1342395.8765887776	102.31690454483032	1341954.4082707332	
117.55591750144958	1342951.160131059					95.55330419540405	1334426.2394287032									116.45078420639038	1342396.3252659724	102.33224701881409	1341893.910004592	
117.60596799850464	1342956.4877292162					95.56632328033447	1334426.2472446444									116.46494054794312	1342405.0371844834	102.34763622283936	1341938.384370545	
117.66039395332336	1342939.413452175					95.58084297180176	1334497.1355044271									116.4789571762085	1342391.0137848526	102.3617491722107	1341934.2331389997	
117.69893169403076	1342932.1392053328					95.59610557556152	1334494.0990744121									116.49348258972168	1342211.2208512672	102.37626338005066	1341877.324417991	
117.73800754547119	1342942.3744710807					95.60937738418579	1334495.6378562022									116.50752592086792	1342213.0046826995	102.39189600944519	1341878.0173488804	
117.78237414360046	1342879.0950997446					95.62389802932739	1335560.8949258693									116.52103185653687	1342215.5111963872	102.40531730651855	1341879.694349494	
117.8250823020935	1342888.6412989656					95.63941168785095	1335401.9980798755									116.53407573699951	1342209.2834594643	102.42171621322632	1341890.0362673174	
117.87726926803589	1342593.7373270702					95.65343141555786	1335407.0056548375									116.54763913154602	1342216.3466669838	102.44351887702942	1341886.7833848954	
117.91821026802063	1342593.4185462315					95.6707010269165	1335401.366302919									116.56117582321167	1342886.6681467746	102.46385645866394	1341897.310178572	
117.95849704742432	1342603.248464179					95.68522071838379	1335409.0604133522									116.57468509674072	1342901.43411587	102.48879408836365	1341897.1186311217	
118.00104022026062	1342587.8150922598					95.6996898651123	1335413.9016232286									116.58719635009766	1342897.7975736663	102.5098283290863	1341880.4338407735	
118.04473209381104	1342592.3354545615					95.71370482444763	1335418.8342160967									116.60191249847412	1342891.0242492743	102.53256440162659	1341873.728041189	
118.08076453208923	1342588.291935734					95.72772288322449	1335440.1018227993									116.61543107032776	1342534.586607591	102.55557751655579	1341541.5056990064	
118.1192889213562	1342587.8554367018					95.74424505233765	1335431.5755774113									116.62924551963806	1342541.4709268364	102.57564687728882	1341536.9892369723	
118.15796375274658	1342652.5356569993					95.759761095047	1335431.2690273344									116.64126181602478	1342549.8584724441	102.59668326377869	1341528.1525172335	
118.19699883460999	1342651.1363007615					95.77477979660034	1335484.9123648223									116.65627408027649	1342533.5328980773	102.61500835418701	1341527.8978191137	
118.23872494697571	1342651.6249417984					95.79100966453552	1335471.1052821637									116.66932940483093	1342549.2282509017	102.63152194023132	1341529.2380923086	
118.28026580810547	1342775.2289123742					95.8094711303711	1335472.4540977075									116.68316721916199	1342553.0472094684	102.64860916137695	1341551.4804225343	
118.3223078250885	1342767.1712360277					95.82298445701599	1335472.164758705									116.6963586807251	1342540.4506769131	102.66887879371643	1341552.2586102767	
118.3730046749115	1342758.0391049532					95.83699941635132	1335478.3846694573									116.70886945724487	1342540.4524901102	102.68645668029785	1341633.07682603	
118.41155171394348	1342743.9368835173					95.85352087020874	1335366.856381097									116.72238302230835	1342532.3144680746	102.70421385765076	1341663.2462258327	
118.45008540153503	1342744.3078606343					95.87079548835754	1335373.127521066									116.736248254776	1342662.9382733523	102.72623014450073	1341707.663648887	
118.49011826515198	1342732.0462086152					95.88831663131714	1335334.653109457									116.7490816116333	1342663.685019022	102.74825048446655	1341665.745538807	
118.52514481544495	1342861.8830620511					95.90332889556885	1335338.921287276									116.76359033584595	1342674.3312080319	102.76388621330261	1341644.3825528985	
118.5718092918396	1342798.252797856					95.9203429222107	1335336.5411569767									116.78360867500305	1342700.1341072528	102.77939033508301	1341656.296154528	
118.62222170829773	1342780.6057619439					95.93485999107361	1335340.358859067									116.80015325546265	1342733.42877527	102.79941248893738	1341652.2086123305	
118.67128610610962	1342736.6101322137					95.95136785507202	1335343.1855528953									116.81626582145691	1342749.593787114	102.81893348693848	1341656.7236228134	
118.71331739425659	1342738.9575043335					95.96639013290405	1335354.8986040882									116.83284139633179	1342759.074365933	102.8406171798706	1341579.4579198074	
118.75204062461853	1342748.7478756944					95.98290228843689	1335336.5397065177									116.84789800643921	1342763.7142773648	102.85938024520874	1341574.271279262	
118.79007029533386	1342745.9162550515					95.99769020080566	1335336.5036507272									116.86517524719238	1342755.4314434605	102.8809540271759	1341623.128792004	
118.82268762588501	1342740.6884814466					96.01556158065796	1335331.8848337187									116.8832573890686	1342756.3372765535	102.89919376373291	1341643.4833030163	
118.85570859909058	1342785.6104839582					96.03157806396484	1335313.330908186									116.8982801437378	1342757.636811187	102.91976308822632	1341620.4569110174	
118.89073371887207	1342795.4212909676					96.04809808731079	1335316.4722531522									116.9137933254242	1342763.645374364	102.94434547424316	1341631.728473313	
118.93338513374329	1342803.6315570078					96.06499171257019	1335314.327551116									116.92802000045776	1342756.6605940808	102.96394872665405	1341647.0882065182	
118.98009252548218	1342780.6760454453					96.08223843574524	1335312.773088978									116.94496560096741	1342765.1450453408	102.98846960067749	1341640.0626771098	
119.02033495903015	1342779.7972297906					96.09725403785706	1335332.2606565964									116.96199059486389	1342374.0355135729	103.01132369041443	1341648.621303725	
119.05639958381653	1342774.3036253154					96.11226534843445	1335337.957019674									116.97709059715271	1342361.9133917037	103.02883195877075	1341641.0656427443	
119.09645223617554	1342776.5034674876					96.12949085235596	1335336.6383826807									116.99359560012817	1342374.6651838485	103.04909610748291	1341667.1380056771	
119.14390707015991	1342768.9319115952					96.14763712882996	1335341.3461708555									117.00950360298157	1342369.5474581057	103.0691123008728	1341671.6710636064	
119.18696522712708	1342727.03902305					96.16270327568054	1335350.8775183547									117.024010181427	1342373.662999309	103.08798003196716	1341687.8948538399	
119.23014426231384	1342279.3658451652					96.17772197723389	1335367.530821009									117.04053616523743	1342384.390370773	103.10972619056702	1341684.8047462841	
119.273442029953	1342465.9817600567					96.19274663925171	1335360.7477949779									117.05683064460754	1342384.5435676905	103.12816786766052	1341689.0957564563	
119.31539940834045	1342469.8857432075					96.20876359939575	1335389.9055016513									117.07078576087952	1342384.5779290309	103.15119242668152	1341679.8120212879	
119.35891962051392	1342453.0070746476					96.22528290748596	1335394.555523416									117.08429431915283	1342377.1017190418	103.17070484161377	1341682.9049308929	
119.3933846950531	1342462.8555783287					96.24029660224915	1335399.7624417143									117.09993720054626	1342567.9986927006	103.18671441078186	1341671.473667686	
119.44310784339905	1342457.305270297					96.25550103187561	1335410.047736969									117.1135573387146	1342679.8850284924	103.20573854446411	1341679.7891314528	
119.48078989982605	1342536.4514111616					96.27117276191711	1335441.0521725395									117.12893915176392	1342583.8696782317	103.22255110740662	1341673.223886128	
119.52917265892029	1342538.0189113782					96.28869605064392	1335410.4474731744									117.14774346351624	1342564.7188323133	103.24076318740845	1341678.343416592	
119.57134628295898	1342527.9078725425					96.30421209335327	1335403.5924361672									117.16298866271973	1342560.0642834706	103.25756478309631	1341701.112219792	
119.6108729839325	1342518.2599219885					96.31972646713257	1335414.721045527									117.1790132522583	1342549.195950022	103.27278995513916	1341699.1828286939	
119.65808391571045	1342496.4124859604					96.33777141571045	1335352.8107067014									117.19754099845886	1342547.4870534989	103.29161977767944	1341707.444095007	
119.69513010978699	1342448.8739449938					96.3528003692627	1335351.4950288888									117.21380519866943	1342600.5455769217	103.30836987495422	1341730.8573395028	
119.74091029167175	1342795.996433596					96.36834478378296	1335361.6158765182									117.23082304000854	1342584.107804882	103.32588386535645	1341726.9255842457	
119.78155040740967	1342819.4813054127					96.38488411903381	1334168.520877374									117.24483799934387	1342548.646339412	103.34645557403564	1341794.280531556	
119.82263135910034	1342807.1239965707					96.40161299705505	1334177.1467247135									117.2610833644867	1342987.3325295188	103.36506676673889	1341823.170037949	
119.87204813957214	1342806.2789794374					96.4156482219696	1334196.01165354									117.27459239959717	1343003.5856853812	103.38413953781128	1341848.8045033424	
119.91540384292603	1342814.1663707036					96.4321711063385	1334226.598429532									117.29062628746033	1343007.5327959324	103.4074547290802	1342204.5845798277	
119.95304560661316	1342815.976492652					96.44746971130371	1334271.2276793243									117.30764675140381	1343015.9895955753	103.42506504058838	1342206.2732933331	
119.99655032157898	1342791.8682660218					96.4610288143158	1334274.7352310026									117.32429122924805	1343026.8740549583	103.44307732582092	1341858.070729947	
120.03724884986877	1342791.7741678874					96.47656583786011	1334297.1259459683									117.33882260322571	1343060.0865874684	103.46160626411438	1341844.4115474208	
